-16615	-850	174	218	-1193	50	-135	241	17	579	2895	579	69488530
-16571	-809	163	216	-1229	82	-137	244	16	580	2900	580	69488530
-16615	-799	94	245	-1254	111	-138	246	16	581	2905	581	69488531
-16639	-848	45	288	-1269	123	-131	246	15	582	2910	582	69488531
-16661	-856	-14	311	-1302	115	-126	246	14	583	2915	583	69488531
-16703	-870	96	304	-1336	96	-128	245	16	584	2920	584	69488532
-16736	-845	216	280	-1362	102	-129	245	17	585	2925	585	69488535
-16725	-811	225	252	-1380	127	-130	243	19	586	2930	586	69488549
-16720	-748	170	222	-1384	150	-131	239	21	587	2935	587	69488565
-16785	-652	160	209	-1388	167	-133	241	19	588	2940	588	69488566
-16826	-648	226	218	-1390	170	-135	243	17	589	2945	589	69488566
-16846	-650	337	225	-1394	159	-137	241	19	590	2950	590	69488566
-16900	-620	354	228	-1406	152	-138	240	20	591	2955	591	69488567
-16828	-603	406	225	-1403	158	-134	240	19	592	2960	592	69488567
-16804	-658	404	215	-1395	164	-132	240	18	593	2965	593	69488599
-16826	-719	453	199	-1382	167	-133	241	19	594	2970	594	69488621
-16754	-648	546	168	-1363	158	-134	242	20	595	2975	595	69488621
-16751	-568	490	133	-1342	144	-139	240	12	596	2980	596	69488622
-16777	-571	539	126	-1327	143	-141	239	9	597	2985	597	69488622
-16770	-640	595	141	-1299	147	-136	241	17	598	2990	598	69488622
-16768	-650	595	159	-1270	147	-132	242	22	599	2995	599	69488623
-16766	-536	604	147	-1248	129	-130	241	19	600	3000	600	69488627
-16762	-488	603	142	-1221	113	-129	241	17	601	3005	601	69488646
-16783	-491	591	174	-1198	106	-131	242	20	602	3010	602	69488657
-16794	-454	595	211	-1174	104	-132	242	22	603	3015	603	69488657
-16750	-437	632	265	-1150	107	-133	244	18	604	3020	604	69488657
-16808	-433	581	306	-1127	94	-133	245	17	605	3025	605	69488657
-16818	-461	452	356	-1096	91	-133	245	22	606	3030	606	69488657
-16797	-502	334	372	-1060	85	-133	245	23	607	3035	607	69488657
-16837	-580	402	358	-1042	55	-131	243	23	608	3040	608	69488657
-16814	-606	389	352	-1042	26	-131	243	23	609	3045	609	69488657
-16795	-589	469	332	-1034	22	-134	242	18	610	3050	610	69488662
-16792	-543	563	313	-1024	20	-135	241	15	611	3055	611	69488682
-16808	-481	592	292	-1016	14	-131	243	19	612	3060	612	69488694
-16801	-505	542	297	-994	0	-130	244	20	613	3065	613	69488694
-16816	-464	584	289	-980	-20	-135	249	20	614	3070	614	69488694
-16830	-422	568	312	-960	-38	-136	250	20	615	3075	615	69488694
-16792	-451	552	363	-939	-31	-139	245	18	616	3080	616	69488694
-16777	-513	492	411	-911	-43	-140	244	18	617	3085	617	69488694
-16851	-574	593	449	-877	-68	-133	243	20	618	3090	618	69488724
-16848	-476	646	464	-858	-95	-131	243	21	619	3095	619	69488732
-16900	-395	690	469	-854	-105	-134	241	24	620	3100	620	69488732
-16834	-446	558	550	-824	-116	-135	241	25	621	3105	621	69488733
-16820	-420	606	557	-813	-121	-137	245	15	622	3110	622	69488733
-16787	-435	576	566	-783	-128	-137	245	15	623	3115	623	69488733
-16794	-411	663	570	-769	-157	-133	244	17	624	3120	624	69488734
-16849	-385	739	580	-757	-183	-132	244	18	625	3125	625	69488734
-16880	-367	706	609	-735	-186	-134	242	17	626	3130	626	69488755
-16887	-382	609	707	-666	-218	-135	241	17	627	3135	627	69488760
-17010	-268	534	858	-580	-264	-133	243	18	628	3140	628	69488760
-17122	-272	424	1216	-360	-355	-132	244	18	629	3145	629	69488760
-17056	-284	444	1695	-55	-490	-134	244	16	630	3150	630	69488760
-17024	-322	562	2165	247	-642	-134	244	16	631	3155	631	69488760
-16982	-308	546	2528	464	-711	-135	237	25	632	3160	632	69488761
-16904	-440	664	2753	576	-745	-135	237	25	633	3165	633	69488798
-16942	-402	524	2887	671	-796	-134	244	18	634	3170	634	69488798
-17112	-439	247	3136	836	-847	-134	244	18	635	3175	635	69488798
-17082	-404	330	3459	1091	-945	-137	244	16	636	3180	636	69488798
-16944	-437	530	3645	1310	-1021	-138	244	16	637	3185	637	69488798
-16992	-456	370	3659	1464	-1035	-134	240	20	638	3190	638	69488798
-17126	-534	326	3529	1566	-1004	-134	240	20	639	3195	639	69488798
-17058	-520	274	3431	1748	-983	-136	246	14	640	3200	640	69488829
-16838	-624	392	3296	1895	-992	-136	246	14	641	3205	641	69488835
-16638	-592	442	3040	1908	-960	-133	239	13	642	3210	642	69488836
-16664	-618	348	2804	1836	-915	-133	239	13	643	3215	643	69488837
-16706	-576	396	2616	1787	-878	-137	249	11	644	3220	644	69488837
-16766	-526	608	2405	1671	-826	-137	249	11	645	3225	645	69488838
-16648	-593	625	2180	1446	-740	-132	244	12	646	3230	646	69488840
-16638	-621	492	1988	1240	-647	-133	244	13	647	3235	647	69488851
-16546	-666	410	1811	1067	-566	-135	241	15	648	3240	648	69488873
-16728	-738	214	1632	921	-508	-135	241	15	649	3245	649	69488873
-16906	-624	-378	1664	953	-518	-133	241	15	650	3250	650	69488874
-17542	-600	-1248	2064	1347	-609	-133	241	15	651	3255	651	69488874
-17822	-468	-1378	2817	2183	-883	-133	247	15	652	3260	652	69488874
-17292	-272	-606	3874	3101	-1219	-133	247	15	653	3265	653	69488874
-16487	-109	282	4828	3367	-1355	-134	240	8	654	3270	654	69488879
-16479	-141	-121	5431	3159	-1261	-134	240	8	655	3275	655	69488896
-16933	-280	-642	6056	3032	-1158	-132	242	10	656	3280	656	69488902
-16717	-412	-178	6426	3016	-1103	-132	242	8	657	3285	657	69488902
-16006	-463	520	6474	2695	-960	-130	244	-2	658	3290	658	69488903
-15874	-614	617	6324	2087	-711	-132	244	-2	659	3295	659	69488903
-16171	-832	487	5878	1491	-464	-140	244	0	660	3300	660	69488903
-16188	-882	454	5402	1081	-296	-140	244	0	661	3305	661	69488903
-16210	-966	220	4922	643	-126	-134	246	-2	662	3310	662	69488940
-16224	-1043	174	4272	220	19	-134	245	-1	663	3315	663	69488940
-16324	-1030	-45	3827	-71	95	-135	239	5	664	3320	664	69488941
-16420	-992	-31	3439	-320	180	-135	240	4	665	3325	665	69488941
-16499	-948	-122	3077	-540	257	-136	244	-2	666	3330	666	69488941
-16619	-816	-419	2977	-670	316	-136	245	-2	667	3335	667	69488945
-16658	-737	-374	3051	-715	408	-136	250	0	668	3340	668	69488964
-16480	-774	0	3089	-796	498	-136	249	-1	669	3345	669	69488971
-16379	-862	191	3028	-947	588	-137	247	-3	670	3350	670	69488971
-16444	-850	129	2823	-1132	641	-135	243	-1	671	3355	671	69488972
-16567	-841	107	2569	-1262	669	-131	237	3	672	3360	672	69488972
-16573	-797	0	2378	-1360	701	-131	239	3	673	3365	673	69488972
-16497	-762	-32	2217	-1465	722	-133	245	1	674	3370	674	69488974
-16443	-758	128	2069	-1602	753	-133	246	1	675	3375	675	69488986
-16369	-712	112	1908	-1759	774	-132	248	0	676	3380	676	69489012
-16375	-677	-112	1799	-1924	796	-133	247	0	677	3385	677	69489012
-16459	-677	-288	1713	-2056	846	-139	245	1	678	3390	678	69489013
-16394	-735	-414	1653	-2216	885	-138	244	1	679	3395	679	69489013
-16495	-931	-379	1638	-2398	934	-136	240	0	680	3400	680	69489013
-16458	-993	-114	1602	-2529	938	-135	240	3	681	3405	681	69489027
-16430	-867	86	1502	-2644	929	-133	239	7	682	3410	682	69489049
-16477	-737	208	1436	-2738	924	-134	240	4	683	3415	683	69489049
-16450	-626	418	1386	-2811	932	-135	241	-1	684	3420	684	69489050
-16410	-607	414	1336	-2891	950	-137	241	0	685	3425	685	69489050
-16438	-596	223	1296	-2981	954	-140	240	2	686	3430	686	69489050
-16462	-572	224	1199	-3109	952	-139	239	4	687	3435	687	69489051
-16444	-445	176	1033	-3274	964	-136	236	8	688	3440	688	69489051
-16410	-398	105	938	-3410	973	-134	237	6	689	3445	689	69489054
-16462	-323	106	920	-3573	1000	-132	238	2	690	3450	690	69489070
-16502	-272	192	912	-3768	1057	-134	240	2	691	3455	691	69489088
-16477	-403	197	933	-3987	1131	-137	243	1	692	3460	692	69489088
-16337	-555	6	941	-4218	1200	-137	239	1	693	3465	693	69489088
-16405	-672	-133	879	-4472	1260	-138	232	2	694	3470	694	69489088
-16914	-563	-348	822	-4720	1373	-138	236	3	695	3475	695	69489089
-16894	-476	-374	877	-4967	1638	-137	241	5	696	3480	696	69489092
-16415	-521	-101	987	-5257	1872	-138	242	8	697	3485	697	69489110
-16248	-656	-37	1049	-5537	2029	-139	243	11	698	3490	698	69489124
-16239	-964	-257	1028	-5815	2201	-140	242	9	699	3495	699	69489124
-16228	-1143	-395	863	-6086	2377	-142	240	6	700	3500	700	69489124
-16219	-1095	-269	608	-6381	2552	-143	240	8	701	3505	701	69489124
-16266	-1100	-111	429	-6674	2711	-144	240	10	702	3510	702	69489124
-16231	-1140	66	280	-6984	2854	-141	240	10	703	3515	703	69489124
-16283	-1231	22	108	-7341	3051	-136	240	10	704	3520	704	69489133
-16269	-1576	-167	-112	-7651	3285	-141	237	15	705	3525	705	69489154
-16242	-1762	-9	-392	-7910	3465	-145	235	19	706	3530	706	69489166
-16135	-1597	510	-768	-8181	3569	-144	232	21	707	3535	707	69489168
-16228	-1108	1247	-1243	-8461	3669	-144	230	22	708	3540	708	69489169
-16298	-689	1598	-1589	-8697	3847	-142	231	21	709	3545	709	69489169
-16238	-584	1519	-1794	-8898	4046	-140	232	20	710	3550	710	69489169
-16247	-462	1366	-2014	-9134	4200	-142	233	22	711	3555	711	69489170
-16371	-168	1243	-2244	-9485	4356	-145	235	25	712	3560	712	69489183
-16290	-167	1066	-2296	-9924	4581	-148	236	26	713	3565	713	69489193
-16118	-676	715	-2277	-10345	4772	-150	236	26	714	3570	714	69489193
-16146	-1057	510	-2428	-10781	4918	-151	231	23	715	3575	715	69489193
-16391	-886	867	-2882	-11191	5034	-151	227	21	716	3580	716	69489193
-16616	-172	1599	-3441	-11601	5152	-152	228	27	717	3585	717	69489193
-16695	537	2158	-3814	-11991	5383	-153	229	31	718	3590	718	69489193
-16543	610	2118	-3902	-12375	5735	-149	229	33	719	3595	719	69489199
-16260	203	1670	-3927	-12787	6052	-147	229	35	720	3600	720	69489242
-16183	300	1637	-4153	-13230	6202	-150	229	40	721	3605	721	69489268
-16332	899	2293	-4341	-13539	6227	-151	229	41	722	3610	722	69489268
-16502	1153	3073	-4407	-13792	6321	-151	228	43	723	3615	723	69489268
-16400	1070	3567	-4435	-14003	6401	-151	227	45	724	3620	724	69489269
-16228	327	3477	-4535	-14258	6372	-153	224	48	725	3625	725	69489282
-16425	1422	3489	-4835	-14498	6267	-154	222	50	726	3630	726	69489303
-16449	1630	3287	-4672	-14660	6364	-155	223	51	727	3635	727	69489311
-16415	1370	3061	-4300	-14836	6358	-155	223	51	728	3640	728	69489311
-16317	876	3176	-3995	-15060	6248	-157	218	55	729	3645	729	69489311
-16264	1003	3660	-3934	-15223	5950	-158	216	56	730	3650	730	69489311
-15913	305	4290	-3960	-15291	5623	-156	218	63	731	3655	731	69489311
-15956	1514	5246	-4180	-15283	5284	-155	219	65	732	3660	732	69489311
-15642	1858	5702	-3929	-15039	5228	-153	217	70	733	3665	733	69489311
-15354	1917	5730	-3550	-14733	5066	-153	217	71	734	3670	734	69489311
-15300	2001	5622	-3235	-14472	4827	-154	217	75	735	3675	735	69489312
-15116	2215	5861	-2844	-14120	4656	-155	217	77	736	3680	736	69489312
-14828	1703	6414	-2149	-13578	4428	-152	216	73	737	3685	737	69489312
-14777	1839	6944	-1763	-13001	4062	-151	215	71	738	3690	738	69489319
-14839	1737	7499	-1519	-12420	3874	-155	206	78	739	3695	739	69489321
-15075	2704	7838	-1533	-11789	3595	-156	204	80	740	3700	740	69489321
-15136	3358	7828	-1484	-11039	3447	-160	206	82	741	3705	741	69489347
-15060	3324	7122	-1270	-10281	3227	-161	207	83	742	3710	742	69489353
-15915	2224	5948	-1153	-9618	2887	-159	207	86	743	3715	743	69489353
-14467	3734	7652	-1446	-8848	2472	-159	207	87	744	3720	744	69489353
-14204	2360	6734	-1253	-8310	1921	-159	204	87	745	3725	745	69489353
-14758	1566	8868	-1942	-8251	1594	-159	203	87	746	3730	746	69489353
-14470	3056	10181	-2829	-7497	1342	-162	199	90	747	3735	747	69489353
-15410	4218	9921	-3760	-6397	709	-162	198	90	748	3740	748	69489360
-16311	7424	11064	-4195	-5274	37	-160	202	94	749	3745	749	69489380
-17415	8510	11827	-3573	-3910	-895	-159	203	95	750	3750	750	69489385
-19444	5900	11861	-2460	-2723	-1492	-160	204	96	751	3755	751	69489385
-21223	3967	10501	-2689	-1023	-1837	-160	204	96	752	3760	752	69489386
-22070	3449	9411	-3922	682	-2163	-154	203	92	753	3765	753	69489386
-23544	4382	10002	-5230	2537	-3274	-153	203	91	754	3770	754	69489387
-24318	1200	9828	-5205	4439	-4262	-156	202	98	755	3775	755	69489387
-24652	100	11182	-5934	6303	-5605	-156	202	98	756	3780	756	69489388
-25616	490	12012	-6755	8104	-7164	-160	206	88	757	3785	757	69489393
-25390	1760	12132	-6408	10179	-8853	-160	206	88	758	3790	758	69489421
-26910	4116	11744	-4542	11831	-10663	-155	207	91	759	3795	759	69489422
-28535	6503	12234	-2413	13439	-11731	-155	207	91	760	3800	760	69489422
-31954	8692	11503	247	14893	-12426	-152	215	85	761	3805	761	69489422
-32760	9563	8632	3240	16887	-13096	-151	217	83	762	3810	762	69489423
-32768	9682	4872	5916	19322	-13277	-149	217	85	763	3815	763	69489423
-32768	8130	2204	8090	21103	-12990	-149	217	85	764	3820	764	69489423
-32768	6350	-752	10022	22603	-12730	-148	218	80	765	3825	765	69489439
-32768	4708	-3760	11140	24061	-11581	-148	218	80	766	3830	766	69489459
-32768	2662	-6586	11148	26038	-9820	-145	223	71	767	3835	767	69489459
-32768	3632	-6780	10297	28426	-8672	-145	223	71	768	3840	768	69489459
-32768	3392	-9620	11112	29554	-7735	-142	228	64	769	3845	769	69489459
-32768	332	-12190	12714	30019	-6627	-142	228	64	770	3850	770	69489459
-32681	-1586	-14649	13961	30415	-6137	-145	225	57	771	3855	771	69489464
-32244	-2016	-15432	14448	31062	-6093	-145	225	57	772	3860	772	69489488
-28110	-2706	-15214	14747	31940	-6206	-138	226	46	773	3865	773	69489497
-19008	-4330	-14556	14588	32513	-7094	-138	226	46	774	3870	774	69489497
-8852	-4866	-13742	13386	32513	-8133	-148	216	30	775	3875	775	69489498
-6248	-3978	-9084	12009	32767	-8906	-148	216	30	776	3880	776	69489498
-9778	-4	-6002	10841	32767	-9048	-143	225	25	777	3885	777	69489499
-15956	4982	1694	8150	32767	-7716	-143	225	25	778	3890	778	69489499
-17586	4164	14147	4150	32049	-4778	-137	223	19	779	3895	779	69489510
-17356	2468	20392	1771	28685	-3269	-138	222	17	780	3900	780	69489534
-16237	1448	23340	569	24652	-1085	-141	219	9	781	3905	781	69489535
-7463	2436	29505	364	20606	-75	-140	219	8	782	3910	782	69489535
262	-858	32519	1790	16048	887	-135	217	5	783	3915	783	69489535
4611	-3606	31735	2703	12007	1758	-136	218	5	784	3920	784	69489535
6304	2974	32767	2234	9553	1625	-142	220	6	785	3925	785	69489536
-23054	1498	27318	3791	4921	605	-142	220	6	786	3930	786	69489536
-4022	-1142	8762	4440	3952	331	-141	209	3	787	3935	787	69489562
-1992	4026	2168	4218	2289	1815	-141	211	3	788	3940	788	69489571
-2101	6241	4970	5043	1324	1976	-143	219	3	789	3945	789	69489571
-4470	6006	7857	7177	464	2423	-142	217	3	790	3950	790	69489571
-4758	3538	10979	8877	-370	2325	-139	211	1	791	3955	791	69489572
-3326	790	12032	10157	-1274	1852	-139	211	0	792	3960	792	69489572
-2380	-1502	10598	10792	-2129	1167	-137	209	-3	793	3965	793	69489574
-1964	-2310	7734	10430	-2762	493	-138	209	-2	794	3970	794	69489584
-2258	-1545	5049	9470	-3252	109	-141	207	1	795	3975	795	69489602
-2570	-787	3249	8701	-3633	211	-140	207	1	796	3980	796	69489602
-2530	-863	2525	8377	-3868	521	-138	206	2	797	3985	797	69489602
-2260	-2054	2053	8366	-4069	950	-138	206	2	798	3990	798	69489602
-1703	-3381	2026	8139	-4180	1184	-140	206	0	799	3995	799	69489603
-1183	-4048	1971	7256	-4249	1130	-141	206	0	800	4000	800	69489603
-929	-3952	1819	5920	-4306	932	-144	206	-2	801	4005	801	69489610
-748	-3243	1428	4260	-4352	706	-143	206	-2	802	4010	802	69489639
-658	-2165	851	2590	-4351	543	-139	207	-3	803	4015	803	69489639
-572	-1173	385	1073	-4329	452	-141	207	-2	804	4020	804	69489640
-484	-396	-211	-225	-4293	450	-145	207	1	805	4025	805	69489640
-257	131	-575	-1159	-4246	491	-145	208	-1	806	4030	806	69489640
38	526	-913	-1979	-4177	602	-145	209	-5	807	4035	807	69489640
362	821	-1255	-2677	-4075	803	-142	207	-5	808	4040	808	69489645
689	1087	-1336	-3164	-3986	1025	-138	204	-4	809	4045	809	69489666
927	1331	-1200	-3443	-3904	1238	-140	204	-4	810	4050	810	69489695
869	1402	-873	-3422	-3854	1414	-146	204	-2	811	4055	811	69489696
550	1396	176	-3130	-3924	1459	-146	203	-1	812	4060	812	69489696
493	842	1114	-2838	-4125	1468	-147	201	1	813	4065	813	69489705
363	297	1530	-2796	-4417	1455	-146	202	1	814	4070	814	69489718
165	162	1642	-2944	-4735	1443	-144	204	0	815	4075	815	69489718
14	74	1518	-3092	-5019	1453	-144	207	-1	816	4080	816	69489718
-68	-140	1193	-3234	-5278	1494	-144	212	-2	817	4085	817	69489718
69	-295	635	-3605	-5510	1602	-143	210	0	818	4090	818	69489718
342	-424	305	-4101	-5683	1742	-142	208	2	819	4095	819	69489718
360	-877	-48	-4473	-5798	1826	-145	211	3	820	4100	820	69489722
325	-1200	-628	-4929	-5867	1866	-149	215	5	821	4105	821	69489742
670	-1353	-974	-5371	-5881	1886	-152	212	6	822	4110	822	69489757
1033	-1654	-1034	-5559	-5861	1855	-154	208	6	823	4115	823	69489757
4369	-1849	5847	-5462	-5888	1684	-153	210	8	824	4120	824	69489757
-994	899	22779	-5944	-7004	476	-151	213	11	825	4125	825	69489757
-20621	9683	32767	-7917	-11109	-2090	-149	215	10	826	4130	826	69489757
-25876	23306	32767	-18786	-19949	-3445	-147	219	9	827	4135	827	69489757
-20533	31027	32767	-32768	-29596	779	-148	218	12	828	4140	828	69489757
-22471	-2176	-1	-16754	-32768	15851	-150	216	16	829	4145	829	69489757
-31362	-29253	-24601	-9455	-30032	17289	-154	213	25	830	4150	830	69489776
-32768	-9226	-27323	-7791	-28163	3067	-157	211	31	831	4155	831	69489793
-32768	-2850	-32768	2448	-26182	422	-157	213	33	832	4160	832	69489797
-31023	-17267	-32768	7709	-24262	3662	-157	215	35	833	4165	833	69489797
-23886	-18921	-24440	4578	-23533	4050	-157	218	39	834	4170	834	69489797
-18077	-6800	-11377	-2736	-22918	2345	-157	221	43	835	4175	835	69489797
-21210	1381	-4156	-7018	-22653	217	-160	219	46	836	4180	836	69489797
-29154	-6922	-4865	-5317	-22279	992	-164	216	50	837	4185	837	69489797
-32768	-17754	-6092	-3014	-20967	1833	-160	219	53	838	4190	838	69489811
-32768	-16954	-4736	-3344	-21162	924	-157	221	55	839	4195	839	69489829
-32768	-4045	-4406	-6979	-21065	-234	-157	223	57	840	4200	840	69489834
-32768	6839	-3017	-10091	-18004	1724	-157	225	59	841	4205	841	69489834
-32216	7915	-3471	-8609	-15063	4574	-153	221	60	842	4210	842	69489834
-32400	1679	-8201	-6121	-14206	6040	-151	219	61	843	4215	843	69489834
-32768	5504	-8332	-6036	-14554	7131	-153	221	67	844	4220	844	69489834
-32768	13128	-7369	-6170	-14104	9294	-155	223	71	845	4225	845	69489834
-32768	11993	-6778	-5698	-12960	10463	-155	218	73	846	4230	846	69489841
-32768	5551	-3524	-4952	-13504	9758	-155	215	75	847	4235	847	69489870
-32053	-499	1936	-4783	-14628	8758	-158	212	76	848	4240	848	69489887
-28031	-1489	9018	-6445	-14309	7729	-160	210	76	849	4245	849	69489889
-23278	1287	13371	-7638	-12694	7059	-162	213	81	850	4250	850	69489889
-20042	4664	13570	-6957	-10059	6692	-163	215	85	851	4255	851	69489889
-15934	6994	13344	-5358	-7467	6269	-161	212	87	852	4260	852	69489889
-12503	6799	13497	-2811	-5505	5267	-160	210	88	853	4265	853	69489889
-9539	6564	14664	-653	-3949	3749	-159	206	90	854	4270	854	69489892
-8015	6647	15810	8	-2661	2826	-158	204	90	855	4275	855	69489907
-8013	7494	15958	137	-1045	2015	-157	211	84	856	4280	856	69489910
-6623	8172	14726	201	629	1264	-157	213	83	857	4285	857	69489910
-7660	8718	14282	562	1833	348	-159	213	89	858	4290	858	69489910
-8889	6895	12949	1432	2889	-659	-159	213	91	859	4295	859	69489910
-9822	4833	11320	1879	3999	-1628	-161	210	89	860	4300	860	69489910
-10642	4265	10299	1459	4941	-2375	-162	208	88	861	4305	861	69489910
-12213	4289	9753	910	5846	-3037	-159	208	85	862	4310	862	69489935
-12902	3671	8438	530	6770	-3367	-158	208	84	863	4315	863	69489943
-13632	3706	7420	-48	7352	-3488	-156	212	85	864	4320	864	69489943
-14993	4189	6344	-568	7802	-3668	-155	213	85	865	4325	865	69489944
-16850	4415	5581	-771	8099	-3855	-157	209	86	866	4330	866	69489944
-17968	4490	4980	-729	8298	-4085	-158	208	86	867	4335	867	69489944
-19296	5296	4533	-508	8412	-4227	-158	214	80	868	4340	868	69489944
-20230	4656	3829	143	8397	-3863	-158	216	78	869	4345	869	69489958
-20827	3380	2416	960	8354	-3950	-156	216	76	870	4350	870	69489976
-20734	2096	2342	1092	8209	-4107	-156	216	76	871	4355	871	69489980
-19937	378	2445	1208	7831	-4349	-155	215	77	872	4360	872	69489980
-18819	-534	2578	960	7456	-4583	-155	215	77	873	4365	873	69489980
-17796	-673	3130	358	7010	-4653	-154	217	75	874	4370	874	69489980
-17016	-492	3689	-101	6607	-4573	-154	218	74	875	4375	875	69489981
-16387	124	4047	-328	6368	-4470	-153	217	68	876	4380	876	69490003
-16016	680	4372	-291	6190	-4375	-153	217	67	877	4385	877	69490020
-15680	1334	4649	-15	6001	-4280	-155	222	65	878	4390	878	69490023
-15116	1538	4564	576	5779	-4170	-155	223	65	879	4395	879	69490024
-14718	1452	4488	1049	5534	-3995	-151	215	69	880	4400	880	69490024
-14504	1042	4654	1312	5351	-3762	-151	215	69	881	4405	881	69490024
-14248	800	4632	1458	5220	-3533	-152	222	66	882	4410	882	69490024
-14122	576	4792	1337	5105	-3168	-152	222	66	883	4415	883	69490025
-13950	554	4907	1190	5064	-2908	-153	225	64	884	4420	884	69490050
-13863	476	5063	1037	5013	-2604	-153	225	63	885	4425	885	69490055
-13936	388	5091	885	4984	-2303	-150	227	68	886	4430	886	69490055
-14328	434	4956	765	4930	-1917	-149	227	69	887	4435	887	69490055
-14564	276	4556	738	4855	-1404	-153	225	65	888	4440	888	69490055
-15094	-88	4182	606	4729	-1062	-153	225	65	889	4445	889	69490055
-15716	-442	3900	403	4594	-855	-149	229	61	890	4450	890	69490055
-15866	-800	3406	235	4497	-658	-149	229	61	891	4455	891	69490094
-16352	-936	3284	-98	4379	-475	-148	222	60	892	4460	892	69490095
-16734	-792	3078	-471	4222	-392	-148	222	60	893	4465	893	69490095
-16837	-762	2991	-683	4091	-310	-150	224	60	894	4470	894	69490096
-16940	-732	2904	-894	3960	-227	-151	225	59	895	4475	895	69490096
-16994	-149	3251	-1240	3784	-281	-149	223	57	896	4480	896	69490096
-17116	266	3474	-1444	3738	-288	-149	223	57	897	4485	897	69490096
-17224	756	3650	-1517	3669	-331	-150	224	54	898	4490	898	69490100
-17236	1372	3364	-1495	3649	-413	-150	224	54	899	4495	899	69490130
-17368	1846	3080	-1381	3612	-556	-148	226	54	900	4500	900	69490131
-17416	2020	2976	-1170	3544	-745	-148	226	54	901	4505	901	69490131
-17514	1636	2632	-838	3423	-972	-150	230	56	902	4510	902	69490131
-17484	1118	2342	-631	3347	-1176	-150	230	56	903	4515	903	69490132
-17515	790	2469	-561	3230	-1432	-151	229	57	904	4520	904	69490132
-17618	646	2814	-679	3192	-1615	-151	229	56	905	4525	905	69490139
-17656	1007	3145	-870	3229	-1783	-150	230	54	906	4530	906	69490169
-17744	1494	3448	-997	3363	-1911	-151	229	53	907	4535	907	69490169
-17564	1738	3674	-1062	3541	-1991	-153	227	51	908	4540	908	69490169
-17344	2120	3636	-1057	3722	-2099	-153	227	51	909	4545	909	69490169
-17504	2180	3418	-985	3911	-2248	-150	228	46	910	4550	910	69490169
-17706	1948	2786	-813	4141	-2333	-150	228	46	911	4555	911	69490169
-17896	1408	2448	-414	4527	-2459	-149	235	53	912	4560	912	69490169
-17832	975	2788	45	5340	-2694	-149	234	52	913	4565	913	69490186
-17728	864	2799	204	6209	-2778	-150	228	50	914	4570	914	69490219
-17604	761	2596	103	7104	-2654	-150	228	50	915	4575	915	69490219
-17551	702	2120	-191	8110	-2518	-148	228	48	916	4580	916	69490220
-17743	446	1202	-207	9282	-2469	-147	229	47	917	4585	917	69490220
-18290	214	-322	366	10931	-2663	-145	231	45	918	4590	918	69490220
-19074	-94	-1972	1782	13423	-3263	-146	231	43	919	4595	919	69490220
-19088	-124	-1698	3822	16550	-4210	-148	230	34	920	4600	920	69490220
-16982	1003	2010	5691	18505	-4951	-147	232	34	921	4605	921	69490223
-13700	3132	7068	7505	16914	-4596	-145	239	33	922	4610	922	69490235
-12556	4293	8623	9854	12213	-2750	-145	238	33	923	4615	923	69490237
-13999	2894	6045	11930	8713	-360	-143	235	33	924	4620	924	69490237
-15090	984	4011	13159	7424	828	-144	235	32	925	4625	925	69490238
-15493	978	2530	13690	6408	1226	-146	236	26	926	4630	926	69490238
-15658	1430	2918	14950	5627	1693	-146	236	26	927	4635	927	69490238
-15489	673	3775	15979	4767	2222	-144	238	28	928	4640	928	69490240
-15319	-457	3752	15484	4089	2474	-145	238	26	929	4645	929	69490255
-15446	-1310	3840	13565	3376	2303	-148	236	18	930	4650	930	69490280
-15766	-686	3859	12229	2817	1811	-148	234	16	931	4655	931	69490280
-15997	337	4406	11559	2181	1444	-148	232	14	932	4660	932	69490281
-16119	372	4443	11034	1529	1289	-149	231	15	933	4665	933	69490281
-16273	-340	4182	10216	1021	1191	-150	228	16	934	4670	934	69490281
-16902	-1092	3760	8264	675	898	-151	230	15	935	4675	935	69490282
-17662	-1378	2113	5681	520	596	-153	237	13	936	4680	936	69490293
-17930	291	472	2833	514	585	-152	235	11	937	4685	937	69490315
-17918	1152	-179	1173	482	840	-150	228	6	938	4690	938	69490315
-17756	974	-284	820	394	942	-150	231	7	939	4695	939	69490315
-17417	556	175	594	249	831	-149	235	9	940	4700	940	69490315
-17235	159	280	348	53	531	-150	233	9	941	4705	941	69490327
-16639	-454	-245	187	-103	145	-151	231	9	942	4710	942	69490345
-16841	-1198	-777	-22	-185	-252	-152	235	7	943	4715	943	69490346
-16984	-1427	-912	-342	-248	-668	-153	241	5	944	4720	944	69490346
-16848	-500	-1094	-694	-305	-862	-153	237	9	945	4725	945	69490346
-16641	565	-1301	-846	-276	-612	-154	232	16	946	4730	946	69490346
-16337	801	-1824	-504	-165	-416	-152	233	11	947	4735	947	69490347
-16055	573	-2290	58	-37	-445	-150	234	4	948	4740	948	69490362
-15810	182	-2249	563	84	-643	-150	234	4	949	4745	949	69490387
-15534	33	-1818	1153	173	-1037	-151	233	5	950	4750	950	69490390
-15063	150	-2101	1800	257	-1571	-151	233	6	951	4755	951	69490390
-14573	51	-3671	1807	523	-2014	-151	233	7	952	4760	952	69490390
-14586	-37	-5058	1080	1061	-2304	-151	233	6	953	4765	953	69490392
-15338	466	-4326	898	1518	-2559	-152	234	4	954	4770	954	69490393
-16059	1272	-1197	1750	1510	-2703	-153	235	5	955	4775	955	69490393
-16277	1547	958	2814	1405	-2706	-153	235	5	956	4780	956	69490409
-16362	891	1056	3690	1400	-2577	-151	237	8	957	4785	957	69490420
-16848	-701	751	4246	1451	-2642	-150	238	10	958	4790	958	69490420
-17159	-1893	599	4499	1455	-2987	-150	235	10	959	4795	959	69490420
-16912	-2120	251	4217	1394	-3326	-149	231	9	960	4800	960	69490420
-16886	-2413	-4	3443	1394	-3472	-151	232	7	961	4805	961	69490420
-17086	-2698	53	2371	1494	-3727	-153	233	3	962	4810	962	69490421
-17287	-3169	1251	883	1545	-3918	-148	236	2	963	4815	963	69490426
-17217	-2750	2902	-1044	1433	-4099	-144	238	2	964	4820	964	69490443
-17246	-1048	4064	-3304	1191	-4169	-148	235	5	965	4825	965	69490453
-17684	1130	4134	-5196	977	-3940	-151	233	7	966	4830	966	69490453
-17866	2304	3614	-5983	927	-3407	-150	234	3	967	4835	967	69490453
-17500	1978	3032	-5771	928	-2918	-149	235	1	968	4840	968	69490454
-16935	986	2556	-5313	830	-2739	-147	234	1	969	4845	969	69490454
-16464	344	2126	-5104	619	-2806	-145	233	1	970	4850	970	69490454
-16355	492	1631	-5191	352	-2903	-144	235	3	971	4855	971	69490468
-16470	912	1190	-5361	80	-2868	-144	236	4	972	4860	972	69490485
-16561	1050	1132	-5331	-173	-2700	-146	235	6	973	4865	973	69490489
-16598	878	1443	-5110	-449	-2531	-147	235	7	974	4870	974	69490489
-16540	509	1553	-4897	-776	-2400	-148	239	6	975	4875	975	69490490
-16509	110	1250	-4932	-1101	-2219	-149	241	5	976	4880	976	69490490
-16542	-276	771	-5224	-1397	-1932	-144	242	7	977	4885	977	69490490
-16576	-474	504	-5708	-1700	-1588	-140	242	8	978	4890	978	69490490
-16519	-584	559	-6329	-2079	-1221	-141	238	10	979	4895	979	69490536
-16378	-582	918	-6790	-2422	-949	-141	237	11	980	4900	980	69490572
-16478	-422	1011	-7164	-2761	-730	-145	239	13	981	4905	981	69490578
-16523	-222	1025	-7445	-3014	-495	-146	240	14	982	4910	982	69490578
-16537	-114	993	-7561	-3185	-268	-143	241	11	983	4915	983	69490578
-16577	21	923	-7560	-3355	-81	-142	242	10	984	4920	984	69490578
-16691	208	925	-7383	-3494	20	-142	242	11	985	4925	985	69490578
-16891	361	927	-6978	-3553	99	-142	242	12	986	4930	986	69490583
-17392	709	302	-6036	-3368	144	-143	243	13	987	4935	987	69490612
-17970	790	-184	-4268	-2617	-51	-143	243	13	988	4940	988	69490621
-17781	621	362	-2694	-1664	-253	-139	244	14	989	4945	989	69490621
-17629	599	90	-1362	-852	-464	-138	244	14	990	4950	990	69490622
-18042	393	-317	34	173	-706	-140	246	16	991	4955	991	69490622
-17676	223	408	1118	1269	-1031	-141	247	17	992	4960	992	69490622
-16852	332	1195	1779	1863	-1232	-141	237	19	993	4965	993	69490623
-16630	320	1296	2161	1979	-1258	-141	235	19	994	4970	994	69490624
-16781	100	1154	2349	1942	-1214	-139	236	13	995	4975	995	69490624
-16649	-6	1074	2356	1837	-1157	-138	236	12	996	4980	996	69490625
-16502	-124	1027	2268	1624	-1071	-140	236	17	997	4985	997	69490626
-16652	-193	722	2128	1367	-991	-140	236	18	998	4990	998	69490626
-17008	-305	331	2169	1288	-994	-139	238	16	999	4995	999	69490626
-16856	-365	490	2285	1391	-1069	-139	239	15	1000	5000	1000	69490628
-16494	-305	932	2245	1372	-1080	-143	238	14	1001	5005	1001	69490629
-16503	-286	830	2223	1195	-1023	-144	238	14	1002	5010	1002	69490635
-17002	-172	162	2452	1142	-1007	-143	239	15	1003	5015	1003	69490652
-17382	-176	-108	3426	1538	-1213	-143	239	15	1004	5020	1004	69490656
-16710	-28	708	4022	1809	-1320	-144	240	12	1005	5025	1005	69490656
-16158	-70	1004	4240	1626	-1247	-144	240	12	1006	5030	1006	69490656
-16230	-318	978	4161	1272	-1076	-139	245	11	1007	5035	1007	69490657
-16452	-410	730	3865	982	-947	-139	245	11	1008	5040	1008	69490657
-16611	-447	386	3731	779	-857	-141	242	8	1009	5045	1009	69490657
-16603	-484	467	3691	675	-793	-141	241	7	1010	5050	1010	69490657
-16338	-386	882	3503	524	-744	-141	244	7	1011	5055	1011	69490679
-16308	-357	923	3321	276	-666	-141	245	7	1012	5060	1012	69490699
-16566	-474	710	3184	15	-575	-142	242	6	1013	5065	1013	69490702
-16542	-544	804	2994	-105	-524	-142	242	6	1014	5070	1014	69490702
-16434	-404	888	2644	-256	-489	-142	242	10	1015	5075	1015	69490702
-16466	-332	868	2324	-473	-444	-142	242	10	1016	5080	1016	69490702
-16604	-262	804	2060	-612	-392	-139	243	13	1017	5085	1017	69490703
-16736	-98	416	1984	-646	-392	-139	243	13	1018	5090	1018	69490704
-17042	88	104	2309	-497	-488	-137	239	7	1019	5095	1019	69490742
-16930	280	656	2900	-268	-552	-137	239	7	1020	5100	1020	69490742
-16554	296	1208	3218	-252	-550	-139	239	13	1021	5105	1021	69490742
-16614	30	1054	3427	-379	-502	-139	239	13	1022	5110	1022	69490742
-16894	-298	830	3313	-442	-489	-143	241	7	1023	5115	1023	69490743
-16836	-244	772	2947	-509	-466	-143	241	7	1024	5120	1024	69490743
-16816	-276	774	2653	-615	-452	-144	244	8	1025	5125	1025	69490743
-16770	-334	568	2435	-718	-416	-144	244	8	1026	5130	1026	69490811
-16650	-504	584	2187	-798	-389	-144	240	6	1027	5135	1027	69490812
-16720	-496	456	2094	-841	-396	-144	240	6	1028	5140	1028	69490813
-16718	-413	606	1950	-878	-392	-145	241	7	1029	5145	1029	69490813
-16693	-370	735	1783	-913	-366	-144	242	8	1030	5150	1030	69490814
-16766	-392	421	1790	-922	-354	-140	244	12	1031	5155	1031	69490815
-16988	-285	246	1957	-825	-375	-140	244	12	1032	5160	1032	69490821
-17016	-160	474	2189	-647	-427	-139	241	11	1033	5165	1033	69490821
-16812	72	1210	2376	-532	-452	-139	241	11	1034	5170	1034	69490821
-16922	12	1030	2553	-555	-425	-145	245	1	1035	5175	1035	69490821
-17072	-92	550	2707	-464	-396	-145	245	1	1036	5180	1036	69490849
-16866	-158	656	2868	-342	-346	-140	240	2	1037	5185	1037	69490849
-16694	-35	1093	2986	-362	-353	-140	240	1	1038	5190	1038	69490849
-16749	-106	938	3033	-442	-339	-140	238	-2	1039	5195	1039	69490850
-16767	-216	619	2955	-487	-311	-141	239	0	1040	5200	1040	69490850
-16720	-364	664	2772	-528	-271	-143	241	9	1041	5205	1041	69490850
-16685	-336	838	2534	-578	-284	-143	243	8	1042	5210	1042	69490850
-16737	-239	1010	2315	-603	-334	-144	250	2	1043	5215	1043	69490850
-16908	-59	1032	2277	-604	-359	-144	248	2	1044	5220	1044	69490850
-16905	6	928	2362	-553	-357	-146	240	4	1045	5225	1045	69490850
-16792	-115	1035	2384	-538	-321	-145	240	5	1046	5230	1046	69490850
-16753	-172	862	2340	-583	-311	-139	241	9	1047	5235	1047	69490850
-16780	-266	654	2207	-637	-314	-139	240	8	1048	5240	1048	69490851
-16756	-160	660	2032	-685	-333	-138	238	4	1049	5245	1049	69490857
-16673	-182	751	1925	-745	-320	-139	239	4	1050	5250	1050	69490859
-16687	-348	604	1878	-818	-306	-142	242	4	1051	5255	1051	69490871
-16676	-520	636	1777	-886	-290	-143	241	2	1052	5260	1052	69490889
-16637	-503	894	1496	-931	-289	-145	239	-5	1053	5265	1053	69490889
-16722	-272	907	1157	-981	-316	-143	240	-4	1054	5270	1054	69490890
-16799	-238	862	864	-1000	-305	-136	242	0	1055	5275	1055	69490891
-16812	-123	881	696	-1001	-297	-138	242	0	1056	5280	1056	69490892
-16800	31	1025	604	-1010	-315	-142	242	0	1057	5285	1057	69490892
-16841	101	1113	543	-1023	-344	-141	242	1	1058	5290	1058	69490892
-16840	124	1079	469	-1039	-373	-136	240	4	1059	5295	1059	69490893
-16824	104	1058	348	-1043	-382	-137	240	4	1060	5300	1060	69490897
-16822	-61	932	230	-1076	-365	-140	242	4	1061	5305	1061	69490919
-16768	-151	789	107	-1130	-348	-140	242	3	1062	5310	1062	69490934
-16711	-254	742	-33	-1209	-341	-141	241	1	1063	5315	1063	69490935
-16663	-251	812	-169	-1289	-336	-142	243	3	1064	5320	1064	69490935
-16642	-284	739	-289	-1369	-312	-144	246	6	1065	5325	1065	69490935
-16580	-406	550	-377	-1447	-275	-142	245	4	1066	5330	1066	69490943
-16523	-484	549	-431	-1509	-239	-140	244	0	1067	5335	1067	69490961
-16506	-310	796	-481	-1556	-237	-139	244	2	1068	5340	1068	69490972
-16562	-21	1195	-513	-1579	-278	-138	244	6	1069	5345	1069	69490972
-16714	209	1389	-509	-1570	-314	-138	242	4	1070	5350	1070	69490972
-16845	258	1478	-489	-1517	-326	-139	239	1	1071	5355	1071	69490972
-16899	163	1476	-503	-1438	-343	-140	242	4	1072	5360	1072	69490973
-16924	-27	1386	-545	-1365	-348	-142	246	8	1073	5365	1073	69490973
-16888	-140	1280	-646	-1342	-336	-141	245	6	1074	5370	1074	69490984
-16815	-216	1204	-765	-1365	-320	-139	243	3	1075	5375	1075	69491009
-16716	-259	1157	-866	-1421	-271	-140	243	5	1076	5380	1076	69491033
-16632	-362	968	-936	-1512	-178	-142	244	8	1077	5385	1077	69491049
-16542	-511	886	-1041	-1633	-83	-143	242	9	1078	5390	1078	69491050
-16508	-553	974	-1223	-1775	7	-144	240	10	1079	5395	1079	69491051
-16611	-312	1240	-1446	-1915	89	-142	240	9	1080	5400	1080	69491051
-16645	-39	1356	-1624	-2025	170	-140	240	8	1081	5405	1081	69491052
-16695	65	1174	-1697	-2118	266	-143	240	8	1082	5410	1082	69491054
-16812	-6	667	-1597	-2177	370	-146	240	8	1083	5415	1083	69491054
-16834	-254	-9	-1204	-2192	436	-142	240	10	1084	5420	1084	69491054
-16622	-531	-168	-620	-2192	391	-137	239	13	1085	5425	1085	69491054
-16354	-603	333	-127	-2225	265	-140	243	15	1086	5430	1086	69491055
-16332	-385	1115	142	-2326	136	-145	249	17	1087	5435	1087	69491055
-16569	-56	1693	216	-2388	95	-143	242	13	1088	5440	1088	69491055
-16804	82	1784	225	-2364	138	-141	237	11	1089	5445	1089	69491073
-16957	-27	1372	272	-2273	227	-142	243	13	1090	5450	1090	69491085
-17008	-205	874	493	-2108	258	-143	247	15	1091	5455	1091	69491085
-17010	-237	832	863	-1883	147	-143	239	8	1092	5460	1092	69491085
-16990	-176	1102	1281	-1650	-32	-143	233	3	1093	5465	1093	69491085
-17019	-193	1173	1683	-1475	-146	-140	237	9	1094	5470	1094	69491085
