-16289	1348	2874	-423	-2891	665	-156	226	36	2895	14475	2895	69500083
-16404	1257	3202	-363	-2922	687	-158	231	39	2896	14480	2896	69500099
-16605	1252	3242	-96	-2867	668	-158	232	40	2897	14485	2897	69500112
-16735	1344	3122	178	-2786	623	-160	234	40	2898	14490	2898	69500114
-16864	1588	2959	386	-2713	567	-160	234	40	2899	14495	2899	69500115
-16834	1618	2768	616	-2687	539	-160	231	43	2900	14500	2900	69500115
-16633	1540	2459	913	-2696	510	-160	230	44	2901	14505	2901	69500116
-16399	1156	2322	1120	-2779	528	-158	229	43	2902	14510	2902	69500116
-16322	1070	2627	1098	-2899	549	-157	229	43	2903	14515	2903	69500116
-16422	1208	2930	904	-3043	565	-162	224	36	2904	14520	2904	69500151
-16630	1364	3160	816	-3100	625	-162	224	36	2905	14525	2905	69500152
-16512	1240	2996	959	-3110	656	-159	225	45	2906	14530	2906	69500152
-16384	1085	2936	1196	-3093	567	-159	225	45	2907	14535	2907	69500152
-16321	1624	3287	1279	-3071	392	-156	227	42	2908	14540	2908	69500152
-16499	1836	3607	1419	-3096	383	-155	227	41	2909	14545	2909	69500153
-16445	1640	3317	1694	-3066	432	-159	228	43	2910	14550	2910	69500153
-16351	1172	3115	1816	-3107	517	-160	228	44	2911	14555	2911	69500183
-16294	1094	3384	1710	-3205	622	-158	230	43	2912	14560	2912	69500191
-16268	1220	3544	1492	-3300	691	-157	231	43	2913	14565	2913	69500191
-16424	1304	3766	1313	-3342	787	-158	228	44	2914	14570	2914	69500191
-16292	1578	3822	1207	-3328	890	-158	228	44	2915	14575	2915	69500191
-16328	1626	3602	1074	-3367	976	-158	224	48	2916	14580	2916	69500191
-16566	1792	3596	974	-3378	1041	-158	224	48	2917	14585	2917	69500213
-16470	1706	3398	1009	-3398	1121	-159	225	43	2918	14590	2918	69500232
-16313	1476	3321	1122	-3422	1174	-159	225	43	2919	14595	2919	69500233
-16173	1286	3397	1260	-3483	1182	-158	221	49	2920	14600	2920	69500233
-16220	994	3626	1377	-3605	1182	-158	220	50	2921	14605	2921	69500234
-16402	1004	3588	1247	-3682	1283	-160	224	44	2922	14610	2922	69500235
-16468	1052	3364	1029	-3747	1454	-160	224	44	2923	14615	2923	69500235
-16416	1398	3174	913	-3805	1581	-162	220	48	2924	14620	2924	69500236
-16354	1288	2950	942	-3928	1584	-162	220	48	2925	14625	2925	69500236
-16258	1112	3064	1077	-4011	1577	-157	219	47	2926	14630	2926	69500275
-16164	1344	3606	956	-4074	1527	-157	219	47	2927	14635	2927	69500275
-16234	1674	3818	834	-4129	1519	-164	222	52	2928	14640	2928	69500275
-16652	1506	2883	1326	-4066	1551	-163	223	52	2929	14645	2929	69500275
-16978	1097	2331	3002	-3736	1144	-159	225	51	2930	14650	2930	69500275
-16624	1394	3010	5094	-3092	319	-160	224	51	2931	14655	2931	69500283
-16506	1946	3752	6222	-2522	-274	-162	220	50	2932	14660	2932	69500324
-16290	2230	4158	6797	-2038	-498	-162	220	50	2933	14665	2933	69500334
-16040	2046	4258	6674	-1864	-409	-162	216	46	2934	14670	2934	69500334
-15898	1758	4062	6081	-1946	-220	-162	216	46	2935	14675	2935	69500336
-15982	1778	4218	5178	-2201	26	-163	223	53	2936	14680	2936	69500336
-16162	2096	4298	4297	-2522	309	-163	223	53	2937	14685	2937	69500336
-16015	2225	4514	3569	-2969	767	-166	222	48	2938	14690	2938	69500337
-15983	1974	4305	3047	-3382	1123	-166	222	48	2939	14695	2939	69500337
-15853	1951	4252	2396	-3788	1435	-164	220	48	2940	14700	2940	69500338
-15944	1882	4366	1765	-4152	1728	-164	220	48	2941	14705	2941	69500350
-16162	1988	4400	1210	-4467	1992	-164	218	50	2942	14710	2942	69500383
-16270	1917	4196	768	-4750	2229	-164	218	50	2943	14715	2943	69500388
-16320	1842	3964	400	-4946	2393	-163	215	49	2944	14720	2944	69500390
-16238	2022	3892	36	-5249	2529	-163	215	49	2945	14725	2945	69500391
-16062	2203	4033	-178	-5574	2669	-165	215	49	2946	14730	2946	69500391
-16016	2024	3585	32	-5758	2682	-165	215	50	2947	14735	2947	69500391
-16452	1434	2349	1174	-5606	2346	-164	214	56	2948	14740	2948	69500391
-16698	1216	2105	3575	-4777	1326	-165	214	56	2949	14745	2949	69500391
-16527	1712	3524	5697	-3650	209	-168	216	54	2950	14750	2950	69500391
-16335	2110	4521	6519	-3000	-308	-167	216	53	2951	14755	2951	69500391
-15998	2155	4737	6295	-2917	-229	-165	215	51	2952	14760	2952	69500392
-16076	2108	4300	5870	-3086	-66	-166	215	52	2953	14765	2953	69500392
-16266	2087	4220	5990	-3071	-149	-168	216	58	2954	14770	2954	69500397
-15923	2235	4651	6066	-3029	-283	-167	215	56	2955	14775	2955	69500411
-15733	2459	5134	5771	-3195	-219	-166	214	52	2956	14780	2956	69500411
-15484	2625	5232	5247	-3518	44	-166	215	53	2957	14785	2957	69500411
-15489	2592	5148	4476	-3948	408	-167	219	55	2958	14790	2958	69500411
-15810	2522	4782	3913	-4279	736	-167	218	55	2959	14795	2959	69500411
-16022	2416	4720	3997	-4403	813	-165	213	53	2960	14800	2960	69500411
-15985	2324	5350	4017	-4474	825	-165	214	53	2961	14805	2961	69500420
-15969	2424	5315	3430	-4749	1107	-166	218	54	2962	14810	2962	69500451
-16079	2430	4797	2721	-5102	1532	-169	217	54	2963	14815	2963	69500452
-16018	2214	4591	2208	-5409	1824	-173	215	53	2964	14820	2964	69500452
-15952	2200	4865	1689	-5737	2058	-173	214	53	2965	14825	2965	69500452
-15912	2350	5213	1182	-6039	2334	-174	212	54	2966	14830	2966	69500452
-15801	2274	5183	774	-6230	2576	-172	212	53	2967	14835	2967	69500453
-15587	2271	5091	383	-6348	2742	-169	211	51	2968	14840	2968	69500453
-15543	2384	5205	-34	-6447	2878	-170	211	52	2969	14845	2969	69500460
-15717	2729	5432	-559	-6539	3031	-174	210	58	2970	14850	2970	69500490
-15834	2885	5582	-908	-6629	3198	-173	208	57	2971	14855	2971	69500490
-15682	2743	5562	-1076	-6704	3327	-172	206	56	2972	14860	2972	69500490
-15675	2757	5471	-1243	-6793	3420	-171	206	58	2973	14865	2973	69500490
-15934	2877	5317	-1394	-6858	3441	-170	206	62	2974	14870	2974	69500490
-16434	2950	5173	-1410	-6847	3378	-169	207	64	2975	14875	2975	69500490
-16601	2852	5390	-1265	-6791	3309	-168	208	66	2976	14880	2976	69500490
-16213	2790	6030	-1258	-6796	3295	-170	204	65	2977	14885	2977	69500502
-15798	3068	6526	-1534	-6877	3298	-173	199	63	2978	14890	2978	69500522
-15432	3091	6359	-1887	-6964	3321	-175	203	65	2979	14895	2979	69500527
-15247	3101	6200	-2373	-7040	3338	-177	207	67	2980	14900	2980	69500527
-15138	3448	6464	-2849	-7111	3357	-177	205	66	2981	14905	2981	69500527
-15100	3404	6558	-3168	-7192	3427	-176	202	64	2982	14910	2982	69500527
-15198	3245	6370	-3458	-7244	3406	-177	200	67	2983	14915	2983	69500528
-15360	3303	6286	-3766	-7270	3346	-178	198	72	2984	14920	2984	69500531
-15497	3060	5984	-3945	-7276	3316	-175	198	75	2985	14925	2985	69500547
-15628	3034	5828	-4108	-7239	3163	-171	199	79	2986	14930	2986	69500565
-15601	3242	6004	-4223	-7174	2972	-174	198	80	2987	14935	2987	69500565
-15345	3000	6299	-4202	-7059	2776	-176	196	80	2988	14940	2988	69500565
-15058	2711	6738	-4276	-6898	2472	-175	196	81	2989	14945	2989	69500565
-14815	2932	7211	-4527	-6686	2167	-174	196	82	2990	14950	2990	69500566
-14822	3312	7560	-4858	-6453	1901	-175	195	80	2991	14955	2991	69500566
-14926	3597	8022	-5269	-6168	1573	-176	194	78	2992	14960	2992	69500570
-15003	4195	8544	-5774	-5835	1237	-176	193	81	2993	14965	2993	69500587
-15220	4978	8960	-6276	-5399	951	-176	192	84	2994	14970	2994	69500601
-15718	5322	9046	-6588	-4769	728	-174	195	86	2995	14975	2995	69500601
-16512	5050	9015	-6734	-3923	425	-171	199	89	2996	14980	2996	69500601
-17037	4886	9734	-6939	-2937	25	-173	194	88	2997	14985	2997	69500601
-17241	4874	10312	-7183	-2013	-396	-175	191	87	2998	14990	2998	69500601
-17400	4954	10121	-7377	-884	-834	-174	194	90	2999	14995	2999	69500606
-17632	5408	10478	-7737	397	-1221	-174	196	92	3000	15000	3000	69500627
-18356	5134	10779	-7942	1828	-1707	-173	194	92	3001	15005	3001	69500639
-19355	4582	10688	-8072	3452	-2293	-172	192	92	3002	15010	3002	69500639
-20450	4052	10778	-8374	5140	-2944	-171	193	91	3003	15015	3003	69500639
-21655	3012	11027	-8607	7138	-3851	-170	194	90	3004	15020	3004	69500640
-22051	2163	11368	-8534	8690	-4736	-171	198	91	3005	15025	3005	69500640
-22700	1684	11236	-8453	10232	-5775	-172	200	92	3006	15030	3006	69500641
-23591	1346	10618	-8263	11837	-6985	-168	199	91	3007	15035	3007	69500662
-24985	1748	10232	-7857	13256	-8384	-166	198	90	3008	15040	3008	69500676
-26968	3149	10290	-7034	14641	-9984	-165	200	89	3009	15045	3009	69500676
-29732	6904	10878	-5585	16022	-11270	-164	202	88	3010	15050	3010	69500676
-32063	9700	9506	-3063	17177	-11350	-162	205	87	3011	15055	3011	69500676
-32768	9086	4810	966	18898	-11819	-161	207	87	3012	15060	3012	69500676
-32768	9813	1491	3349	20491	-12846	-155	205	86	3013	15065	3013	69500676
-32768	8310	-229	5139	21682	-13034	-154	204	86	3014	15070	3014	69500693
-32768	7292	-2184	6601	22853	-12725	-157	206	81	3015	15075	3015	69500720
-32768	6225	-4524	7535	24199	-11499	-158	206	80	3016	15080	3016	69500726
-32768	4914	-5715	7790	26250	-10183	-158	211	75	3017	15085	3017	69500726
-32768	3602	-7530	7941	28284	-9270	-158	214	72	3018	15090	3018	69500726
-32768	2313	-10063	8504	29620	-8834	-156	216	70	3019	15095	3019	69500726
-32768	1488	-12260	9269	30121	-8778	-155	217	69	3020	15100	3020	69500726
-32768	528	-14786	10229	30509	-8653	-154	216	59	3021	15105	3021	69500726
-30950	337	-15615	10869	31289	-8430	-153	215	55	3022	15110	3022	69500793
-28266	1091	-13471	12094	31930	-8450	-153	221	49	3023	15115	3023	69500811
-23585	794	-8440	13826	32490	-9023	-153	223	47	3024	15120	3024	69500812
-13100	-214	-5318	14651	31790	-10030	-154	214	33	3025	15125	3025	69500812
-3600	-1220	-3269	14136	30993	-10819	-154	212	30	3026	15130	3026	69500812
-1165	-730	1115	11937	31184	-11457	-152	218	29	3027	15135	3027	69500812
-6349	-744	6740	8173	31424	-11318	-151	219	29	3028	15140	3028	69500812
-14884	3950	9076	1396	30978	-9385	-142	218	24	3029	15145	3029	69500812
-16876	7863	9708	-1854	30021	-7712	-142	218	24	3030	15150	3030	69500812
-17223	4872	12085	-1656	28671	-5003	-143	211	15	3031	15155	3031	69500818
-14532	1442	16354	-1938	27152	-3552	-143	209	13	3032	15160	3032	69500842
-12068	1377	22218	-3520	25042	-2868	-145	207	7	3033	15165	3033	69500848
-6900	1500	26774	-3534	22528	-1686	-145	207	5	3034	15170	3034	69500848
-6555	-1400	31502	-1997	19932	-244	-146	213	9	3035	15175	3035	69500848
-19700	-4028	32709	-2166	15615	-1687	-146	214	10	3036	15180	3036	69500848
-12238	-12491	21270	-1634	12409	-4424	-139	212	8	3037	15185	3037	69500848
-2422	-11660	3742	-3472	10003	-4590	-137	211	7	3038	15190	3038	69500848
-674	-1516	1418	-7920	8326	-4447	-141	211	-1	3039	15195	3039	69500848
-2112	4634	644	-7444	7524	-3120	-141	211	-1	3040	15200	3040	69500848
-4938	7868	2508	-5288	6760	-1565	-140	210	2	3041	15205	3041	69500849
-5093	8510	6215	-3060	5948	-390	-140	210	2	3042	15210	3042	69500849
-4137	6614	9310	4	4855	602	-142	211	1	3043	15215	3043	69500849
-3133	3156	11431	2741	3669	965	-143	211	1	3044	15220	3044	69500857
-2518	124	11388	4633	2427	842	-139	209	3	3045	15225	3045	69500859
-1910	-2286	9138	5574	1093	342	-138	208	4	3046	15230	3046	69500859
-1762	-1620	6230	5273	60	-231	-138	200	2	3047	15235	3047	69500860
-1580	-326	3602	4982	-727	-629	-138	200	2	3048	15240	3048	69500860
-1542	592	1684	5034	-1265	-704	-137	205	1	3049	15245	3049	69500890
-1590	562	452	5157	-1530	-600	-137	205	1	3050	15250	3050	69500890
-1548	84	-216	5030	-1596	-300	-140	206	-2	3051	15255	3051	69500890
-1250	-494	-276	4547	-1541	-57	-140	206	-2	3052	15260	3052	69500891
-984	-1032	-178	3737	-1405	115	-135	205	-3	3053	15265	3053	69500891
-564	-1576	-176	2621	-1240	139	-135	205	-3	3054	15270	3054	69500891
-134	-1864	-170	1249	-1111	-17	-138	202	-2	3055	15275	3055	69500891
32	-2002	-180	-154	-1049	-267	-138	202	-2	3056	15280	3056	69500906
112	-1808	24	-1565	-1063	-587	-134	200	-4	3057	15285	3057	69500927
284	-1384	54	-2874	-1170	-875	-134	200	-4	3058	15290	3058	69500928
312	-772	-80	-3903	-1293	-1051	-141	201	5	3059	15295	3059	69500928
774	-154	134	-4752	-1432	-1071	-141	201	5	3060	15300	3060	69500928
896	378	518	-5304	-1617	-924	-133	209	1	3061	15305	3061	69500928
872	678	952	-5509	-1920	-666	-133	209	1	3062	15310	3062	69500928
830	773	1777	-5492	-2349	-328	-137	205	3	3063	15315	3063	69500929
918	601	2416	-5393	-2776	-76	-137	205	3	3064	15320	3064	69500938
984	558	2951	-5333	-3223	111	-137	207	1	3065	15325	3065	69500973
1179	544	3285	-5289	-3650	257	-137	207	1	3066	15330	3066	69500974
1286	742	3342	-5205	-4036	355	-137	209	3	3067	15335	3067	69500974
1216	880	3268	-5087	-4487	414	-137	209	3	3068	15340	3068	69500974
1154	1006	3068	-4985	-4909	463	-138	206	6	3069	15345	3069	69500975
1068	1254	2872	-4726	-5300	510	-138	206	6	3070	15350	3070	69500975
952	1772	2854	-4461	-5677	667	-143	207	9	3071	15355	3071	69500976
1226	1591	2285	-4165	-5950	865	-143	207	9	3072	15360	3072	69500985
1321	1295	2003	-3907	-6209	1096	-144	206	10	3073	15365	3073	69501003
1191	1258	1970	-3884	-6403	1337	-144	206	10	3074	15370	3074	69501003
864	1032	2256	-3964	-6608	1593	-142	204	12	3075	15375	3075	69501004
359	798	2665	-3963	-6833	1783	-142	205	12	3076	15380	3076	69501004
168	26	3128	-3837	-7063	1915	-143	211	11	3077	15385	3077	69501004
903	290	9728	-4268	-7382	1998	-144	211	11	3078	15390	3078	69501004
-2827	8170	32767	-6142	-9291	1254	-149	209	11	3079	15395	3079	69501006
-29957	23942	32767	-6496	-16052	-1598	-149	209	13	3080	15400	3080	69501017
-32768	32767	32767	-5587	-24194	-798	-151	211	19	3081	15405	3081	69501035
-31541	29916	32767	1070	-32768	2146	-150	212	21	3082	15410	3082	69501035
-23303	8256	19660	25855	-32768	9048	-147	217	27	3083	15415	3083	69501036
-12031	-32768	-32768	28551	-32365	18428	-149	217	25	3084	15420	3084	69501036
-22749	-27616	-32768	9044	-30941	11341	-156	216	18	3085	15425	3085	69501037
-32768	-9914	-32768	163	-30629	590	-156	217	21	3086	15430	3086	69501038
-30739	-23338	-32768	5933	-26158	4775	-157	219	33	3087	15435	3087	69501047
-24344	-22277	-23629	351	-26461	3642	-159	220	33	3088	15440	3088	69501072
-25538	-7536	-8090	-6647	-27900	2254	-161	221	33	3089	15445	3089	69501072
-28505	1222	-6975	-13003	-27368	2665	-159	218	34	3090	15450	3090	69501072
-30411	1044	-9176	-15666	-25493	4268	-156	214	36	3091	15455	3091	69501072
-32768	-5065	-7538	-15046	-23878	5217	-157	215	39	3092	15460	3092	69501072
-32768	-14432	-2646	-11244	-23256	5017	-161	221	51	3093	15465	3093	69501073
-32768	-15834	-1292	-8838	-24029	3377	-161	220	52	3094	15470	3094	69501074
-32768	-6168	-288	-10399	-23180	1033	-160	218	56	3095	15475	3095	69501088
-32768	6572	-184	-11862	-20275	-13	-157	218	60	3096	15480	3096	69501112
-32768	4792	-2092	-7732	-18433	1778	-153	219	65	3097	15485	3097	69501112
-32768	-34	-3012	-2595	-18474	4395	-155	217	67	3098	15490	3098	69501112
-32768	6621	-4680	-2743	-17961	5216	-159	215	71	3099	15495	3099	69501112
-32768	17082	-4034	-4033	-16558	7179	-156	216	73	3100	15500	3100	69501115
-32768	20716	-3387	-2232	-15306	9728	-151	217	77	3101	15505	3101	69501128
-32768	13559	-1428	290	-14512	10279	-155	213	77	3102	15510	3102	69501141
-31549	4481	3191	927	-13843	9306	-160	208	76	3103	15515	3103	69501141
-27627	-1849	6126	163	-12980	8653	-160	207	77	3104	15520	3104	69501141
-21185	-3875	12104	-3585	-11124	8581	-159	203	79	3105	15525	3105	69501141
-16817	-1378	15205	-5869	-9194	8116	-159	203	82	3106	15530	3106	69501141
-13952	1516	14296	-5781	-6656	7351	-160	204	86	3107	15535	3107	69501141
-12706	4399	13264	-4574	-4485	6460	-159	204	86	3108	15540	3108	69501153
-11708	6850	12751	-2413	-2880	5465	-157	205	87	3109	15545	3109	69501174
-11037	9216	12315	-592	-1553	4401	-157	203	86	3110	15550	3110	69501178
-12678	10810	11793	827	-484	3550	-158	200	84	3111	15555	3111	69501179
-13822	10374	10550	2338	814	3074	-160	201	87	3112	15560	3112	69501180
-14069	8757	9007	3295	1970	2676	-162	202	90	3113	15565	3113	69501180
-15050	7872	8066	3655	3022	2022	-166	204	88	3114	15570	3114	69501185
-15881	6142	7273	4008	3703	1388	-169	205	87	3115	15575	3115	69501205
-16146	4396	7276	4023	3939	902	-166	206	84	3116	15580	3116	69501216
-16434	3506	7311	3674	4231	373	-163	207	81	3117	15585	3117	69501216
-16651	3273	6651	3087	4662	-220	-164	207	80	3118	15590	3118	69501216
-16777	3202	5930	2432	4977	-717	-165	207	79	3119	15595	3119	69501216
-17069	3412	5278	1856	5299	-1325	-165	205	79	3120	15600	3120	69501216
-17527	3472	4638	1394	5530	-2098	-166	202	80	3121	15605	3121	69501216
-18186	3129	4215	1093	5645	-2801	-163	204	78	3122	15610	3122	69501237
-18482	2499	3943	892	5647	-3334	-161	205	77	3123	15615	3123	69501252
-18272	1901	3932	660	5575	-3817	-161	206	78	3124	15620	3124	69501252
-17801	1658	4189	388	5483	-4253	-161	207	79	3125	15625	3125	69501252
-17307	1662	4504	125	5414	-4598	-163	206	78	3126	15630	3126	69501252
-17063	1667	4590	-115	5409	-4863	-165	205	77	3127	15635	3127	69501253
-16715	1809	4647	-382	5424	-5018	-164	208	74	3128	15640	3128	69501254
-16269	2094	4818	-639	5421	-5160	-163	211	71	3129	15645	3129	69501254
-15759	2336	5059	-691	5386	-5385	-162	211	77	3130	15650	3130	69501274
-15355	2351	5345	-626	5368	-5558	-161	211	81	3131	15655	3131	69501288
-15234	2407	5501	-592	5395	-5643	-159	212	74	3132	15660	3132	69501288
-15276	2429	5544	-575	5471	-5641	-158	212	70	3133	15665	3133	69501288
-15355	2646	5510	-551	5584	-5551	-156	214	70	3134	15670	3134	69501289
-15564	2881	5454	-402	5698	-5424	-154	216	70	3135	15675	3135	69501289
-15791	2463	5173	-2	5766	-5303	-156	211	73	3136	15680	3136	69501289
-15753	1600	4564	485	5803	-5179	-157	207	75	3137	15685	3137	69501315
-15873	1048	4292	699	5812	-5045	-156	214	71	3138	15690	3138	69501338
-16011	623	4353	711	5810	-4947	-156	216	70	3139	15695	3139	69501342
-16188	449	4383	652	5782	-4831	-155	217	61	3140	15700	3140	69501342
-16239	294	4283	631	5756	-4646	-155	217	57	3141	15705	3141	69501342
-16212	329	4123	671	5722	-4402	-156	218	61	3142	15710	3142	69501342
-16147	288	3940	786	5652	-4145	-157	219	63	3143	15715	3143	69501342
-16092	135	3779	935	5523	-3899	-158	218	62	3144	15720	3144	69501347
-16022	-103	3714	1034	5446	-3617	-158	218	62	3145	15725	3145	69501367
-16003	-465	3774	1018	5364	-3249	-156	222	57	3146	15730	3146	69501378
-15941	-568	3814	846	5291	-2968	-155	223	55	3147	15735	3147	69501378
-16039	-624	3642	724	5233	-2696	-153	225	60	3148	15740	3148	69501378
-15804	-524	3603	572	5141	-2398	-153	225	61	3149	15745	3149	69501379
-15839	-664	3743	401	5139	-2161	-155	224	60	3150	15750	3150	69501379
-15968	-503	3695	223	5077	-1964	-156	224	60	3151	15755	3151	69501380
-16103	-386	3768	59	5057	-1768	-153	222	57	3152	15760	3152	69501382
-16238	-223	3791	-101	5035	-1660	-152	222	56	3153	15765	3153	69501401
-16465	155	3714	-275	5020	-1510	-157	223	52	3154	15770	3154	69501411
-16628	186	3301	-307	5020	-1338	-159	223	51	3155	15775	3155	69501411
-16814	163	2924	-337	4993	-1215	-152	229	53	3156	15780	3156	69501411
-16841	220	2665	-447	4899	-1129	-150	230	54	3157	15785	3157	69501411
-16896	375	2378	-574	4767	-1097	-154	229	56	3158	15790	3158	69501411
-16948	620	2323	-730	4615	-1121	-155	229	57	3159	15795	3159	69501411
-17046	981	2444	-783	4437	-1190	-153	228	56	3160	15800	3160	69501411
-17094	1314	2805	-750	4330	-1235	-152	228	56	3161	15805	3161	69501419
-17046	1252	2658	-607	4230	-1272	-154	232	54	3162	15810	3162	69501444
-17110	1508	2548	-589	4136	-1384	-155	233	53	3163	15815	3163	69501451
-17158	1720	2326	-460	4106	-1429	-152	224	54	3164	15820	3164	69501451
-17105	1478	2289	-387	3998	-1471	-152	224	54	3165	15825	3165	69501451
-16868	1793	2535	-420	3866	-1521	-152	229	49	3166	15830	3166	69501451
-16618	2012	2452	-246	3834	-1681	-152	230	48	3167	15835	3167	69501451
-16479	1913	2731	20	3775	-1859	-149	228	50	3168	15840	3168	69501451
-16566	1930	3063	228	3695	-2060	-148	228	50	3169	15845	3169	69501477
-16680	1984	3382	496	3691	-2136	-151	226	45	3170	15850	3170	69501485
-16794	2240	3160	929	3806	-2227	-152	226	44	3171	15855	3171	69501485
-17062	1984	2758	1370	3915	-2251	-147	229	43	3172	15860	3172	69501485
-17080	1794	2548	1734	3915	-2266	-147	229	43	3173	15865	3173	69501485
-16952	1542	2632	2010	3946	-2263	-153	229	47	3174	15870	3174	69501485
-16666	1356	2626	2258	3858	-2265	-153	229	47	3175	15875	3175	69501485
-16672	1062	2458	2523	3826	-2306	-148	230	40	3176	15880	3176	69501494
-16652	834	2311	2704	3814	-2275	-148	230	40	3177	15885	3177	69501518
-16573	580	2208	2828	3770	-2239	-146	235	42	3178	15890	3178	69501523
-16660	350	2146	2822	3687	-2193	-146	236	42	3179	15895	3179	69501524
-16540	8	2034	2771	3637	-2127	-150	232	42	3180	15900	3180	69501524
-16562	78	1870	2676	3562	-2062	-150	232	42	3181	15905	3181	69501524
-16464	70	1706	2627	3481	-1928	-152	232	36	3182	15910	3182	69501524
-16484	-254	1670	2628	3373	-1815	-152	232	36	3183	15915	3183	69501525
-16404	-348	1818	2527	3281	-1785	-150	232	38	3184	15920	3184	69501559
-16362	-626	1790	2362	3187	-1723	-150	232	38	3185	15925	3185	69501559
-16464	-564	1800	2138	3135	-1646	-147	241	37	3186	15930	3186	69501560
-16350	-856	1658	1963	3076	-1483	-147	241	37	3187	15935	3187	69501560
-16531	-926	1451	1759	2989	-1389	-150	234	30	3188	15940	3188	69501560
-16500	-1061	1474	1512	2919	-1273	-150	235	30	3189	15945	3189	69501560
-16492	-1016	1444	1267	2836	-1195	-148	238	30	3190	15950	3190	69501560
-16562	-918	1350	1003	2707	-1122	-148	238	30	3191	15955	3191	69501570
-16424	-752	1328	752	2591	-1032	-147	233	33	3192	15960	3192	69501597
-16556	-582	1434	491	2464	-994	-147	233	33	3193	15965	3193	69501598
-16528	-458	1406	281	2342	-952	-149	235	31	3194	15970	3194	69501598
-16596	-384	1370	85	2244	-897	-149	235	31	3195	15975	3195	69501598
-16681	-412	1179	-90	2107	-803	-148	234	26	3196	15980	3196	69501598
-16619	-441	1037	-264	1976	-729	-148	234	27	3197	15985	3197	69501599
-16533	-228	993	-478	1833	-711	-150	236	30	3198	15990	3198	69501606
-16494	-23	1018	-675	1691	-709	-150	236	31	3199	15995	3199	69501635
-16498	176	1156	-818	1548	-726	-152	238	34	3200	16000	3200	69501635
-16574	358	1238	-897	1456	-733	-152	238	34	3201	16005	3201	69501635
-16606	430	1160	-884	1432	-727	-149	235	35	3202	16010	3202	69501635
-16646	462	1170	-772	1439	-756	-149	235	35	3203	16015	3203	69501635
-16902	744	1178	-476	1465	-853	-147	237	31	3204	16020	3204	69501635
-17200	990	952	150	1604	-1007	-147	237	30	3205	16025	3205	69501637
-17367	1115	1091	1257	1852	-1270	-148	236	26	3206	16030	3206	69501650
-17346	1433	1493	2505	2127	-1538	-147	235	26	3207	16035	3207	69501672
-17134	1755	1624	3557	2353	-1711	-141	233	25	3208	16040	3208	69501672
-16957	1854	1542	4250	2525	-1788	-142	233	25	3209	16045	3209	69501672
-16928	1718	1442	4657	2655	-1792	-144	234	26	3210	16050	3210	69501672
-16764	1376	1244	4832	2677	-1737	-145	234	24	3211	16055	3211	69501672
-16586	1028	1004	4817	2556	-1669	-151	233	17	3212	16060	3212	69501672
-16336	629	877	4615	2339	-1626	-149	235	19	3213	16065	3213	69501685
-16220	331	788	4334	2111	-1563	-144	238	24	3214	16070	3214	69501710
-16180	100	763	3880	1822	-1506	-143	238	23	3215	16075	3215	69501710
-16100	-171	940	3402	1531	-1450	-141	239	17	3216	16080	3216	69501711
-16199	-322	1063	2889	1251	-1382	-142	239	18	3217	16085	3217	69501711
-16196	-287	1196	2314	982	-1283	-146	240	22	3218	16090	3218	69501711
-16338	-230	1073	1777	743	-1178	-146	240	21	3219	16095	3219	69501712
-16514	-162	1103	1327	560	-1077	-144	240	16	3220	16100	3220	69501714
-16584	-100	1142	973	417	-973	-144	240	16	3221	16105	3221	69501730
