-14648	740	4274	-1000	-5427	624	-517	71	-89	5570	27850	5570	69513468
-14548	818	4332	-1067	-5504	588	-517	73	-91	5571	27855	5571	69513468
-14370	852	4512	-1151	-5626	588	-517	73	-91	5572	27860	5572	69513499
-14230	795	4511	-1230	-5804	575	-520	74	-86	5573	27865	5573	69513508
-14059	864	4628	-1299	-5991	563	-520	73	-85	5574	27870	5574	69513509
-13936	821	4682	-1347	-6210	562	-520	70	-82	5575	27875	5575	69513509
-13843	780	4803	-1376	-6489	579	-521	71	-83	5576	27880	5576	69513509
-13720	778	4941	-1386	-6782	605	-525	75	-87	5577	27885	5577	69513509
-13636	730	4990	-1386	-7106	654	-524	74	-86	5578	27890	5578	69513521
-13564	646	5098	-1389	-7437	718	-522	72	-82	5579	27895	5579	69513574
-13558	555	5181	-1391	-7770	775	-521	72	-82	5580	27900	5580	69513596
-13531	437	5185	-1387	-8094	833	-519	73	-83	5581	27905	5581	69513596
-13495	358	5219	-1392	-8353	879	-519	71	-83	5582	27910	5582	69513597
-13471	238	5272	-1416	-8590	916	-520	68	-82	5583	27915	5583	69513597
-13442	181	5264	-1460	-8800	937	-523	68	-82	5584	27920	5584	69513597
-13364	136	5284	-1500	-8971	932	-527	67	-81	5585	27925	5585	69513598
-13324	96	5269	-1532	-9109	918	-523	67	-79	5586	27930	5586	69513598
-13297	106	5275	-1560	-9218	891	-516	66	-76	5587	27935	5587	69513599
-13212	128	5319	-1584	-9297	856	-517	65	-77	5588	27940	5588	69513605
-13166	143	5420	-1632	-9409	815	-523	61	-81	5589	27945	5589	69513628
-13032	186	5526	-1686	-9569	770	-522	64	-79	5590	27950	5590	69513628
-12970	173	5591	-1738	-9734	724	-521	69	-75	5591	27955	5591	69513628
-12882	233	5684	-1803	-9939	682	-519	69	-73	5592	27960	5592	69513628
-12835	290	5800	-1856	-10211	647	-517	69	-71	5593	27965	5593	69513628
-12835	383	5878	-1891	-10522	615	-519	67	-70	5594	27970	5594	69513628
-12892	443	6000	-1908	-10845	593	-522	64	-68	5595	27975	5595	69513628
-12950	438	6157	-1899	-11156	589	-521	62	-68	5596	27980	5596	69513628
-13045	539	6250	-1884	-11446	582	-520	58	-68	5597	27985	5597	69513628
-13124	552	6342	-1876	-11665	583	-519	57	-67	5598	27990	5598	69513628
-13186	568	6551	-1879	-11780	587	-518	56	-66	5599	27995	5599	69513628
-13310	622	6611	-1886	-11817	604	-522	58	-67	5600	28000	5600	69513628
-13407	640	6644	-1905	-11785	648	-524	60	-68	5601	28005	5601	69513638
-13485	669	6778	-1943	-11706	700	-523	62	-69	5602	28010	5602	69513661
-13604	722	6858	-2008	-11611	763	-523	63	-69	5603	28015	5603	69513672
-13682	748	6965	-2107	-11506	852	-525	63	-67	5604	28020	5604	69513675
-13830	761	7067	-2237	-11387	941	-527	63	-65	5605	28025	5605	69513677
-14071	737	7175	-2393	-11260	1044	-526	56	-61	5606	28030	5606	69513677
-14364	732	7250	-2539	-11136	1130	-525	53	-59	5607	28035	5607	69513677
-14562	720	7355	-2651	-10998	1200	-523	53	-61	5608	28040	5608	69513677
-14771	708	7381	-2762	-10861	1253	-523	53	-61	5609	28045	5609	69513677
-14973	703	7370	-2892	-10685	1305	-525	54	-62	5610	28050	5610	69513677
-15098	724	7370	-3021	-10471	1339	-526	54	-62	5611	28055	5611	69513690
-15220	725	7371	-3117	-10250	1361	-525	52	-60	5612	28060	5612	69513698
-15286	673	7338	-3173	-10023	1381	-524	50	-58	5613	28065	5613	69513698
-15290	653	7348	-3194	-9721	1402	-530	52	-54	5614	28070	5614	69513698
-15252	685	7361	-3150	-9434	1408	-532	52	-52	5615	28075	5615	69513698
-15189	668	7389	-3078	-9173	1404	-526	51	-51	5616	28080	5616	69513699
-15091	718	7458	-2990	-8939	1408	-525	51	-51	5617	28085	5617	69513699
-15006	719	7583	-2890	-8747	1400	-524	49	-53	5618	28090	5618	69513699
-14937	778	7616	-2797	-8623	1374	-524	48	-54	5619	28095	5619	69513727
-14945	792	7672	-2720	-8536	1338	-530	46	-49	5620	28100	5620	69513734
-14942	835	7812	-2664	-8462	1306	-532	46	-48	5621	28105	5621	69513736
-14908	825	7938	-2625	-8418	1257	-528	47	-52	5622	28110	5622	69513737
-14916	752	7942	-2605	-8419	1185	-527	47	-53	5623	28115	5623	69513737
-14948	774	8164	-2615	-8378	1127	-531	43	-49	5624	28120	5624	69513738
-14998	770	8174	-2619	-8342	1040	-531	43	-49	5625	28125	5625	69513738
-15012	838	8234	-2663	-8331	944	-529	45	-47	5626	28130	5626	69513772
-15068	856	8398	-2748	-8302	867	-529	45	-47	5627	28135	5627	69513772
-15144	968	8300	-2800	-8277	758	-532	48	-44	5628	28140	5628	69513772
-15244	946	8268	-2856	-8222	674	-532	48	-44	5629	28145	5629	69513772
-15276	978	8406	-2900	-8151	624	-525	45	-42	5630	28150	5630	69513772
-15494	1040	8464	-2936	-8036	555	-524	44	-42	5631	28155	5631	69513772
-15498	1052	8468	-3009	-7889	527	-531	43	-43	5632	28160	5632	69513772
-15642	1044	8580	-3074	-7710	492	-531	43	-43	5633	28165	5633	69513805
-15634	1086	8682	-3136	-7544	473	-533	37	-41	5634	28170	5634	69513809
-15760	1132	8582	-3206	-7401	502	-533	37	-41	5635	28175	5635	69513810
-15750	1104	8730	-3276	-7269	543	-531	35	-45	5636	28180	5636	69513810
-15918	948	8796	-3290	-7128	608	-531	35	-45	5637	28185	5637	69513810
-16020	858	8858	-3285	-6934	689	-538	44	-38	5638	28190	5638	69513810
-16176	694	8876	-3245	-6701	793	-536	43	-39	5639	28195	5639	69513810
-16280	563	8966	-3217	-6488	856	-530	38	-42	5640	28200	5640	69513814
-16463	508	9067	-3201	-6300	912	-530	38	-41	5641	28205	5641	69513834
-16448	494	9143	-3185	-6157	949	-532	38	-36	5642	28210	5642	69513856
-16425	479	9159	-3154	-6049	962	-533	38	-36	5643	28215	5643	69513856
-16502	486	9227	-3137	-5931	965	-535	37	-35	5644	28220	5644	69513857
-16498	477	9249	-3117	-5785	938	-535	37	-36	5645	28225	5645	69513857
-16447	550	9446	-3080	-5614	865	-534	36	-40	5646	28230	5646	69513857
-16365	566	9427	-3043	-5386	756	-533	36	-40	5647	28235	5647	69513857
-16228	588	9453	-3032	-5114	625	-531	37	-39	5648	28240	5648	69513873
-16174	708	9477	-3032	-4926	508	-531	37	-36	5649	28245	5649	69513900
-16265	822	9518	-2999	-4712	403	-532	38	-32	5650	28250	5650	69513908
-16409	951	9592	-2960	-4460	314	-531	38	-33	5651	28255	5651	69513908
-16554	1162	9693	-2937	-4179	230	-528	38	-34	5652	28260	5652	69513908
-16728	1334	9802	-2906	-3780	193	-530	37	-34	5653	28265	5653	69513909
-16926	1530	9908	-2901	-3315	181	-540	34	-34	5654	28270	5654	69513909
-17183	1788	9956	-2930	-2805	171	-539	35	-33	5655	28275	5655	69513911
-17470	1893	10137	-2996	-2284	217	-534	36	-28	5656	28280	5656	69513929
-17720	2026	10196	-3025	-1884	282	-533	34	-29	5657	28285	5657	69513950
-17892	2075	10252	-3011	-1547	357	-532	30	-30	5658	28290	5658	69513953
-17969	2026	10281	-2958	-1259	450	-532	31	-33	5659	28295	5659	69513953
-18055	1866	10244	-2843	-1046	547	-533	33	-37	5660	28300	5660	69513954
-18074	1735	10192	-2700	-916	640	-533	31	-35	5661	28305	5661	69513954
-18111	1496	10064	-2559	-848	704	-534	28	-32	5662	28310	5662	69513955
-18166	1183	9990	-2434	-818	733	-534	32	-32	5663	28315	5663	69513955
-18173	926	9837	-2335	-799	748	-535	37	-31	5664	28320	5664	69513955
-18038	666	9656	-2215	-757	734	-534	35	-36	5665	28325	5665	69513972
-17882	380	9478	-2052	-675	701	-533	33	-39	5666	28330	5666	69513984
-17682	110	9365	-1836	-534	658	-532	31	-38	5667	28335	5667	69513984
-17432	-34	9265	-1617	-327	586	-532	30	-38	5668	28340	5668	69513984
-17180	-100	9202	-1439	-86	492	-532	28	-33	5669	28345	5669	69513984
-16960	-119	9326	-1396	173	389	-532	26	-30	5670	28350	5670	69513984
-16763	-23	9553	-1461	462	286	-539	28	-29	5671	28355	5671	69513984
-16597	161	9892	-1545	771	154	-543	29	-29	5672	28360	5672	69513984
-16444	351	10113	-1587	985	67	-540	34	-35	5673	28365	5673	69513984
-16414	558	10312	-1667	1169	-14	-538	36	-38	5674	28370	5674	69513990
-16483	843	10542	-1785	1325	-111	-537	32	-36	5675	28375	5675	69514010
-16524	1125	10684	-1933	1461	-206	-536	30	-34	5676	28380	5676	69514021
-16644	1412	10779	-2097	1612	-282	-535	32	-32	5677	28385	5677	69514021
-16772	1669	10788	-2259	1803	-330	-534	34	-30	5678	28390	5678	69514021
-16919	1852	10752	-2396	2041	-370	-536	35	-32	5679	28395	5679	69514021
-17089	1939	10644	-2518	2314	-412	-537	35	-33	5680	28400	5680	69514021
-17341	1970	10667	-2629	2673	-454	-536	34	-34	5681	28405	5681	69514021
-17522	1939	10520	-2659	3037	-461	-536	34	-34	5682	28410	5682	69514059
-17619	1820	10420	-2632	3415	-453	-537	36	-35	5683	28415	5683	69514070
-17550	1726	10288	-2564	3806	-437	-537	37	-35	5684	28420	5684	69514070
-17454	1526	10183	-2434	4180	-431	-535	40	-37	5685	28425	5685	69514071
-17310	1280	10114	-2236	4502	-423	-535	41	-37	5686	28430	5686	69514071
-17108	929	10062	-2011	4734	-444	-540	36	-35	5687	28435	5687	69514072
-16872	697	10031	-1784	4883	-473	-541	35	-35	5688	28440	5688	69514072
-16546	406	9950	-1549	4963	-543	-535	39	-29	5689	28445	5689	69514078
-16322	234	9806	-1405	4917	-618	-535	39	-29	5690	28450	5690	69514107
-16172	38	9798	-1294	4841	-691	-537	35	-39	5691	28455	5691	69514107
-16058	-94	9660	-1234	4763	-766	-537	35	-39	5692	28460	5692	69514107
-15970	-38	9564	-1233	4722	-842	-538	38	-38	5693	28465	5693	69514107
-15997	-63	9457	-1267	4767	-885	-538	38	-38	5694	28470	5694	69514107
-15959	-20	9554	-1352	4871	-958	-536	45	-42	5695	28475	5695	69514107
-15993	-6	9557	-1484	5043	-1002	-535	47	-43	5696	28480	5696	69514108
-15991	79	9600	-1625	5261	-1015	-534	41	-39	5697	28485	5697	69514108
-16000	216	9784	-1788	5531	-1021	-534	40	-38	5698	28490	5698	69514130
-16020	442	9862	-1950	5764	-976	-536	40	-34	5699	28495	5699	69514130
-16032	458	10008	-2090	5930	-913	-536	40	-34	5700	28500	5700	69514130
-16072	578	10124	-2211	6075	-864	-542	38	-38	5701	28505	5701	69514130
-16152	710	10026	-2291	6168	-780	-542	38	-38	5702	28510	5702	69514130
-16160	808	10020	-2342	6239	-690	-536	42	-36	5703	28515	5703	69514130
-16232	932	10078	-2397	6328	-612	-536	42	-36	5704	28520	5704	69514130
-16198	978	9992	-2473	6452	-548	-537	43	-39	5705	28525	5705	69514130
-16282	1093	9772	-2544	6673	-513	-537	43	-39	5706	28530	5706	69514130
-16335	1145	9751	-2608	6889	-492	-537	43	-41	5707	28535	5707	69514134
-16332	1280	9855	-2704	7129	-485	-537	44	-41	5708	28540	5708	69514153
-16417	1414	9837	-2790	7340	-496	-536	50	-40	5709	28545	5709	69514166
-16476	1366	9688	-2849	7536	-516	-537	50	-43	5710	28550	5710	69514166
-16488	1396	9609	-2946	7649	-525	-539	51	-53	5711	28555	5711	69514166
-16560	1525	9657	-3051	7703	-556	-538	50	-51	5712	28560	5712	69514167
-16693	1530	9538	-3152	7701	-579	-534	46	-42	5713	28565	5713	69514170
-16847	1590	9587	-3292	7696	-576	-534	46	-42	5714	28570	5714	69514190
-17050	1683	9683	-3429	7682	-577	-535	45	-43	5715	28575	5715	69514217
-17400	1668	9534	-3429	7681	-617	-534	47	-43	5716	28580	5716	69514217
-17526	1521	9531	-3407	7775	-632	-530	54	-42	5717	28585	5717	69514217
-17774	1552	9504	-3453	7829	-612	-531	54	-43	5718	28590	5718	69514217
-18006	1560	9565	-3530	7874	-598	-537	53	-49	5719	28595	5719	69514217
-18384	1541	9704	-3590	7906	-576	-536	52	-48	5720	28600	5720	69514219
-18696	1573	9827	-3633	7933	-554	-533	47	-45	5721	28605	5721	69514232
-19133	1503	9862	-3619	7966	-508	-534	47	-46	5722	28610	5722	69514257
-19609	1437	9976	-3486	7971	-418	-536	48	-48	5723	28615	5723	69514257
-20078	1381	10058	-3348	7926	-337	-536	52	-49	5724	28620	5724	69514258
-20575	1309	10140	-3248	7859	-245	-536	58	-50	5725	28625	5725	69514259
-21135	1194	10165	-3180	7807	-184	-536	55	-49	5726	28630	5726	69514259
-21600	1004	10216	-3169	7739	-143	-535	51	-47	5727	28635	5727	69514259
-22112	898	10354	-3239	7637	-112	-533	53	-49	5728	28640	5728	69514265
-22707	896	10435	-3331	7551	-124	-529	57	-51	5729	28645	5729	69514283
-23413	907	10513	-3431	7441	-140	-529	59	-50	5730	28650	5730	69514296
-24101	874	10562	-3518	7285	-158	-529	61	-49	5731	28655	5731	69514296
-24772	874	10562	-3579	7099	-175	-533	59	-51	5732	28660	5732	69514296
-25587	1001	10637	-3621	6809	-201	-536	58	-52	5733	28665	5733	69514296
-26620	1184	10782	-3570	6371	-228	-532	62	-50	5734	28670	5734	69514296
-27817	1373	11008	-3414	5738	-235	-529	65	-49	5735	28675	5735	69514296
-29328	1667	11438	-3247	4858	-247	-527	62	-52	5736	28680	5736	69514296
-31018	2027	11839	-3040	3854	-247	-526	60	-54	5737	28685	5737	69514301
-32326	2312	12326	-2729	2641	-218	-527	58	-56	5738	28690	5738	69514319
-32768	2573	13133	-2235	842	-188	-529	55	-59	5739	28695	5739	69514340
-32768	3022	13841	-1604	-1174	-221	-531	60	-55	5740	28700	5740	69514342
-32768	3685	14322	-891	-2914	-339	-532	64	-52	5741	28705	5741	69514344
-32768	4416	14590	-120	-4244	-501	-531	61	-53	5742	28710	5742	69514345
-32768	5031	14494	668	-4838	-717	-531	59	-53	5743	28715	5743	69514346
-32768	5478	14131	1499	-4342	-1021	-527	58	-54	5744	28720	5744	69514346
-32768	5844	13735	2224	-2419	-1424	-524	58	-54	5745	28725	5745	69514355
-32768	6153	13319	2677	953	-1916	-528	60	-55	5746	28730	5746	69514366
-32768	5947	12860	2825	6372	-2451	-530	62	-56	5747	28735	5747	69514370
-32768	5136	12444	2521	12259	-2981	-528	61	-55	5748	28740	5748	69514370
-32768	4349	12170	1752	17920	-3530	-527	61	-55	5749	28745	5749	69514370
-32768	3431	12216	735	22633	-3984	-529	64	-57	5750	28750	5750	69514370
-32768	2701	12358	-281	25796	-4232	-529	65	-57	5751	28755	5751	69514370
-32768	2150	12625	-1078	27341	-4231	-527	65	-62	5752	28760	5752	69514370
-32768	1707	12810	-1486	27587	-3993	-527	65	-63	5753	28765	5753	69514402
-32768	1209	12978	-1371	27151	-3627	-525	66	-65	5754	28770	5754	69514410
-32768	578	13010	-802	26536	-3260	-524	66	-66	5755	28775	5755	69514410
-32768	-8	12692	149	25934	-2922	-525	57	-77	5756	28780	5756	69514411
-29706	-414	12060	872	25690	-2641	-525	57	-77	5757	28785	5757	69514411
-25918	-836	11502	1293	25378	-2388	-522	68	-80	5758	28790	5758	69514411
-22676	-1231	10819	1391	24724	-2381	-522	68	-80	5759	28795	5759	69514412
-19250	-1412	10130	1262	23601	-2514	-518	69	-78	5760	28800	5760	69514418
-16225	-1299	9568	975	22259	-2675	-517	69	-77	5761	28805	5761	69514456
-13880	-1147	9483	667	20908	-2787	-519	68	-79	5762	28810	5762	69514466
-11992	-1249	9670	221	19452	-2745	-520	68	-80	5763	28815	5763	69514466
-10376	-1540	10312	-816	17333	-2685	-517	71	-85	5764	28820	5764	69514466
-9468	-1316	10510	-2024	15435	-2692	-517	71	-85	5765	28825	5765	69514466
-8576	-936	10240	-3114	13602	-2619	-515	73	-89	5766	28830	5766	69514466
-7992	-736	9470	-3890	12013	-2677	-515	73	-89	5767	28835	5767	69514466
-7382	-588	8520	-4394	10961	-2900	-515	71	-87	5768	28840	5768	69514466
-6404	-664	7352	-4745	10547	-3124	-515	71	-87	5769	28845	5769	69514489
-5270	-836	6442	-4991	10690	-3568	-513	71	-95	5770	28850	5770	69514490
-3840	-1146	5790	-5230	11227	-3978	-513	71	-95	5771	28855	5771	69514490
-2320	-1402	5368	-5392	11853	-4299	-506	76	-94	5772	28860	5772	69514490
-394	-1418	4734	-5491	12514	-4684	-506	75	-94	5773	28865	5773	69514490
1469	-1295	4411	-5625	12999	-4883	-508	72	-94	5774	28870	5774	69514490
3436	-1428	4052	-5719	13373	-4961	-507	71	-94	5775	28875	5775	69514492
5599	-1540	3724	-5646	13442	-5026	-501	69	-95	5776	28880	5776	69514507
7938	-1602	3480	-5405	13090	-4957	-502	71	-96	5777	28885	5777	69514538
10434	-1577	3410	-5033	12192	-4694	-504	78	-98	5778	28890	5778	69514538
12908	-1324	3551	-4684	10758	-4194	-505	77	-99	5779	28895	5779	69514538
15088	-994	3864	-4476	9105	-3560	-508	74	-102	5780	28900	5780	69514539
17298	-313	5200	-4374	6578	-2498	-507	74	-101	5781	28905	5781	69514539
18184	398	6975	-4579	4865	-1676	-504	76	-98	5782	28910	5782	69514539
18321	1016	8929	-4883	3819	-1010	-502	76	-98	5783	28915	5783	69514539
17772	1457	10576	-5018	3560	-559	-496	76	-98	5784	28920	5784	69514548
17060	1776	11507	-5161	3609	-206	-496	77	-99	5785	28925	5785	69514585
16127	2386	11699	-5491	3609	168	-498	80	-104	5786	28930	5786	69514585
14461	2868	11327	-5568	3377	529	-498	78	-103	5787	28935	5787	69514585
12057	2904	10358	-5123	2704	1031	-498	70	-100	5788	28940	5788	69514585
8963	2526	8751	-4320	1495	1752	-500	71	-100	5789	28945	5789	69514585
5660	2224	6768	-3543	79	2475	-507	75	-101	5790	28950	5790	69514586
3054	1992	5218	-3111	-681	2870	-505	75	-100	5791	28955	5791	69514586
818	1790	3925	-2862	-853	3075	-501	75	-99	5792	28960	5792	69514586
-1120	1579	2817	-2714	-579	3136	-500	75	-100	5793	28965	5793	69514588
-2786	1439	1894	-2657	-93	3137	-499	75	-101	5794	28970	5794	69514602
-4186	1341	1046	-2612	501	3170	-497	74	-102	5795	28975	5795	69514617
-5281	1157	209	-2520	1179	3240	-495	73	-103	5796	28980	5796	69514617
-6125	891	-616	-2419	1985	3302	-496	76	-102	5797	28985	5797	69514617
-6623	561	-1281	-2357	2789	3299	-497	79	-101	5798	28990	5798	69514617
-6919	254	-1607	-2385	3441	3252	-500	81	-100	5799	28995	5799	69514618
-7056	-58	-1804	-2521	3947	3175	-502	82	-100	5800	29000	5800	69514618
-7061	-336	-1766	-2748	4229	3046	-500	79	-103	5801	29005	5801	69514623
-7019	-568	-1647	-3047	4280	2827	-498	76	-106	5802	29010	5802	69514639
-6980	-736	-1593	-3462	4020	2473	-501	74	-105	5803	29015	5803	69514655
-6981	-755	-1508	-3940	3518	2079	-506	72	-104	5804	29020	5804	69514655
-6966	-619	-1424	-4342	2905	1647	-505	71	-103	5805	29025	5805	69514655
-6894	-537	-1308	-4523	2423	1185	-503	69	-101	5806	29030	5806	69514656
-6760	-580	-1289	-4504	2182	737	-504	72	-103	5807	29035	5807	69514656
-6536	-654	-1268	-4383	2176	243	-504	74	-104	5808	29040	5808	69514656
-6171	-654	-1188	-4240	2405	-281	-503	77	-103	5809	29045	5809	69514666
-5562	-664	-1150	-4078	2880	-780	-503	79	-103	5810	29050	5810	69514691
-4828	-631	-1034	-3862	3588	-1244	-505	75	-103	5811	29055	5811	69514703
-4026	-570	-769	-3553	4429	-1621	-507	73	-103	5812	29060	5812	69514703
-3125	-525	-424	-3154	5254	-1905	-503	74	-106	5813	29065	5813	69514703
-2078	-439	15	-2659	6011	-2132	-500	74	-108	5814	29070	5814	69514703
-1246	-365	509	-2201	6390	-2221	-500	72	-108	5815	29075	5815	69514704
-547	-333	1062	-1791	6439	-2241	-500	72	-108	5816	29080	5816	69514704
86	-298	1526	-1456	6168	-2187	-502	74	-113	5817	29085	5817	69514734
652	-276	1833	-1225	5592	-2112	-502	74	-114	5818	29090	5818	69514741
1085	-230	2086	-1093	4768	-2032	-505	79	-112	5819	29095	5819	69514741
1385	-122	2133	-1047	3775	-1925	-506	80	-112	5820	29100	5820	69514741
1499	-98	2207	-1059	2740	-1768	-500	79	-110	5821	29105	5821	69514741
1498	-28	2293	-1163	1778	-1589	-499	79	-109	5822	29110	5822	69514741
1396	-80	2272	-1408	1015	-1405	-501	80	-111	5823	29115	5823	69514741
1199	-128	2417	-1826	522	-1235	-502	80	-112	5824	29120	5824	69514741
1033	-118	2517	-2357	313	-1106	-497	78	-112	5825	29125	5825	69514773
893	-120	2638	-2926	365	-1016	-496	78	-112	5826	29130	5826	69514782
717	-87	2918	-3442	663	-932	-502	74	-102	5827	29135	5827	69514782
667	-33	2992	-3869	1149	-865	-503	73	-99	5828	29140	5828	69514782
574	-59	2901	-4218	1752	-803	-501	78	-110	5829	29145	5829	69514783
448	108	3110	-4437	2364	-703	-501	79	-113	5830	29150	5830	69514783
432	324	3434	-4423	2985	-541	-497	77	-109	5831	29155	5831	69514783
508	348	3640	-4166	3401	-360	-497	77	-109	5832	29160	5832	69514783
468	374	3754	-3771	3644	-137	-501	77	-109	5833	29165	5833	69514784
350	374	3706	-3290	3636	112	-501	77	-109	5834	29170	5834	69514799
214	270	3508	-2815	3327	424	-499	79	-111	5835	29175	5835	69514862
44	70	3298	-2381	2797	752	-499	79	-111	5836	29180	5836	69514890
-220	-16	3010	-2019	2232	1054	-507	79	-115	5837	29185	5837	69514891
-544	-136	2990	-1706	1633	1328	-507	79	-115	5838	29190	5838	69514891
-673	-323	2845	-1417	1056	1577	-502	82	-108	5839	29195	5839	69514892
-856	-410	2652	-1311	639	1747	-502	82	-109	5840	29200	5840	69514892
-605	-386	1948	-1386	247	1857	-504	80	-114	5841	29205	5841	69514893
-399	-446	1179	-1651	-199	1898	-505	80	-113	5842	29210	5842	69514894
-186	-778	664	-2073	-598	1904	-508	80	-110	5843	29215	5843	69514899
376	-1018	-136	-3279	-1134	1803	-508	80	-110	5844	29220	5844	69514899
648	-1158	1204	-5383	-1929	1432	-508	74	-108	5845	29225	5845	69514899
-84	-964	3076	-7253	-2857	865	-508	74	-108	5846	29230	5846	69514900
-1392	-674	2364	-7066	-3563	545	-504	84	-112	5847	29235	5847	69514900
-1982	-506	1870	-3397	-5628	1126	-504	84	-112	5848	29240	5848	69514900
-3661	-426	4506	27	-9202	2098	-502	84	-112	5849	29245	5849	69514904
-7242	82	10751	901	-13439	3079	-504	83	-112	5850	29250	5850	69514922
-12736	2288	18025	-1816	-17646	3627	-512	78	-110	5851	29255	5851	69514939
-19174	4968	20676	-5043	-21643	4057	-511	77	-109	5852	29260	5852	69514939
-25910	6074	18665	-5297	-25593	5208	-505	75	-107	5853	29265	5853	69514939
-32768	5815	15712	-2919	-30154	6739	-507	76	-106	5854	29270	5854	69514939
-32768	6355	14611	-878	-32768	8989	-514	80	-102	5855	29275	5855	69514939
-32768	10720	14756	-958	-32768	16170	-514	79	-99	5856	29280	5856	69514939
-32768	15698	13163	93	-32768	22967	-514	78	-94	5857	29285	5857	69514939
-32768	11968	12258	5246	-23396	22779	-518	77	-90	5858	29290	5858	69514939
-32768	2510	5893	9427	7505	14689	-523	75	-85	5859	29295	5859	69514939
-32768	-726	1649	4761	32767	2313	-523	74	-90	5860	29300	5860	69514940
-32768	48	7615	-3996	32767	-6110	-523	73	-97	5861	29305	5861	69514940
-30470	125	14650	-8680	29061	-9246	-523	76	-95	5862	29310	5862	69514944
-25647	183	16186	-9181	20271	-9033	-522	80	-92	5863	29315	5863	69514949
-22363	1424	12503	-7096	12137	-7056	-521	80	-94	5864	29320	5864	69514949
-20598	1574	3434	-2559	5838	-3199	-519	79	-101	5865	29325	5865	69514953
-20717	480	-4247	1045	3707	-692	-521	77	-101	5866	29330	5866	69514965
-21795	-627	-10085	3421	3887	159	-523	73	-101	5867	29335	5867	69514976
-23036	-437	-12827	4243	5398	66	-523	74	-101	5868	29340	5868	69514977
-24398	1232	-13144	4487	7009	-245	-523	75	-101	5869	29345	5869	69514977
-25927	2204	-13032	5015	7759	-216	-522	79	-99	5870	29350	5870	69514977
-27568	2558	-13281	5247	7279	437	-521	85	-97	5871	29355	5871	69514978
-30037	3636	-13273	4364	5328	1452	-522	82	-98	5872	29360	5872	69514978
-32219	4622	-12387	3319	2788	2261	-523	79	-99	5873	29365	5873	69514984
-32768	4946	-10745	2799	928	2803	-521	81	-101	5874	29370	5874	69515002
-32768	4674	-8410	2551	513	3113	-520	82	-102	5875	29375	5875	69515012
-32768	4309	-5637	2269	1991	2928	-523	81	-103	5876	29380	5876	69515012
-32768	4668	-2608	1773	4711	2317	-525	81	-103	5877	29385	5877	69515012
-32768	5409	350	1264	7333	1671	-526	78	-106	5878	29390	5878	69515012
-31443	5756	2598	883	8813	1284	-526	76	-108	5879	29395	5879	69515012
-28723	5338	4111	566	8978	1233	-527	76	-106	5880	29400	5880	69515012
-25554	4075	5168	201	7886	1377	-528	76	-104	5881	29405	5881	69515041
-23167	2314	5534	110	6180	1398	-524	77	-102	5882	29410	5882	69515051
-21484	412	4902	316	4601	980	-523	77	-101	5883	29415	5883	69515052
-19897	-1272	3721	584	3778	131	-522	76	-108	5884	29420	5884	69515052
-18567	-2475	2561	693	3947	-861	-522	76	-110	5885	29425	5885	69515052
-17082	-3543	1605	477	5070	-2007	-522	74	-109	5886	29430	5886	69515052
-15414	-4480	947	-68	7152	-3246	-522	72	-108	5887	29435	5887	69515053
-13653	-5278	749	-831	9719	-4452	-524	75	-111	5888	29440	5888	69515061
-11495	-5628	1008	-1820	12647	-5737	-525	77	-113	5889	29445	5889	69515083
-9424	-5585	1674	-2625	14851	-6642	-519	78	-114	5890	29450	5890	69515088
-7418	-5448	2455	-3161	16279	-7169	-518	78	-114	5891	29455	5891	69515088
-5416	-5143	3276	-3429	16768	-7403	-516	80	-112	5892	29460	5892	69515089
-3586	-4800	3997	-3449	16280	-7344	-515	81	-111	5893	29465	5893	69515089
-2073	-4428	4269	-3322	14891	-7088	-514	80	-113	5894	29470	5894	69515089
-987	-4086	4379	-3234	12914	-6738	-514	80	-114	5895	29475	5895	69515089
-316	-3711	4182	-3307	10791	-6372	-516	77	-119	5896	29480	5896	69515097
108	-3189	3910	-3470	8831	-6000	-516	76	-120	5897	29485	5897	69515121
326	-2360	3678	-3726	6836	-5569	-518	82	-120	5898	29490	5898	69515126
264	-1410	3586	-3911	5450	-5175	-518	82	-120	5899	29495	5899	69515126
30	-658	3736	-4101	4083	-4750	-514	82	-118	5900	29500	5900	69515126
-380	148	3724	-4265	2585	-4295	-514	82	-118	5901	29505	5901	69515126
-1046	1092	4032	-4379	886	-3737	-515	77	-123	5902	29510	5902	69515126
-1750	1664	3946	-4489	-1028	-3059	-515	77	-123	5903	29515	5903	69515127
-2574	1970	3714	-4719	-3026	-2355	-511	79	-117	5904	29520	5904	69515163
-3660	2190	3094	-5100	-4901	-1729	-511	79	-117	5905	29525	5905	69515163
-5211	2317	2006	-5693	-6619	-1001	-512	82	-122	5906	29530	5906	69515163
-6414	2290	1116	-6138	-7523	-488	-512	82	-122	5907	29535	5907	69515163
-8104	2242	-30	-6700	-8123	153	-506	86	-116	5908	29540	5908	69515163
-9936	2098	-962	-7205	-8198	761	-506	86	-116	5909	29545	5909	69515164
-11968	1924	-1386	-7605	-7937	1328	-515	79	-117	5910	29550	5910	69515164
-14162	1854	-1434	-7916	-7470	1846	-515	79	-117	5911	29555	5911	69515173
-16488	1922	-864	-8032	-7046	2388	-513	83	-117	5912	29560	5912	69515201
-18892	1910	268	-7892	-6755	2981	-513	83	-117	5913	29565	5913	69515201
-21763	1992	2026	-7384	-6843	3585	-516	78	-112	5914	29570	5914	69515201
-24134	1835	3582	-6797	-7223	4004	-515	79	-111	5915	29575	5915	69515201
-26350	1606	4701	-6088	-7772	4224	-511	83	-109	5916	29580	5916	69515201
-28370	1228	5260	-5282	-8209	4199	-512	83	-109	5917	29585	5917	69515201
-29705	797	5194	-4506	-8110	3872	-516	82	-110	5918	29590	5918	69515203
-30187	300	4606	-3930	-7063	3287	-516	83	-109	5919	29595	5919	69515216
-29836	-250	3842	-3491	-4952	2443	-515	85	-105	5920	29600	5920	69515238
-28636	-587	3246	-3329	-2316	1392	-515	84	-106	5921	29605	5921	69515238
-26742	-656	2600	-3422	271	206	-516	78	-110	5922	29610	5922	69515238
-24365	-466	1984	-3720	2312	-1012	-516	79	-110	5923	29615	5923	69515238
-22167	-320	1515	-4006	3289	-1890	-515	81	-109	5924	29620	5924	69515238
-20062	-314	1203	-4346	3531	-2544	-515	81	-109	5925	29625	5925	69515239
-18149	-335	1056	-4814	3204	-2992	-514	82	-108	5926	29630	5926	69515254
-16559	-316	951	-5391	2571	-3260	-511	81	-108	5927	29635	5927	69515276
-15343	-389	1067	-5931	1930	-3402	-507	79	-109	5928	29640	5928	69515276
-14423	-363	1202	-6391	1380	-3466	-508	78	-110	5929	29645	5929	69515276
-13648	-229	1215	-6834	831	-3452	-512	74	-114	5930	29650	5930	69515276
-13032	-73	1252	-7142	452	-3320	-512	76	-112	5931	29655	5931	69515276
-12726	148	1278	-7240	321	-3133	-511	79	-109	5932	29660	5932	69515276
-12576	340	1211	-7104	347	-2936	-508	78	-108	5933	29665	5933	69515280
-12424	558	1046	-6767	412	-2705	-504	76	-106	5934	29670	5934	69515297
-12322	724	819	-6312	376	-2431	-505	78	-108	5935	29675	5935	69515314
-12189	840	542	-5839	225	-2092	-507	81	-111	5936	29680	5936	69515314
-12057	1037	344	-5334	-5	-1689	-509	82	-109	5937	29685	5937	69515314
-12016	1114	226	-4834	-344	-1248	-511	83	-105	5938	29690	5938	69515315
-12117	1190	121	-4401	-858	-731	-512	85	-107	5939	29695	5939	69515316
-12418	1325	70	-4102	-1504	-195	-512	86	-108	5940	29700	5940	69515316
-12885	1456	122	-3973	-2165	305	-509	85	-106	5941	29705	5941	69515337
-13405	1502	121	-3918	-2848	805	-507	85	-105	5942	29710	5942	69515351
-14043	1457	231	-3940	-3505	1276	-508	84	-106	5943	29715	5943	69515351
-14765	1431	383	-4037	-4097	1685	-509	83	-107	5944	29720	5944	69515351
-15452	1362	446	-4185	-4567	2016	-505	82	-108	5945	29725	5945	69515351
-16120	1288	557	-4340	-4863	2267	-502	82	-108	5946	29730	5946	69515351
-16693	1224	765	-4507	-4983	2436	-506	83	-104	5947	29735	5947	69515351
-17098	1181	1012	-4619	-4944	2474	-507	83	-103	5948	29740	5948	69515359
-17313	1178	1221	-4637	-4829	2424	-510	82	-100	5949	29745	5949	69515379
-17504	1198	1439	-4557	-4689	2308	-512	82	-98	5950	29750	5950	69515388
-17608	1193	1689	-4381	-4594	2133	-513	79	-100	5951	29755	5951	69515388
-17671	1116	1886	-4150	-4589	1936	-513	77	-101	5952	29760	5952	69515388
-17637	1096	2063	-3902	-4669	1722	-511	81	-104	5953	29765	5953	69515389
-17567	1048	2104	-3663	-4852	1503	-510	84	-106	5954	29770	5954	69515389
-17471	900	2062	-3447	-5149	1293	-508	83	-101	5955	29775	5955	69515389
-17322	773	1932	-3251	-5582	1066	-507	83	-97	5956	29780	5956	69515409
-17208	636	1826	-3135	-5995	873	-510	81	-97	5957	29785	5957	69515424
-16983	571	1741	-3057	-6343	730	-511	81	-97	5958	29790	5958	69515426
-16788	432	1585	-2939	-6606	608	-510	82	-95	5959	29795	5959	69515426
-16538	299	1321	-2847	-6781	514	-510	82	-94	5960	29800	5960	69515426
-16223	192	1122	-2769	-6881	442	-512	81	-98	5961	29805	5961	69515426
-15846	98	902	-2687	-6908	396	-513	81	-99	5962	29810	5962	69515426
-15475	61	645	-2600	-6873	357	-511	75	-92	5963	29815	5963	69515434
-15028	18	470	-2519	-6761	327	-510	74	-90	5964	29820	5964	69515463
-14782	18	366	-2468	-6569	338	-508	76	-92	5965	29825	5965	69515463
-14598	176	406	-2412	-6369	396	-508	76	-92	5966	29830	5966	69515463
-14616	126	672	-2359	-6211	498	-514	72	-98	5967	29835	5967	69515464
-14772	274	838	-2335	-6158	634	-514	72	-98	5968	29840	5968	69515464
-14940	304	1070	-2332	-6260	837	-508	78	-94	5969	29845	5969	69515464
-15220	342	1308	-2394	-6482	1065	-508	78	-94	5970	29850	5970	69515464
-15652	465	1554	-2486	-6844	1375	-509	79	-90	5971	29855	5971	69515472
-16016	483	1876	-2603	-7301	1703	-509	79	-89	5972	29860	5972	69515496
-16590	468	2200	-2797	-7908	2127	-509	77	-91	5973	29865	5973	69515501
-17110	468	2224	-3045	-8403	2459	-509	77	-91	5974	29870	5974	69515501
-17702	482	2418	-3355	-8772	2756	-514	78	-88	5975	29875	5975	69515501
-18250	490	2346	-3700	-8955	2991	-514	78	-88	5976	29880	5976	69515501
-18648	676	2466	-4019	-8868	3178	-512	76	-86	5977	29885	5977	69515501
-18940	958	2358	-4286	-8546	3290	-512	76	-86	5978	29890	5978	69515501
-19162	1106	2404	-4477	-8047	3328	-511	69	-83	5979	29895	5979	69515538
-19288	1372	2290	-4617	-7384	3328	-511	69	-83	5980	29900	5980	69515538
-19401	1537	2415	-4690	-6439	3167	-516	74	-84	5981	29905	5981	69515538
-19420	1683	2442	-4709	-5547	2962	-515	74	-83	5982	29910	5982	69515538
-19316	1878	2494	-4666	-4624	2735	-509	75	-79	5983	29915	5983	69515538
-19141	1934	2438	-4529	-3796	2474	-510	74	-79	5984	29920	5984	69515538
-18941	1932	2363	-4376	-3179	2186	-516	72	-78	5985	29925	5985	69515540
-18878	1899	2327	-4216	-2794	1911	-516	71	-79	5986	29930	5986	69515559
-18696	1824	2311	-4031	-2604	1684	-516	66	-82	5987	29935	5987	69515597
-18661	1758	2219	-3815	-2573	1475	-516	67	-81	5988	29940	5988	69515598
-18547	1667	2125	-3558	-2651	1279	-514	72	-78	5989	29945	5989	69515598
-18303	1507	1886	-3295	-2822	1105	-515	73	-77	5990	29950	5990	69515599
-18194	1409	1806	-3145	-2999	982	-516	74	-76	5991	29955	5991	69515599
-17969	1308	1854	-3075	-3184	855	-516	74	-76	5992	29960	5992	69515599
-17767	1255	1929	-2974	-3344	771	-514	72	-78	5993	29965	5993	69515607
-17461	1213	2002	-2811	-3443	763	-514	71	-77	5994	29970	5994	69515633
-17145	1255	2111	-2645	-3477	787	-513	69	-75	5995	29975	5995	69515633
-16836	1301	2256	-2513	-3462	850	-513	70	-75	5996	29980	5996	69515633
-16547	1389	2380	-2425	-3469	951	-515	75	-75	5997	29985	5997	69515633
-16230	1516	2548	-2361	-3540	1114	-513	73	-75	5998	29990	5998	69515633
-16121	1662	2625	-2337	-3650	1264	-511	69	-75	5999	29995	5999	69515634
-16117	1745	2685	-2366	-3791	1415	-515	70	-74	6000	30000	6000	69515637
-16180	1737	2755	-2441	-3943	1535	-521	71	-73	6001	30005	6001	69515654
-16279	1642	2758	-2578	-4110	1593	-520	68	-74	6002	30010	6002	69515671
-16450	1509	2721	-2761	-4286	1605	-519	63	-75	6003	30015	6003	69515671
-16547	1377	2692	-2968	-4442	1580	-518	63	-74	6004	30020	6004	69515671
-16609	1149	2611	-3216	-4523	1494	-517	63	-73	6005	30025	6005	69515671
-16669	958	2574	-3476	-4478	1327	-517	64	-72	6006	30030	6006	69515671
-16735	747	2615	-3712	-4337	1104	-517	65	-71	6007	30035	6007	69515671
-16771	589	2784	-3962	-4130	825	-518	67	-72	6008	30040	6008	69515672
-16876	472	2892	-4214	-3891	538	-518	68	-72	6009	30045	6009	69515672
-16986	401	3006	-4432	-3645	261	-517	67	-70	6010	30050	6010	69515676
-17203	324	3176	-4612	-3444	24	-516	66	-68	6011	30055	6011	69515696
-17504	258	3395	-4753	-3317	-148	-514	68	-70	6012	30060	6012	69515708
-17799	241	3644	-4879	-3237	-291	-512	70	-72	6013	30065	6013	69515708
-18142	218	3950	-5016	-3182	-420	-514	71	-70	6014	30070	6014	69515709
-18572	234	4167	-5155	-3132	-480	-516	72	-68	6015	30075	6015	69515709
-18964	288	4400	-5265	-3064	-487	-514	70	-69	6016	30080	6016	69515709
-19321	387	4481	-5360	-2936	-471	-512	68	-70	6017	30085	6017	69515709
-19643	536	4473	-5469	-2743	-418	-513	66	-71	6018	30090	6018	69515709
-19958	702	4505	-5586	-2502	-366	-514	64	-72	6019	30095	6019	69515709
-20195	897	4424	-5700	-2228	-323	-515	66	-69	6020	30100	6020	69515725
-20378	1056	4214	-5818	-1939	-275	-515	67	-67	6021	30105	6021	69515742
-20421	1171	4053	-5977	-1596	-230	-516	68	-66	6022	30110	6022	69515746
-20212	1200	3867	-6130	-1270	-195	-516	68	-66	6023	30115	6023	69515746
-19948	1266	3708	-6261	-921	-167	-513	66	-68	6024	30120	6024	69515746
-19457	1176	3526	-6394	-559	-136	-512	66	-68	6025	30125	6025	69515746
-18970	1044	3470	-6529	-220	-121	-514	69	-63	6026	30130	6026	69515746
-18404	845	3380	-6674	53	-121	-514	70	-62	6027	30135	6027	69515746
-17900	637	3281	-6822	220	-138	-512	67	-67	6028	30140	6028	69515768
-17455	438	3294	-6959	299	-136	-512	66	-68	6029	30145	6029	69515781
-16974	369	3323	-7032	316	-95	-517	69	-70	6030	30150	6030	69515783
-16626	270	3494	-6994	306	18	-518	70	-70	6031	30155	6031	69515783
-16402	298	3548	-6815	309	154	-513	67	-63	6032	30160	6032	69515783
-16237	210	3676	-6559	354	301	-513	67	-63	6033	30165	6033	69515783
-16060	218	3825	-6208	417	490	-511	64	-66	6034	30170	6034	69515783
-16093	154	4026	-5804	445	731	-511	63	-67	6035	30175	6035	69515789
-16124	216	4169	-5360	407	999	-513	66	-61	6036	30180	6036	69515821
-16222	257	4292	-4892	332	1312	-513	67	-59	6037	30185	6037	69515828
-16400	380	4383	-4470	249	1659	-514	66	-60	6038	30190	6038	69515828
-16762	500	4558	-4034	212	2072	-514	66	-60	6039	30195	6039	69515829
-16958	660	4710	-3787	230	2369	-511	63	-63	6040	30200	6040	69515829
-17134	924	4688	-3624	312	2636	-511	63	-63	6041	30205	6041	69515829
-17346	1176	4930	-3508	497	2805	-515	59	-69	6042	30210	6042	69515829
-17410	1564	4988	-3396	809	2907	-515	59	-69	6043	30215	6043	69515864
-17418	1996	5130	-3253	1324	2955	-512	66	-68	6044	30220	6044	69515864
-17264	2368	5176	-3143	2006	2900	-512	66	-68	6045	30225	6045	69515864
-17192	2634	5234	-3110	2823	2729	-510	68	-64	6046	30230	6046	69515864
-17108	2966	5122	-3230	3651	2467	-510	68	-64	6047	30235	6047	69515865
-17024	3104	5028	-3575	4453	2042	-512	68	-66	6048	30240	6048	69515865
-16892	3304	4876	-3957	4893	1678	-510	68	-66	6049	30245	6049	69515867
-16762	3422	4749	-4354	5103	1339	-504	70	-66	6050	30250	6050	69515882
