-16670	219	1834	1697	-2271	-171	-147	231	36	7311	36555	7311	69522208
-16793	121	1746	1655	-2308	-21	-146	232	34	7312	36560	7312	69522209
-16960	-36	1675	1526	-2407	150	-144	233	35	7313	36565	7313	69522210
-16816	-22	1578	1293	-2553	267	-143	233	35	7314	36570	7314	69522210
-16716	186	1530	1078	-2740	358	-144	232	37	7315	36575	7315	69522210
-16577	347	1508	968	-2941	512	-144	232	38	7316	36580	7316	69522211
-16326	170	1432	972	-3189	670	-145	231	40	7317	36585	7317	69522211
-16044	120	1619	877	-3458	755	-145	231	41	7318	36590	7318	69522211
-15967	265	1887	708	-3666	825	-145	235	40	7319	36595	7319	69522213
-16092	454	1922	534	-3819	955	-145	237	39	7320	36600	7320	69522232
-16461	499	1984	371	-3968	1081	-144	230	40	7321	36605	7321	69522244
-16773	496	1843	355	-4013	1144	-144	228	40	7322	36610	7322	69522244
-17011	455	1586	420	-4030	1206	-145	227	44	7323	36615	7323	69522244
-16984	274	1216	598	-4023	1236	-145	227	47	7324	36620	7324	69522244
-16778	114	1167	875	-4009	1142	-144	227	42	7325	36625	7325	69522244
-16673	183	1580	1013	-4019	959	-143	227	39	7326	36630	7326	69522244
-16691	482	1975	1018	-4017	820	-144	228	43	7327	36635	7327	69522266
-16978	710	2056	1152	-3972	770	-144	228	46	7328	36640	7328	69522281
-16841	680	1947	1536	-3804	784	-146	227	45	7329	36645	7329	69522281
-16592	505	1905	1731	-3792	814	-147	227	45	7330	36650	7330	69522281
-16423	399	2052	1683	-3934	877	-143	226	44	7331	36655	7331	69522281
-16166	288	2196	1545	-4077	937	-142	226	44	7332	36660	7332	69522281
-16235	213	2356	1269	-4255	1053	-144	228	47	7333	36665	7333	69522282
-16705	169	2070	1084	-4345	1154	-144	228	48	7334	36670	7334	69522287
-17128	77	1852	1094	-4249	1321	-149	230	45	7335	36675	7335	69522307
-16836	-149	1393	1290	-4062	1469	-153	231	43	7336	36680	7336	69522319
-16499	-253	1240	1535	-4009	1436	-149	230	42	7337	36685	7337	69522319
-16464	-216	1712	2104	-3765	1107	-148	230	42	7338	36690	7338	69522320
-16575	130	2506	2596	-3407	699	-145	227	44	7339	36695	7339	69522320
-16881	497	2617	2962	-3083	466	-144	226	44	7340	36700	7340	69522321
-17137	742	2279	3310	-2746	359	-154	229	46	7341	36705	7341	69522321
-17213	829	1968	3656	-2377	169	-156	230	46	7342	36710	7342	69522343
-17194	1080	2164	4177	-1916	-152	-150	229	48	7343	36715	7343	69522358
-17090	1215	2375	4883	-1444	-529	-149	229	49	7344	36720	7344	69522360
-16842	1264	2692	5316	-1095	-821	-149	229	49	7345	36725	7345	69522360
-16426	1178	3076	5310	-1089	-801	-149	229	49	7346	36730	7346	69522360
-16406	758	3056	5029	-1332	-585	-149	226	47	7347	36735	7347	69522360
-16623	519	2796	4659	-1585	-399	-149	225	47	7348	36740	7348	69522360
-16768	464	2545	4269	-1719	-250	-147	228	49	7349	36745	7349	69522366
-17011	385	2087	3879	-1772	-88	-147	229	49	7350	36750	7350	69522408
-17157	507	2018	3464	-1669	6	-146	220	47	7351	36755	7351	69522435
-16970	467	1908	3241	-1576	169	-146	218	46	7352	36760	7352	69522441
-16996	-96	1020	3469	-1408	324	-147	225	47	7353	36765	7353	69522442
-16614	-538	1052	3524	-899	405	-147	227	47	7354	36770	7354	69522442
-16088	-104	1944	3463	-602	422	-152	230	40	7355	36775	7355	69522442
-16070	44	2556	3606	-577	513	-152	230	40	7356	36780	7356	69522443
-15940	286	3294	3500	-843	762	-152	228	46	7357	36785	7357	69522443
-15996	462	3660	3138	-1422	1148	-152	228	46	7358	36790	7358	69522443
-16470	986	3814	2668	-1920	1502	-150	222	44	7359	36795	7359	69522443
-16412	939	3426	2560	-2252	1767	-150	222	44	7360	36800	7360	69522443
-16445	776	2732	2492	-2552	1985	-154	223	48	7361	36805	7361	69522443
-16664	682	1824	2477	-2731	2097	-155	223	49	7362	36810	7362	69522443
-16410	894	2948	2407	-2720	2193	-148	228	46	7363	36815	7363	69522443
-16578	1164	3404	2549	-2898	2253	-148	228	46	7364	36820	7364	69522443
-16672	1166	3554	2807	-3030	2275	-148	224	48	7365	36825	7365	69522443
-16908	1020	3074	2802	-3194	2338	-148	224	48	7366	36830	7366	69522444
-16454	1092	3342	2916	-3234	2399	-149	219	43	7367	36835	7367	69522444
-16128	1058	3366	3104	-3484	2446	-149	219	43	7368	36840	7368	69522534
-16106	1064	3508	3301	-3698	2490	-157	223	49	7369	36845	7369	69522534
-15982	688	3454	3465	-3913	2629	-157	223	49	7370	36850	7370	69522534
-16141	207	3095	3353	-4166	2751	-157	223	47	7371	36855	7371	69522534
-16378	92	3010	3045	-4338	2818	-157	223	47	7372	36860	7372	69522534
-16696	340	2618	2513	-4469	2954	-153	221	45	7373	36865	7373	69522534
-16690	514	2300	2199	-4496	3133	-153	221	45	7374	36870	7374	69522534
-16586	732	2548	1929	-4558	3323	-157	221	45	7375	36875	7375	69522556
-16266	306	2530	1640	-4632	3539	-157	221	45	7376	36880	7376	69522579
-16138	192	3102	1191	-4668	3668	-155	219	47	7377	36885	7377	69522579
-15988	546	3116	808	-4745	3891	-155	219	47	7378	36890	7378	69522579
-16230	508	2952	678	-4774	4012	-160	226	52	7379	36895	7379	69522580
-16383	989	3172	792	-4830	4007	-160	224	51	7380	36900	7380	69522581
-16577	1502	3565	1315	-4936	3950	-160	214	48	7381	36905	7381	69522581
-16573	1595	3541	2020	-5049	3868	-160	214	48	7382	36910	7382	69522583
-16490	2003	3982	2503	-5161	3786	-161	215	47	7383	36915	7383	69522584
-16133	1992	4188	2807	-5276	3800	-162	216	47	7384	36920	7384	69522585
-16120	1990	3808	2911	-5408	3795	-164	220	48	7385	36925	7385	69522585
-16272	1942	3522	2686	-5427	3838	-164	220	48	7386	36930	7386	69522585
-16298	1902	3804	2472	-5470	3912	-162	214	56	7387	36935	7387	69522617
-16279	1707	3864	2218	-5579	4000	-162	214	55	7388	36940	7388	69522617
-16063	1605	3667	1889	-5603	4062	-162	214	50	7389	36945	7389	69522617
-16095	1386	3190	1434	-5586	4116	-162	214	51	7390	36950	7390	69522617
-16416	1246	2750	847	-5536	4150	-162	214	56	7391	36955	7391	69522617
-16414	1389	2639	376	-5560	4200	-162	213	56	7392	36960	7392	69522617
-15962	1311	2736	349	-5655	4204	-162	210	56	7393	36965	7393	69522617
-15540	1480	3403	186	-5866	4169	-162	209	57	7394	36970	7394	69522617
-15807	1772	3630	-63	-6000	4149	-161	205	61	7395	36975	7395	69522617
-16329	2205	3449	-242	-6054	4053	-162	205	61	7396	36980	7396	69522617
-16472	2688	3640	-157	-6122	3968	-165	205	61	7397	36985	7397	69522617
-15994	2860	3919	88	-6238	3955	-165	205	61	7398	36990	7398	69522617
-15918	2423	4106	167	-6324	3939	-163	207	61	7399	36995	7399	69522619
-15868	2368	4397	30	-6423	3880	-164	207	62	7400	37000	7400	69522625
-15868	2833	4732	-123	-6505	3832	-167	205	67	7401	37005	7401	69522627
-15923	3018	4977	-284	-6563	3796	-168	206	66	7402	37010	7402	69522641
-16008	2799	4718	-326	-6620	3763	-172	208	64	7403	37015	7403	69522656
-16049	2537	4564	-470	-6716	3825	-172	205	65	7404	37020	7404	69522656
-16056	2388	4580	-638	-6794	3893	-172	200	66	7405	37025	7405	69522656
-15997	2261	4307	-846	-6873	3961	-172	200	66	7406	37030	7406	69522656
-16414	2138	3576	-1097	-6903	4000	-171	201	65	7407	37035	7407	69522656
-16819	1903	3061	-1328	-6932	4036	-169	202	65	7408	37040	7408	69522656
-16378	1831	3469	-1461	-7047	4119	-165	203	65	7409	37045	7409	69522663
-15883	1630	4494	-1574	-7245	4209	-166	202	66	7410	37050	7410	69522678
-15524	1699	5176	-1833	-7488	4294	-169	199	71	7411	37055	7411	69522688
-15452	2181	4722	-2390	-7634	4351	-168	199	72	7412	37060	7412	69522689
-16075	3401	4566	-3159	-7722	4419	-166	198	76	7413	37065	7413	69522689
-16568	3915	4882	-3509	-7833	4518	-168	198	76	7414	37070	7414	69522689
-16448	3461	5521	-3582	-8054	4636	-171	197	75	7415	37075	7415	69522689
-16027	2832	5660	-3676	-8361	4747	-172	192	75	7416	37080	7416	69522689
-15888	2350	4780	-3822	-8653	4822	-174	184	76	7417	37085	7417	69522692
-16110	2756	4387	-4153	-8938	4848	-175	187	79	7418	37090	7418	69522710
-16102	3274	4842	-4337	-9292	4865	-176	192	84	7419	37095	7419	69522730
-16078	3439	5625	-4288	-9713	4771	-177	190	84	7420	37100	7420	69522730
-15832	3702	6532	-4498	-10124	4661	-177	187	83	7421	37105	7421	69522731
-15430	4195	7229	-4888	-10431	4619	-174	185	87	7422	37110	7422	69522731
-14943	4400	7442	-5169	-10762	4616	-171	183	91	7423	37115	7423	69522734
-14313	4472	7180	-5263	-11231	4687	-173	183	88	7424	37120	7424	69522752
-13708	4180	6908	-5234	-11817	4827	-177	183	83	7425	37125	7425	69522771
-13150	3768	6782	-5490	-12450	4885	-176	183	86	7426	37130	7426	69522771
-12722	3740	6309	-6105	-12980	4873	-174	182	90	7427	37135	7427	69522771
-12360	3552	5568	-6768	-13310	4804	-174	178	93	7428	37140	7428	69522772
-12408	3712	5702	-7527	-13448	4599	-175	173	97	7429	37145	7429	69522772
-13289	3793	7558	-8108	-13301	4198	-171	174	101	7430	37150	7430	69522772
-13860	2944	8378	-8216	-12871	3652	-168	174	104	7431	37155	7431	69522795
-14126	2949	8542	-8278	-12134	3004	-170	173	108	7432	37160	7432	69522811
-14552	4319	9200	-8225	-11225	2429	-171	173	111	7433	37165	7433	69522811
-15000	5505	9793	-7668	-10254	1810	-171	175	109	7434	37170	7434	69522811
-15143	6186	10296	-6887	-9373	1217	-171	177	107	7435	37175	7435	69522812
-15128	6748	10815	-5990	-8495	652	-169	177	109	7436	37180	7436	69522812
-15189	6904	11203	-4865	-7439	-9	-166	176	112	7437	37185	7437	69522813
-15490	6864	11563	-4002	-6390	-631	-167	172	114	7438	37190	7438	69522813
-15864	6771	11626	-3483	-5348	-1215	-168	170	116	7439	37195	7439	69522814
-16651	6918	11491	-3278	-4346	-1801	-166	171	118	7440	37200	7440	69522833
-17833	6756	10910	-3219	-3352	-2452	-165	171	119	7441	37205	7441	69522845
-18469	6120	10429	-3307	-2372	-3208	-164	170	120	7442	37210	7442	69522845
-18608	5842	10788	-3752	-1476	-3967	-164	170	120	7443	37215	7443	69522846
-19051	5311	11269	-4447	-407	-4708	-166	172	122	7444	37220	7444	69522846
-19521	4588	11040	-5401	1001	-5596	-168	174	124	7445	37225	7445	69522846
-20167	4197	11248	-6800	2778	-6799	-167	173	126	7446	37230	7446	69522847
-20877	4208	12157	-8009	4248	-7712	-166	172	126	7447	37235	7447	69522847
-21294	3642	13146	-9175	6012	-8682	-162	174	126	7448	37240	7448	69522852
-21372	3029	13701	-10162	8110	-9790	-160	176	126	7449	37245	7449	69522872
-21737	2140	13750	-10629	10119	-10897	-156	175	125	7450	37250	7450	69522884
-22501	2381	13962	-10624	11934	-12191	-154	174	124	7451	37255	7451	69522884
-23726	5404	14748	-9393	13236	-13283	-151	179	126	7452	37260	7452	69522884
-27086	6363	14850	-6337	14334	-13810	-149	183	127	7453	37265	7453	69522885
-31809	7665	12586	-2201	16369	-15080	-148	188	121	7454	37270	7454	69522885
-32768	11967	11930	438	19104	-16087	-147	189	119	7455	37275	7455	69522891
-32768	11467	10032	3630	21317	-16025	-149	193	110	7456	37280	7456	69522915
-32768	8396	7370	7531	23814	-16209	-150	194	108	7457	37285	7457	69522920
-32768	8121	5853	10487	26898	-16396	-150	197	108	7458	37290	7458	69522920
-32768	9625	3175	12663	30017	-15197	-150	198	108	7459	37295	7459	69522920
-32768	8331	-489	15061	32057	-13259	-149	201	100	7460	37300	7460	69522920
-32768	3730	-4514	17021	32767	-11714	-148	202	96	7461	37305	7461	69522920
-32768	1484	-8033	16788	32767	-11733	-149	207	88	7462	37310	7462	69522920
-32768	2268	-11600	16255	32767	-12510	-149	209	85	7463	37315	7463	69522937
-32768	2344	-17967	16409	32767	-12374	-150	215	76	7464	37320	7464	69522954
-32768	2432	-26068	17472	32767	-11763	-150	216	74	7465	37325	7465	69522957
-32768	2319	-30331	19665	32767	-11206	-147	211	58	7466	37330	7466	69522957
-32768	-591	-26759	23155	32767	-12328	-146	210	54	7467	37335	7467	69522957
-21624	-5688	-24592	25208	32767	-15116	-143	218	46	7468	37340	7468	69522958
-10828	-7033	-15450	21759	32767	-16747	-142	220	44	7469	37345	7469	69522958
-27980	-1730	-1508	11451	32767	-14512	-140	214	32	7470	37350	7470	69522966
-32768	8870	2020	-4479	32767	-7195	-139	213	29	7471	37355	7471	69522994
-32768	12238	27643	-9229	32767	-1620	-140	214	18	7472	37360	7472	69522994
-26840	17866	32767	-9959	32767	2481	-140	214	16	7473	37365	7473	69522995
-10118	3520	32767	4057	32767	5700	-134	211	11	7474	37370	7474	69522995
-22706	-14277	32767	14628	25475	4016	-132	210	10	7475	37375	7475	69522995
-5939	-29765	32767	15552	17898	-3321	-138	208	1	7476	37380	7476	69522995
9924	-17690	3592	9988	13380	-3717	-139	207	-1	7477	37385	7477	69522996
8332	12986	359	2763	9287	-2320	-133	209	-2	7478	37390	7478	69523010
-4508	29348	12372	9201	5341	1633	-132	210	-2	7479	37395	7479	69523031
-6674	20586	30106	17501	1623	5294	-137	207	5	7480	37400	7480	69523031
-1580	2228	32767	22085	-1925	6322	-137	207	5	7481	37405	7481	69523031
1414	-16602	27118	22209	-5153	4837	-135	203	1	7482	37410	7482	69523031
-1006	-22808	12746	15997	-7608	2002	-135	203	1	7483	37415	7483	69523031
-2200	-14530	2516	7615	-9047	-686	-132	202	-4	7484	37420	7484	69523031
-2772	-3337	956	2594	-10077	-1278	-132	202	-4	7485	37425	7485	69523040
-3971	4379	1644	222	-11085	-632	-132	202	-2	7486	37430	7486	69523064
-6132	3492	1262	866	-12032	884	-132	202	-2	7487	37435	7487	69523069
-6290	-2622	-802	1180	-12229	1683	-130	196	2	7488	37440	7488	69523069
-5520	-7528	-5108	-298	-11754	1617	-130	196	2	7489	37445	7489	69523069
-4232	-8416	-8716	-3461	-10750	984	-129	199	1	7490	37450	7490	69523070
-3426	-5986	-10864	-7129	-9457	308	-129	199	1	7491	37455	7491	69523070
-3094	-2726	-11852	-9947	-8082	-126	-131	199	9	7492	37460	7492	69523070
-2882	-304	-11720	-11486	-6772	-345	-131	199	9	7493	37465	7493	69523101
-2584	816	-10772	-11833	-5469	-477	-128	194	8	7494	37470	7494	69523101
-2124	972	-9414	-11371	-4172	-613	-128	194	8	7495	37475	7495	69523101
-1508	1430	-7936	-10335	-2698	-772	-130	194	8	7496	37480	7496	69523101
-946	2117	-6864	-9127	-1687	-883	-130	194	8	7497	37485	7497	69523101
-504	2924	-6096	-7746	-934	-965	-128	196	10	7498	37490	7498	69523101
-224	3476	-5524	-5551	-251	-1028	-128	196	10	7499	37495	7499	69523102
110	3562	-4876	-3083	261	-1027	-123	197	15	7500	37500	7500	69523109
366	3506	-4046	-684	611	-1008	-123	197	15	7501	37505	7501	69523139
572	3086	-3206	1520	773	-984	-121	193	17	7502	37510	7502	69523139
734	2512	-2498	3304	800	-874	-121	193	17	7503	37515	7503	69523139
1094	1805	-1651	4720	765	-708	-122	194	22	7504	37520	7504	69523139
1096	684	-1167	5514	682	-580	-122	194	20	7505	37525	7505	69523142
1154	-346	-892	5780	593	-490	-122	194	12	7506	37530	7506	69523155
1239	-755	-688	5598	496	-495	-121	194	12	7507	37535	7507	69523176
1373	-1231	-676	5349	386	-568	-116	196	12	7508	37540	7508	69523176
1577	-1559	-959	5051	304	-687	-118	196	12	7509	37545	7509	69523176
1422	-1624	-824	4671	217	-830	-129	193	11	7510	37550	7510	69523176
1502	-1652	-792	4297	208	-994	-129	193	11	7511	37555	7511	69523176
1224	-1406	-568	3939	207	-1154	-123	193	9	7512	37560	7512	69523176
1180	-1398	-323	3504	257	-1276	-122	193	9	7513	37565	7513	69523181
1146	-1074	-160	3203	291	-1320	-116	194	8	7514	37570	7514	69523205
1033	-645	-127	2948	334	-1325	-117	193	9	7515	37575	7515	69523214
850	-387	-265	2811	417	-1300	-122	190	12	7516	37580	7516	69523214
628	-320	-350	2757	488	-1287	-121	190	11	7517	37585	7517	69523214
406	-77	-614	2677	573	-1243	-118	192	6	7518	37590	7518	69523214
317	325	-632	2513	674	-1188	-119	193	6	7519	37595	7519	69523214
22	365	-497	2449	755	-1117	-122	196	8	7520	37600	7520	69523214
-268	-12	-213	2395	825	-1097	-122	194	9	7521	37605	7521	69523229
-503	-159	137	2206	864	-1140	-122	192	10	7522	37610	7522	69523251
-743	-84	471	1954	865	-1212	-123	192	10	7523	37615	7523	69523251
-946	-47	816	1704	836	-1286	-126	194	10	7524	37620	7524	69523251
-1147	-29	1005	1471	766	-1339	-125	195	8	7525	37625	7525	69523251
-1327	80	1271	1194	654	-1380	-122	200	2	7526	37630	7526	69523251
-1437	-28	1266	911	491	-1393	-122	199	3	7527	37635	7527	69523251
-1505	-207	1259	484	320	-1333	-123	197	5	7528	37640	7528	69523253
-1537	-281	1263	-181	128	-1215	-125	199	5	7529	37645	7529	69523271
-1330	-686	1125	-859	-57	-1114	-127	203	5	7530	37650	7530	69523288
-1037	-1168	907	-1698	-229	-1068	-127	203	6	7531	37655	7531	69523288
-1039	-1225	938	-2800	-393	-1124	-126	202	8	7532	37660	7532	69523288
-1343	-746	1231	-4034	-566	-1219	-126	203	8	7533	37665	7533	69523289
-1531	-26	1787	-5237	-773	-1291	-125	205	7	7534	37670	7534	69523289
-1483	302	2240	-6103	-1023	-1304	-126	205	8	7535	37675	7535	69523289
-1382	425	2662	-6712	-1312	-1285	-127	205	9	7536	37680	7536	69523296
-1076	477	2680	-7255	-1659	-1238	-127	206	10	7537	37685	7537	69523326
-839	845	2271	-7680	-1964	-1198	-125	207	13	7538	37690	7538	69523326
-890	1854	2038	-8070	-2171	-1099	-123	205	13	7539	37695	7539	69523327
-1032	3144	1866	-8276	-2334	-894	-121	201	13	7540	37700	7540	69523327
-1211	4129	1622	-8199	-2496	-574	-127	203	13	7541	37705	7541	69523327
-1201	3971	1163	-7726	-2669	-190	-135	205	13	7542	37710	7542	69523328
-1098	2818	942	-7046	-2843	170	-133	206	14	7543	37715	7543	69523334
-1282	1690	1209	-6609	-3072	423	-129	207	15	7544	37720	7544	69523351
-1566	1026	1301	-6542	-3388	599	-133	206	15	7545	37725	7545	69523363
-1626	910	1319	-6742	-3778	802	-137	205	15	7546	37730	7546	69523364
-1582	1145	1625	-6890	-4191	1047	-138	203	15	7547	37735	7547	69523364
-1620	1288	1979	-6873	-4673	1330	-139	201	15	7548	37740	7548	69523364
-1660	622	2195	-6700	-5266	1620	-138	205	19	7549	37745	7549	69523364
-6275	3298	9133	-6697	-6102	1798	-136	210	24	7550	37750	7550	69523364
-19790	18268	24911	-10670	-8879	92	-135	211	24	7551	37755	7551	69523381
-26655	32767	32767	-15006	-17011	-3522	-133	213	23	7552	37760	7552	69523407
-26642	32767	32767	-10610	-27841	-1131	-136	213	27	7553	37765	7553	69523408
-32768	32767	32767	12801	-32768	3391	-140	214	32	7554	37770	7554	69523408
-32768	-6554	-6554	32672	-32768	16943	-145	216	37	7555	37775	7555	69523408
-7057	-32768	-32768	7922	-32768	30388	-148	218	40	7556	37780	7556	69523408
-15627	-3957	-32768	-23118	-32768	10380	-152	213	47	7557	37785	7557	69523408
-32768	-6812	-32768	-28110	-32768	6182	-154	210	52	7558	37790	7558	69523414
-31557	-6833	-32370	-29663	-32768	9127	-153	207	60	7559	37795	7559	69523435
-25433	7791	-20161	-31942	-32768	5031	-153	205	65	7560	37800	7560	69523446
-25177	6238	1895	-26551	-32768	4136	-153	207	68	7561	37805	7561	69523446
-32768	-13947	15877	-12637	-32768	4407	-152	210	72	7562	37810	7562	69523446
-32768	-22208	8823	-3022	-32768	3614	-153	206	83	7563	37815	7563	69523446
-32768	-18474	5615	-5154	-31652	5901	-153	203	91	7564	37820	7564	69523446
-19500	-20746	3408	-8102	-27175	6460	-151	205	93	7565	37825	7565	69523446
-15690	-13440	4154	-9693	-23555	4055	-150	206	94	7566	37830	7566	69523463
-27280	12626	2578	-11217	-20068	4358	-152	205	100	7567	37835	7567	69523480
-32768	29922	-3984	-7144	-11789	7552	-154	204	104	7568	37840	7568	69523484
-32768	32767	-21554	2598	-6773	9831	-155	203	108	7569	37845	7569	69523484
-32768	6945	-32187	9767	-11809	8412	-156	202	110	7570	37850	7570	69523484
-32768	-24834	-17963	10413	-23925	9254	-155	205	110	7571	37855	7571	69523484
-27676	-29693	10900	4377	-29869	10697	-154	206	110	7572	37860	7572	69523484
-19495	-24691	28312	-1918	-28826	11712	-150	200	111	7573	37865	7573	69523484
-8281	-13580	29286	-6189	-22270	11776	-148	196	112	7574	37870	7574	69523484
1903	-584	23320	-8809	-13898	10470	-149	194	119	7575	37875	7575	69523484
8516	14192	18848	-9294	-7843	8255	-150	192	124	7576	37880	7576	69523501
11359	22236	18144	-3458	-6018	5496	-151	190	123	7577	37885	7577	69523518
7192	26813	19444	3014	-6554	2478	-151	189	123	7578	37890	7578	69523521
-486	31856	16286	6699	-5133	1191	-154	185	120	7579	37895	7579	69523523
-8736	28233	9468	9792	-1746	1516	-155	183	119	7580	37900	7580	69523525
-16082	19284	11121	11178	763	1568	-158	188	117	7581	37905	7581	69523525
-22671	6328	8539	11644	2257	1642	-159	189	117	7582	37910	7582	69523526
-26756	-2100	7533	9308	3419	1949	-160	182	116	7583	37915	7583	69523528
-27558	-4646	7471	6766	3739	1610	-160	180	116	7584	37920	7584	69523552
-25491	-4105	7986	5517	3753	574	-161	179	115	7585	37925	7585	69523558
-22118	-2595	8559	5062	4062	-848	-161	179	115	7586	37930	7586	69523559
-17489	874	8546	4926	4859	-2550	-161	182	112	7587	37935	7587	69523559
-14568	4172	8424	4783	5406	-3764	-161	183	111	7588	37940	7588	69523559
-13376	5811	8385	4761	5564	-4587	-161	189	109	7589	37945	7589	69523559
-13615	5443	7892	4739	5557	-5164	-161	191	109	7590	37950	7590	69523559
-14195	4024	7212	4459	5353	-5289	-159	193	106	7591	37955	7591	69523582
-14418	2823	7010	3748	5123	-5324	-159	193	105	7592	37960	7592	69523594
-14526	2221	7146	3021	5001	-5499	-158	189	107	7593	37965	7593	69523596
-14692	2185	7608	2444	4888	-5794	-158	188	108	7594	37970	7594	69523597
-14840	2139	7970	2017	4787	-6014	-160	190	106	7595	37975	7595	69523597
-14900	2626	8400	1331	4689	-6099	-160	190	106	7596	37980	7596	69523597
-14988	2808	8684	865	4733	-6049	-160	192	100	7597	37985	7597	69523598
-15156	2631	8726	409	4917	-5855	-160	192	100	7598	37990	7598	69523611
-15347	2305	8660	-157	5186	-5458	-158	196	102	7599	37995	7599	69523625
-15445	1971	8544	-777	5502	-4944	-157	197	103	7600	38000	7600	69523628
-15479	1576	8472	-1292	5801	-4444	-157	199	106	7601	38005	7601	69523629
-15505	1264	8281	-1675	6047	-4026	-157	199	107	7602	38010	7602	69523629
-15518	1224	8198	-1979	6276	-3736	-156	200	98	7603	38015	7603	69523629
-15610	1594	8304	-2238	6487	-3570	-156	200	96	7604	38020	7604	69523629
-15814	1610	8244	-2312	6608	-3525	-153	199	97	7605	38025	7605	69523629
-16022	1870	7788	-2445	6666	-3505	-153	199	97	7606	38030	7606	69523654
-15980	1876	7350	-2458	6602	-3442	-155	199	95	7607	38035	7607	69523666
-16156	1644	6778	-2427	6517	-3396	-155	199	95	7608	38040	7608	69523666
-16106	1430	6164	-2417	6361	-3382	-154	196	96	7609	38045	7609	69523666
-15996	1165	6149	-2354	6190	-3365	-154	196	96	7610	38050	7610	69523666
-15840	978	6239	-2210	5983	-3343	-154	201	98	7611	38055	7611	69523672
-15700	798	6332	-2035	5746	-3263	-154	202	98	7612	38060	7612	69523703
-15576	560	6310	-1870	5610	-3097	-145	203	93	7613	38065	7613	69523703
-15346	738	6064	-1756	5470	-2902	-145	203	93	7614	38070	7614	69523704
-15016	798	5564	-1534	5333	-2609	-159	201	93	7615	38075	7615	69523704
-14738	854	5296	-1451	5292	-2336	-159	201	93	7616	38080	7616	69523704
-14688	824	5638	-1530	5341	-2032	-153	205	89	7617	38085	7617	69523704
-14634	874	6064	-1625	5476	-1710	-153	205	89	7618	38090	7618	69523704
-14942	820	6350	-1645	5623	-1326	-147	207	87	7619	38095	7619	69523712
-15334	658	6004	-1644	5760	-887	-147	207	87	7620	38100	7620	69523747
-15698	383	5241	-1619	5880	-362	-156	206	92	7621	38105	7621	69523748
-15890	248	4891	-1664	5921	-23	-156	206	91	7622	38110	7622	69523749
-16022	236	4646	-1666	5928	196	-154	208	88	7623	38115	7623	69523750
-16210	-118	4360	-1564	5929	321	-154	208	88	7624	38120	7624	69523750
-16102	-476	4164	-1498	5855	341	-152	214	90	7625	38125	7625	69523751
-16104	-522	4142	-1502	5806	294	-152	214	90	7626	38130	7626	69523759
-16342	-602	3878	-1569	5670	254	-149	207	85	7627	38135	7627	69523812
-16312	-282	3726	-1655	5559	215	-149	207	85	7628	38140	7628	69523812
-16223	322	3848	-1755	5452	182	-146	214	86	7629	38145	7629	69523812
-16188	750	4113	-1831	5305	104	-146	214	86	7630	38150	7630	69523812
-16144	1253	4342	-1884	5210	-24	-148	212	86	7631	38155	7631	69523812
-16257	1421	4281	-1888	5123	-163	-148	213	85	7632	38160	7632	69523816
-16364	1553	4135	-1847	5055	-273	-149	215	81	7633	38165	7633	69523839
-16227	1563	4032	-1803	4922	-404	-149	216	81	7634	38170	7634	69523861
-16230	1786	4262	-1812	4769	-563	-151	219	81	7635	38175	7635	69523861
-16088	2092	4184	-1658	4648	-808	-151	219	81	7636	38180	7636	69523862
-15996	1830	4414	-1392	4566	-1154	-150	210	86	7637	38185	7637	69523862
-15967	1530	4497	-1278	4421	-1458	-150	210	85	7638	38190	7638	69523863
-16044	1647	4533	-1276	4256	-1679	-152	210	80	7639	38195	7639	69523863
-16141	1706	4338	-1190	4138	-1917	-152	211	80	7640	38200	7640	69523863
-16148	1853	4161	-1067	4092	-2133	-151	215	81	7641	38205	7641	69523871
-16094	1930	4124	-1000	4012	-2336	-151	215	81	7642	38210	7642	69523900
-15958	1896	4220	-960	3930	-2515	-152	214	80	7643	38215	7643	69523900
-15886	1666	4049	-888	3868	-2618	-151	214	81	7644	38220	7644	69523900
-15889	1291	3875	-824	3783	-2666	-148	212	84	7645	38225	7645	69523900
-16065	866	3794	-864	3671	-2713	-145	213	80	7646	38230	7646	69523900
-16190	789	3954	-976	3588	-2769	-141	215	75	7647	38235	7647	69523900
-16290	883	4166	-1080	3533	-2808	-142	215	75	7648	38240	7648	69523900
-16310	1008	4260	-1088	3503	-2811	-147	217	73	7649	38245	7649	69523901
-16434	1105	4234	-995	3438	-2880	-146	218	74	7650	38250	7650	69523901
-16333	966	4129	-732	3373	-2991	-141	223	79	7651	38255	7651	69523901
-16260	867	3961	-385	3364	-3097	-142	221	78	7652	38260	7652	69523901
-16185	745	3923	-224	3265	-3236	-147	215	73	7653	38265	7653	69523903
-16426	794	4032	-68	3179	-3271	-145	216	72	7654	38270	7654	69523909
-16580	607	3691	170	3251	-3212	-141	217	71	7655	38275	7655	69523909
-16786	796	3501	210	3316	-3058	-142	219	72	7656	38280	7656	69523909
-17060	903	3280	524	3261	-2844	-143	221	73	7657	38285	7657	69523909
-16941	-8	2801	1236	3116	-2719	-142	222	71	7658	38290	7658	69523926
-16921	-361	2777	1583	2993	-2819	-140	224	68	7659	38295	7659	69523951
-17056	-539	2949	1639	2823	-2803	-140	225	68	7660	38300	7660	69523951
-16920	-524	3443	1658	2713	-2691	-142	228	68	7661	38305	7661	69523951
-16569	-481	3788	1572	2616	-2436	-143	226	68	7662	38310	7662	69523952
-16295	-138	3759	1532	2553	-2239	-144	220	66	7663	38315	7663	69523952
-16338	100	3506	1598	2532	-2142	-142	220	68	7664	38320	7664	69523952
-16416	-91	3332	1620	2495	-1977	-138	220	72	7665	38325	7665	69523952
-16455	-323	3340	1482	2462	-1762	-140	222	70	7666	38330	7666	69523964
-16364	-362	3324	1261	2433	-1614	-144	226	68	7667	38335	7667	69523981
-16286	-442	3328	1010	2394	-1438	-143	225	66	7668	38340	7668	69523981
-16359	-340	3433	747	2354	-1268	-142	224	62	7669	38345	7669	69523981
-16205	-247	3454	476	2356	-1060	-145	225	66	7670	38350	7670	69523982
-16130	-149	3538	184	2338	-901	-147	225	69	7671	38355	7671	69523982
-16318	144	3629	-10	2357	-873	-142	224	66	7672	38360	7672	69523982
-16386	346	3662	-103	2406	-795	-137	223	63	7673	38365	7673	69523982
-16350	335	3545	-106	2468	-668	-136	224	62	7674	38370	7674	69523996
-16494	308	3288	-105	2552	-651	-134	226	60	7675	38375	7675	69524018
-16830	334	3155	-182	2607	-647	-137	226	60	7676	38380	7676	69524018
-16913	515	3120	-237	2650	-668	-141	227	59	7677	38385	7677	69524019
-17128	569	2989	-174	2637	-718	-143	225	61	7678	38390	7678	69524019
-17130	620	2806	-50	2593	-742	-145	223	65	7679	38395	7679	69524019
-16822	692	2797	109	2515	-781	-141	225	61	7680	38400	7680	69524020
-16600	744	2893	209	2402	-785	-138	226	58	7681	38405	7681	69524020
-16551	656	2963	274	2308	-791	-140	224	57	7682	38410	7682	69524025
-16401	749	3196	292	2249	-847	-141	223	57	7683	38415	7683	69524045
-16355	767	3238	317	2191	-919	-142	225	59	7684	38420	7684	69524056
-16360	793	3138	279	2179	-949	-142	226	60	7685	38425	7685	69524056
-16419	895	2965	217	2169	-953	-142	226	60	7686	38430	7686	69524056
-16649	882	2784	255	2121	-952	-141	225	59	7687	38435	7687	69524056
-16624	744	2732	373	2065	-1024	-138	224	61	7688	38440	7688	69524057
-16618	657	2565	489	1964	-1103	-136	224	62	7689	38445	7689	69524057
-16584	261	2389	624	1859	-1102	-135	226	60	7690	38450	7690	69524092
-16538	-74	2248	707	1727	-1084	-134	228	58	7691	38455	7691	69524116
-16652	-267	2142	686	1586	-1060	-141	227	56	7692	38460	7692	69524117
-16604	-205	2170	567	1470	-1042	-145	227	55	7693	38465	7693	69524118
-16524	-144	2369	481	1347	-1002	-139	229	56	7694	38470	7694	69524118
-16417	-182	2305	447	1223	-948	-135	231	57	7695	38475	7695	69524119
-16433	-218	2328	415	1072	-850	-140	231	56	7696	38480	7696	69524120
-16407	-228	2403	381	992	-802	-141	231	55	7697	38485	7697	69524121
-16356	-353	2485	317	881	-734	-139	229	56	7698	38490	7698	69524127
-16378	-353	2595	180	780	-637	-137	227	57	7699	38495	7699	69524131
-16411	-179	2681	63	726	-581	-138	225	60	7700	38500	7700	69524131
-16388	-118	2670	19	680	-503	-138	224	62	7701	38505	7701	69524131
-16387	32	2691	-45	638	-447	-139	228	58	7702	38510	7702	69524131
-16447	278	2764	-85	597	-429	-140	230	56	7703	38515	7703	69524131
-16479	379	2798	-30	567	-407	-140	230	55	7704	38520	7704	69524131
-16486	459	2650	51	539	-356	-140	230	54	7705	38525	7705	69524154
-16565	326	2543	103	494	-330	-139	226	56	7706	38530	7706	69524167
-16582	203	2380	147	418	-296	-139	225	57	7707	38535	7707	69524169
-16545	97	2381	93	336	-251	-145	221	53	7708	38540	7708	69524169
-16493	140	2515	-12	253	-244	-146	220	52	7709	38545	7709	69524169
-16441	297	2729	-109	189	-213	-140	223	57	7710	38550	7710	69524170
-16428	458	2791	-175	125	-164	-137	225	59	7711	38555	7711	69524170
-16346	641	2762	-169	73	-96	-140	224	55	7712	38560	7712	69524176
-16364	613	2452	-63	23	-79	-141	223	53	7713	38565	7713	69524201
-16421	481	2274	3	-20	-76	-140	227	52	7714	38570	7714	69524208
