-16684	1301	-1927	671	-47	843	-47	124	72	4701	23505	4701	69403169
-16682	1152	-2032	734	41	855	-46	124	66	4702	23510	4702	69403186
-16718	1036	-2072	753	117	834	-48	124	68	4703	23515	4703	69403204
-16792	929	-2082	741	185	798	-52	124	70	4704	23520	4704	69403205
-16860	836	-2180	707	234	767	-52	124	67	4705	23525	4705	69403206
-16918	858	-2173	661	260	746	-53	123	63	4706	23530	4706	69403208
-16973	918	-2137	609	266	734	-56	123	70	4707	23535	4707	69403211
-16994	966	-2144	577	241	735	-58	122	76	4708	23540	4708	69403212
-17047	1036	-2176	572	195	739	-53	124	68	4709	23545	4709	69403212
-17133	1096	-2201	613	162	769	-49	125	63	4710	23550	4710	69403212
-17190	1135	-2262	705	165	816	-49	129	69	4711	23555	4711	69403213
-17320	1069	-2328	829	186	860	-49	131	73	4712	23560	4712	69403213
-17608	1104	-2399	965	242	892	-50	129	71	4713	23565	4713	69403229
-17830	1216	-2552	1129	357	909	-51	127	69	4714	23570	4714	69403240
-17955	1235	-2705	1371	545	961	-49	122	71	4715	23575	4715	69403240
-18103	1160	-2754	1575	775	1016	-48	120	72	4716	23580	4716	69403240
-18126	1081	-2848	1674	1037	1057	-53	123	70	4717	23585	4717	69403240
-17991	938	-2784	1667	1305	1110	-54	124	70	4718	23590	4718	69403240
-17963	780	-2733	1627	1584	1100	-52	124	72	4719	23595	4719	69403240
-17977	543	-2832	1622	1874	1071	-52	124	72	4720	23600	4720	69403248
-18073	226	-2908	1694	2180	996	-50	126	72	4721	23605	4721	69403273
-18192	88	-3035	1851	2509	833	-50	126	72	4722	23610	4722	69403279
-18371	-39	-3310	2040	2894	622	-59	119	74	4723	23615	4723	69403280
-18518	-76	-3526	2297	3426	354	-61	117	75	4724	23620	4724	69403281
-18600	42	-3612	2520	3900	120	-48	122	62	4725	23625	4725	69403282
-18556	16	-3716	2778	4358	-97	-48	122	62	4726	23630	4726	69403283
-18550	-116	-3686	3037	4739	-317	-53	133	63	4727	23635	4727	69403284
-18528	-368	-3659	3250	5027	-521	-53	133	63	4728	23640	4728	69403311
-18479	-650	-3638	3435	5334	-857	-55	130	66	4729	23645	4729	69403316
-18466	-938	-3639	3609	5671	-1245	-55	129	67	4730	23650	4730	69403316
-18421	-1257	-3778	3817	6039	-1674	-57	123	60	4731	23655	4731	69403316
-18414	-1580	-3960	4051	6564	-2207	-58	122	58	4732	23660	4732	69403316
-18532	-1850	-4028	4172	7090	-2672	-49	129	59	4733	23665	4733	69403316
-18430	-1968	-4054	4159	7691	-2988	-49	129	59	4734	23670	4734	69403316
-18300	-1896	-4192	4169	8359	-3436	-48	130	60	4735	23675	4735	69403338
-18272	-1920	-4400	4395	9128	-3976	-48	130	60	4736	23680	4736	69403365
-18220	-2048	-4556	4733	9918	-4312	-50	132	58	4737	23685	4737	69403365
-18072	-2020	-4792	5113	10686	-4693	-50	132	58	4738	23690	4738	69403365
-17880	-2114	-5084	5645	11508	-5204	-51	131	53	4739	23695	4739	69403365
-17748	-1994	-5352	6360	12362	-5865	-51	131	53	4740	23700	4740	69403365
-17771	-2492	-5767	7396	13455	-6718	-50	134	52	4741	23705	4741	69403365
-17581	-3004	-5916	7921	14212	-7027	-49	134	51	4742	23710	4742	69403371
-17374	-3302	-5960	8198	14823	-7567	-46	134	48	4743	23715	4743	69403398
-17256	-3483	-6001	8353	15433	-8196	-46	134	48	4744	23720	4744	69403406
-17315	-3699	-6107	8559	16066	-8863	-46	132	46	4745	23725	4745	69403407
-17246	-4277	-6320	8852	16646	-9323	-45	134	46	4746	23730	4746	69403407
-17074	-4671	-6637	9130	17180	-9640	-42	144	44	4747	23735	4747	69403407
-17015	-4831	-6931	9352	17739	-10273	-43	143	42	4748	23740	4748	69403408
-17047	-4819	-7167	9758	18392	-11443	-45	139	35	4749	23745	4749	69403408
-17181	-5237	-7351	10210	18987	-12200	-45	138	37	4750	23750	4750	69403408
-16893	-5613	-7254	10487	19567	-12709	-44	136	40	4751	23755	4751	69403408
-16875	-5602	-7170	10951	20026	-14120	-42	137	37	4752	23760	4752	69403411
-17110	-6173	-7574	11731	20372	-15413	-38	138	32	4753	23765	4753	69403434
-16840	-6969	-8130	12337	20710	-15546	-38	139	31	4754	23770	4754	69403467
-16990	-7254	-8645	12769	21081	-16237	-37	141	29	4755	23775	4755	69403474
-17300	-7298	-9134	13176	21556	-17318	-36	142	29	4756	23780	4756	69403474
-17239	-7399	-9464	13463	22177	-18025	-35	143	29	4757	23785	4757	69403474
-16904	-7518	-9607	13657	22641	-18461	-33	142	24	4758	23790	4758	69403474
-16853	-7672	-9645	13890	22857	-19092	-32	142	20	4759	23795	4759	69403475
-16686	-7930	-9540	14191	22930	-19747	-27	143	22	4760	23800	4760	69403475
-16498	-8305	-9467	14530	22823	-20484	-23	143	23	4761	23805	4761	69403486
-16558	-8850	-9470	14909	22531	-21230	-21	142	21	4762	23810	4762	69403494
-16509	-9443	-9698	15289	22213	-21923	-19	141	19	4763	23815	4763	69403494
-16304	-10048	-10114	15727	21979	-22711	-20	139	9	4764	23820	4764	69403494
-16366	-10745	-10327	16155	21768	-23683	-21	137	3	4765	23825	4765	69403494
-15803	-11252	-10084	16238	21435	-24421	-15	140	3	4766	23830	4766	69403494
-15828	-11889	-9905	16005	20826	-25293	-13	141	3	4767	23835	4767	69403494
-15362	-12231	-9350	15475	20158	-25886	-7	143	2	4768	23840	4768	69403494
-14980	-12944	-9287	15223	19307	-26806	-6	144	2	4769	23845	4769	69403494
-14706	-13473	-9208	14931	18350	-27491	-2	137	-5	4770	23850	4770	69403494
-14464	-14182	-9832	14865	17283	-28323	-1	135	-7	4771	23855	4771	69403515
-14669	-14560	-10010	14554	16355	-29182	4	133	-2	4772	23860	4772	69403537
-14586	-15163	-10422	14414	15603	-30034	5	133	-1	4773	23865	4773	69403541
-15076	-15332	-10316	13966	14699	-31042	8	136	-2	4774	23870	4774	69403541
-14602	-15792	-10492	13749	14115	-31734	8	136	-2	4775	23875	4775	69403542
-14770	-15982	-10308	13235	13517	-32339	18	132	-6	4776	23880	4776	69403542
-14414	-16460	-10286	12806	12876	-32308	18	132	-6	4777	23885	4777	69403542
-14016	-16388	-10052	12143	12073	-32768	23	135	-9	4778	23890	4778	69403543
-14502	-16650	-10132	11760	11291	-32768	23	135	-9	4779	23895	4779	69403568
-13690	-17070	-10060	11304	10679	-32768	32	128	-12	4780	23900	4780	69403568
-14180	-17374	-10008	10968	9951	-32768	32	128	-12	4781	23905	4781	69403569
-13506	-18019	-9860	10470	9211	-32768	33	117	-17	4782	23910	4782	69403569
-13944	-17935	-9696	9968	8480	-32768	35	119	-15	4783	23915	4783	69403569
-13566	-18116	-9503	9683	7810	-32768	42	128	-8	4784	23920	4784	69403569
-13521	-18152	-9330	9193	7079	-32768	45	125	-9	4785	23925	4785	69403577
-13138	-18385	-9209	8621	6322	-32768	56	112	-14	4786	23930	4786	69403610
-13068	-18385	-8981	7933	5581	-32768	57	112	-13	4787	23935	4787	69403610
-13024	-18603	-8838	7386	4797	-32768	62	112	-10	4788	23940	4788	69403610
-12681	-18480	-8768	6869	3949	-32768	63	111	-11	4789	23945	4789	69403611
-12768	-18367	-8970	6749	3124	-32768	65	105	-15	4790	23950	4790	69403612
-12758	-18677	-9702	6614	2244	-32768	67	103	-11	4791	23955	4791	69403613
-12760	-18633	-9920	6137	1638	-32768	71	99	-5	4792	23960	4792	69403613
-12788	-18651	-9882	5853	1196	-32768	76	101	-5	4793	23965	4793	69403626
-12554	-18814	-9714	5887	806	-32768	84	104	-6	4794	23970	4794	69403645
-12373	-18988	-9392	6267	400	-32768	84	100	-6	4795	23975	4795	69403645
-11904	-19166	-8918	6924	-61	-32768	83	95	-7	4796	23980	4796	69403645
-11670	-19217	-8411	7386	-675	-32768	88	92	-6	4797	23985	4797	69403645
-11566	-19417	-8209	7363	-1501	-32768	95	87	-5	4798	23990	4798	69403645
-11514	-19561	-7845	6551	-2658	-32768	96	84	-6	4799	23995	4799	69403645
-11394	-19437	-7344	5579	-3940	-32768	96	80	-6	4800	24000	4800	69403645
-11511	-18991	-6888	4991	-4952	-32768	99	78	-5	4801	24005	4801	69403669
-11469	-18844	-6791	4690	-5522	-32768	101	77	-5	4802	24010	4802	69403690
-11418	-18662	-6556	4073	-5724	-32768	104	69	-6	4803	24015	4803	69403695
-11533	-18458	-6293	3188	-5814	-32768	106	64	-6	4804	24020	4804	69403695
-11304	-18235	-6249	2093	-5950	-32768	110	60	-2	4805	24025	4805	69403695
-11188	-17964	-6274	915	-6107	-32768	112	58	0	4806	24030	4806	69403695
-10337	-17860	-6207	-309	-6497	-32768	116	54	-1	4807	24035	4807	69403695
-10063	-17440	-5956	-1298	-6992	-32768	117	53	-1	4808	24040	4808	69403702
-9732	-17288	-5761	-1786	-7287	-32768	116	46	-3	4809	24045	4809	69403732
-9442	-17018	-5416	-2471	-7392	-32768	116	44	-4	4810	24050	4810	69403740
-9361	-16770	-5276	-3417	-7219	-32768	115	40	-6	4811	24055	4811	69403740
-8965	-16500	-5239	-4885	-6972	-32642	115	39	-7	4812	24060	4812	69403740
-8894	-15774	-5068	-6548	-6626	-32573	119	35	0	4813	24065	4813	69403741
-8858	-15372	-4978	-7620	-6274	-31916	120	34	2	4814	24070	4814	69403741
-8427	-14976	-5411	-8322	-6026	-30980	122	27	0	4815	24075	4815	69403741
-8564	-14040	-6578	-9279	-5470	-30820	123	25	-1	4816	24080	4816	69403741
-8352	-13432	-7680	-9935	-4857	-30625	124	22	0	4817	24085	4817	69403742
-7680	-13188	-7904	-10068	-4814	-30025	124	22	0	4818	24090	4818	69403742
-6814	-13276	-7712	-9602	-5669	-29323	122	16	-2	4819	24095	4819	69403770
-6132	-13286	-7574	-8518	-6878	-28732	122	16	-2	4820	24100	4820	69403779
-5998	-13444	-7088	-6868	-7583	-28458	124	14	-4	4821	24105	4821	69403780
-6072	-13740	-6518	-5326	-7508	-28249	124	14	-4	4822	24110	4822	69403780
-5588	-13866	-5708	-4823	-7107	-27939	128	6	-8	4823	24115	4823	69403780
-4994	-13287	-4853	-6185	-6963	-27399	129	4	-9	4824	24120	4824	69403780
-4511	-12294	-4315	-8167	-7158	-26677	132	-2	-12	4825	24125	4825	69403780
-4092	-11024	-4318	-10089	-7398	-25778	130	-2	-11	4826	24130	4826	69403785
-3914	-9778	-4974	-11760	-7229	-24721	122	-4	-6	4827	24135	4827	69403809
-3686	-8648	-5634	-13204	-6596	-23665	122	-6	-6	4828	24140	4828	69403815
-3402	-7794	-5881	-13827	-5720	-22871	122	-12	-8	4829	24145	4829	69403816
-2756	-7300	-6073	-13203	-4914	-22441	122	-13	-9	4830	24150	4830	69403816
-2228	-7152	-6392	-11853	-4556	-22312	123	-17	-15	4831	24155	4831	69403816
-1876	-7241	-7166	-10649	-4607	-22228	122	-18	-15	4832	24160	4832	69403816
-1861	-7154	-7800	-9755	-4577	-22118	119	-19	-15	4833	24165	4833	69403821
-1709	-7190	-7994	-8677	-4382	-22002	121	-19	-14	4834	24170	4834	69403838
-1351	-7507	-8080	-7068	-4122	-21896	123	-19	-13	4835	24175	4835	69403853
-780	-7840	-8277	-5473	-3939	-21839	123	-23	-14	4836	24180	4836	69403853
-266	-7889	-9152	-4657	-4032	-21698	122	-28	-16	4837	24185	4837	69403853
180	-7743	-9873	-4656	-4321	-21449	121	-27	-16	4838	24190	4838	69403853
656	-7673	-9568	-4514	-4803	-21196	119	-25	-15	4839	24195	4839	69403854
1061	-8020	-8775	-3437	-5461	-20859	122	-33	-17	4840	24200	4840	69403854
1419	-8680	-8156	-2276	-5751	-20392	124	-40	-18	4841	24205	4841	69403854
1706	-9168	-7853	-2197	-5906	-19925	123	-41	-20	4842	24210	4842	69403861
1878	-9322	-7799	-2929	-6203	-19464	123	-41	-21	4843	24215	4843	69403880
2082	-9204	-7740	-3721	-6534	-19028	122	-42	-19	4844	24220	4844	69403891
2335	-8935	-7889	-4211	-6732	-18551	122	-42	-18	4845	24225	4845	69403891
2590	-8698	-8109	-4713	-6821	-17987	122	-41	-18	4846	24230	4846	69403891
2794	-8266	-8397	-5285	-6998	-17387	122	-40	-18	4847	24235	4847	69403891
2750	-7608	-8867	-5581	-7404	-16803	119	-43	-19	4848	24240	4848	69403891
2453	-7000	-9675	-5462	-7951	-16106	117	-45	-19	4849	24245	4849	69403891
1991	-6696	-10602	-5518	-7939	-15549	121	-49	-20	4850	24250	4850	69403900
1696	-6245	-10755	-5968	-7452	-15135	122	-50	-20	4851	24255	4851	69403923
1849	-5533	-10708	-6312	-7205	-14866	117	-52	-22	4852	24260	4852	69403929
1980	-4882	-10631	-5908	-7443	-14703	116	-52	-22	4853	24265	4853	69403929
2088	-4528	-10785	-5002	-7914	-14388	114	-54	-20	4854	24270	4854	69403929
2195	-4475	-10974	-4532	-8330	-13896	113	-55	-19	4855	24275	4855	69403929
2046	-4322	-11154	-4614	-8671	-13373	116	-57	-24	4856	24280	4856	69403934
1452	-3604	-11714	-4669	-8726	-12770	117	-57	-25	4857	24285	4857	69403936
1224	-2560	-12614	-4371	-8392	-12184	119	-59	-27	4858	24290	4858	69403966
852	-1910	-14106	-3696	-7760	-11384	119	-59	-27	4859	24295	4859	69403966
1064	-1960	-14952	-2723	-6875	-10465	109	-55	-35	4860	24300	4860	69403966
1470	-2118	-15192	-1730	-6229	-9652	109	-55	-35	4861	24305	4861	69403966
1636	-2124	-14600	-628	-6262	-8881	110	-60	-28	4862	24310	4862	69403966
1358	-2232	-14190	559	-6408	-8124	110	-60	-28	4863	24315	4863	69403966
1692	-2362	-14286	1628	-5974	-7503	108	-56	-34	4864	24320	4864	69403966
2752	-3154	-14128	2861	-5462	-6985	108	-56	-34	4865	24325	4865	69403966
3751	-4842	-13589	4247	-5714	-6301	106	-64	-36	4866	24330	4866	69404009
4130	-6107	-12993	4567	-6168	-5834	106	-65	-34	4867	24335	4867	69404009
3866	-7244	-12872	4086	-6487	-5579	107	-67	-25	4868	24340	4868	69404010
3586	-8275	-12903	3134	-6620	-5382	107	-67	-25	4869	24345	4869	69404010
3472	-9262	-12903	2356	-6744	-5168	107	-65	-27	4870	24350	4870	69404010
3348	-10458	-13006	1505	-6905	-4901	107	-65	-27	4871	24355	4871	69404010
3112	-11186	-12843	132	-6944	-4700	107	-67	-29	4872	24360	4872	69404010
2753	-11242	-12795	-1483	-6862	-4559	107	-66	-30	4873	24365	4873	69404019
2512	-10688	-12758	-3103	-6703	-4346	106	-62	-34	4874	24370	4874	69404041
2544	-10055	-12794	-4107	-6567	-4182	104	-60	-31	4875	24375	4875	69404041
2726	-9404	-12970	-4746	-6495	-4044	102	-58	-26	4876	24380	4876	69404041
2976	-8745	-13228	-5140	-6494	-3951	104	-64	-29	4877	24385	4877	69404042
3237	-8044	-13366	-5375	-6492	-3882	108	-72	-34	4878	24390	4878	69404042
3586	-7370	-13440	-5366	-6387	-3812	108	-68	-33	4879	24395	4879	69404042
3786	-6745	-13495	-5071	-6259	-3847	109	-63	-31	4880	24400	4880	69404053
3849	-6169	-13427	-4626	-6187	-3925	107	-65	-33	4881	24405	4881	69404073
3593	-5778	-13432	-4009	-6011	-4036	105	-67	-37	4882	24410	4882	69404078
3156	-5604	-13626	-3314	-5719	-4126	101	-69	-40	4883	24415	4883	69404078
2772	-5524	-13727	-2708	-5446	-4136	98	-70	-42	4884	24420	4884	69404078
2524	-5598	-13814	-2099	-5100	-4085	99	-72	-38	4885	24425	4885	69404078
2609	-5768	-13881	-1552	-4711	-3960	99	-73	-35	4886	24430	4886	69404078
2932	-5933	-13958	-1216	-4438	-3737	103	-71	-39	4887	24435	4887	69404078
3272	-6141	-14152	-1002	-4280	-3414	105	-69	-41	4888	24440	4888	69404095
3534	-6390	-14279	-757	-4142	-3075	104	-70	-37	4889	24445	4889	69404112
3774	-6656	-14362	-535	-4013	-2728	104	-70	-34	4890	24450	4890	69404116
3934	-6720	-14354	-557	-3980	-2397	105	-69	-36	4891	24455	4891	69404116
4093	-6679	-14373	-702	-3998	-2035	105	-69	-37	4892	24460	4892	69404117
4118	-6690	-14396	-922	-3921	-1668	103	-67	-41	4893	24465	4893	69404117
4063	-6662	-14523	-1211	-3724	-1321	102	-66	-42	4894	24470	4894	69404117
4069	-6545	-14533	-1532	-3498	-958	99	-71	-37	4895	24475	4895	69404147
4135	-6560	-14605	-1850	-3287	-555	98	-72	-36	4896	24480	4896	69404160
3974	-6541	-14648	-2233	-3060	-143	104	-70	-42	4897	24485	4897	69404162
3800	-6548	-14985	-2726	-2736	266	105	-69	-43	4898	24490	4898	69404162
3580	-6484	-15324	-3336	-2178	731	102	-68	-40	4899	24495	4899	69404162
3610	-6520	-15240	-3509	-1684	1098	102	-68	-40	4900	24500	4900	69404162
3596	-6566	-15196	-3514	-1238	1426	102	-68	-42	4901	24505	4901	69404162
3594	-6578	-15024	-3715	-885	1735	102	-68	-42	4902	24510	4902	69404162
3662	-6586	-14834	-3954	-616	1984	101	-67	-45	4903	24515	4903	69404190
3992	-6490	-14546	-4090	-558	2231	101	-67	-45	4904	24520	4904	69404200
4266	-6410	-14386	-4259	-690	2498	102	-62	-48	4905	24525	4905	69404200
4406	-6320	-14230	-4580	-951	2792	102	-62	-48	4906	24530	4906	69404200
4300	-6251	-14585	-5108	-1225	3186	100	-70	-44	4907	24535	4907	69404201
4134	-6272	-14808	-5655	-1259	3559	100	-69	-44	4908	24540	4908	69404201
4013	-6272	-14934	-6220	-1117	3969	98	-66	-42	4909	24545	4909	69404203
4035	-6221	-14990	-6590	-957	4287	99	-65	-44	4910	24550	4910	69404215
4131	-6170	-15027	-6752	-848	4616	104	-60	-50	4911	24555	4911	69404237
4199	-6167	-15061	-6834	-801	4930	103	-60	-48	4912	24560	4912	69404237
4153	-6115	-15140	-6914	-774	5238	100	-62	-42	4913	24565	4913	69404237
4046	-6040	-15241	-6966	-780	5517	100	-63	-42	4914	24570	4914	69404237
3847	-5978	-15301	-6923	-707	5765	99	-65	-41	4915	24575	4915	69404237
3749	-5839	-15227	-6767	-515	5990	97	-63	-45	4916	24580	4916	69404237
3818	-5741	-15104	-6527	-415	6166	95	-61	-51	4917	24585	4917	69404238
3898	-5708	-14834	-6222	-439	6319	97	-61	-51	4918	24590	4918	69404238
3945	-5681	-14633	-5888	-531	6456	100	-60	-52	4919	24595	4919	69404262
4007	-5636	-14490	-5468	-658	6567	100	-60	-51	4920	24600	4920	69404311
4088	-5615	-14416	-4862	-822	6689	98	-62	-48	4921	24605	4921	69404311
3953	-5546	-14418	-4187	-953	6795	98	-62	-50	4922	24610	4922	69404311
3974	-5531	-14548	-3417	-1018	6950	96	-64	-56	4923	24615	4923	69404311
3934	-5639	-14655	-2591	-1022	7117	98	-61	-54	4924	24620	4924	69404312
3853	-5786	-14870	-1962	-984	7289	102	-56	-52	4925	24625	4925	69404312
3719	-5992	-15001	-1416	-950	7458	100	-59	-54	4926	24630	4926	69404315
3633	-6198	-15140	-939	-985	7606	96	-64	-56	4927	24635	4927	69404332
3627	-6412	-15306	-570	-1050	7745	99	-62	-54	4928	24640	4928	69404349
3593	-6592	-15416	-349	-1086	7885	104	-58	-52	4929	24645	4929	69404349
3511	-6761	-15395	-260	-1089	8013	102	-58	-56	4930	24650	4930	69404350
3341	-6927	-15385	-216	-1090	8088	99	-59	-61	4931	24655	4931	69404350
3025	-7093	-15563	-244	-1028	8142	103	-57	-56	4932	24660	4932	69404351
2829	-7365	-15582	-418	-808	8304	106	-54	-50	4933	24665	4933	69404352
2873	-7578	-15290	-708	-626	8500	107	-53	-54	4934	24670	4934	69404352
3017	-7727	-14953	-1072	-634	8662	107	-53	-57	4935	24675	4935	69404352
3147	-7836	-14500	-1412	-908	8801	104	-51	-53	4936	24680	4936	69404352
3341	-7879	-14090	-1678	-1365	8925	102	-50	-50	4937	24685	4937	69404352
3450	-7800	-13783	-1856	-1911	9009	105	-51	-52	4938	24690	4938	69404353
3457	-7736	-13437	-1868	-2551	9119	107	-51	-53	4939	24695	4939	69404353
3443	-7726	-13172	-1750	-3378	9303	102	-50	-57	4940	24700	4940	69404355
3083	-7622	-13073	-1688	-4084	9386	100	-50	-58	4941	24705	4941	69404357
2616	-7433	-13111	-1610	-4647	9413	102	-44	-58	4942	24710	4942	69404384
2343	-7184	-13362	-1547	-5032	9381	102	-42	-58	4943	24715	4943	69404391
1994	-6690	-13643	-1482	-5189	9172	106	-41	-54	4944	24720	4944	69404391
1572	-6226	-13986	-1296	-5149	9079	107	-41	-53	4945	24725	4945	69404391
1214	-6012	-14287	-1032	-5015	9336	106	-40	-54	4946	24730	4946	69404391
952	-6009	-14485	-966	-4664	9618	106	-40	-54	4947	24735	4947	69404391
715	-5917	-14454	-1084	-4091	9762	105	-44	-55	4948	24740	4948	69404391
752	-6046	-14410	-1121	-3417	10062	105	-45	-55	4949	24745	4949	69404417
1032	-6214	-14338	-1016	-3102	10536	110	-40	-56	4950	24750	4950	69404429
1300	-6350	-14180	-849	-3017	10847	110	-40	-56	4951	24755	4951	69404429
1348	-6300	-13936	-707	-3040	10944	100	-46	-50	4952	24760	4952	69404430
1482	-6298	-13856	-458	-3205	11041	100	-46	-50	4953	24765	4953	69404430
1534	-6300	-13622	-72	-3487	11200	105	-33	-47	4954	24770	4954	69404430
1672	-6264	-13476	509	-3857	11472	105	-33	-47	4955	24775	4955	69404430
1488	-6300	-13248	1075	-4229	11473	107	-31	-57	4956	24780	4956	69404430
994	-6152	-13296	1592	-4596	11511	104	-31	-58	4957	24785	4957	69404439
642	-5827	-13309	1958	-4813	11569	94	-32	-62	4958	24790	4958	69404473
136	-5214	-13688	2410	-4901	11515	97	-31	-62	4959	24795	4959	69404473
-408	-4639	-14084	3060	-4836	11531	109	-27	-61	4960	24800	4960	69404473
-857	-4220	-14482	3744	-4590	11759	110	-26	-60	4961	24805	4961	69404473
-1268	-4008	-14774	4295	-4121	12070	112	-22	-58	4962	24810	4962	69404474
-1915	-4071	-14975	4695	-3475	12437	111	-22	-58	4963	24815	4963	69404474
-1988	-4744	-15036	4904	-2748	13226	109	-21	-57	4964	24820	4964	69404474
-2016	-5555	-14757	4736	-2059	13760	110	-20	-56	4965	24825	4965	69404476
-1884	-6722	-14210	4469	-1591	14037	114	-18	-54	4966	24830	4966	69404493
-1625	-7832	-13784	4172	-1525	14322	113	-19	-54	4967	24835	4967	69404511
-1238	-8767	-13325	3769	-1814	14582	112	-20	-54	4968	24840	4968	69404511
-975	-9273	-12931	3321	-2395	14582	114	-16	-54	4969	24845	4969	69404512
-702	-9389	-12668	3057	-3160	14635	117	-11	-53	4970	24850	4970	69404512
-622	-9196	-12346	2976	-3972	14565	115	-10	-53	4971	24855	4971	69404512
-739	-8782	-12176	3084	-4752	14401	113	-9	-53	4972	24860	4972	69404512
-984	-8266	-12220	3316	-5436	14448	112	-9	-52	4973	24865	4973	69404513
-1377	-7588	-12445	3604	-6017	14528	111	-9	-51	4974	24870	4974	69404516
-1888	-6816	-12793	4012	-6448	14525	113	-7	-49	4975	24875	4975	69404536
-2476	-6210	-13325	4435	-6741	14707	114	-6	-48	4976	24880	4976	69404548
-3202	-5806	-13796	4756	-6926	15064	109	-1	-46	4977	24885	4977	69404548
-3922	-5788	-14162	4909	-6948	15696	105	3	-45	4978	24890	4978	69404548
-4517	-6160	-14398	4803	-6738	16542	105	1	-50	4979	24895	4979	69404548
-4949	-6766	-14316	4437	-6281	17240	105	-1	-53	4980	24900	4980	69404548
-5333	-7466	-13876	3960	-5654	17625	107	1	-48	4981	24905	4981	69404553
-5386	-8439	-13261	3552	-4989	18133	109	3	-45	4982	24910	4982	69404585
-5078	-9194	-12641	3352	-4704	18634	111	4	-52	4983	24915	4983	69404595
-4832	-9712	-12288	3308	-4760	18933	112	4	-54	4984	24920	4984	69404595
-4484	-9893	-12051	3433	-5133	19381	110	8	-53	4985	24925	4985	69404595
-4309	-9736	-11844	3627	-5739	19509	109	9	-53	4986	24930	4986	69404596
-4297	-9570	-11737	4024	-6466	19677	114	17	-48	4987	24935	4987	69404596
-4490	-9238	-11909	4498	-7219	19891	115	19	-47	4988	24940	4988	69404597
-4885	-8781	-12038	5038	-7876	20066	111	21	-48	4989	24945	4989	69404609
-5566	-8304	-12432	5603	-8376	20192	110	22	-48	4990	24950	4990	69404621
-6280	-7624	-13032	6092	-8668	20649	114	24	-42	4991	24955	4991	69404623
-6854	-7056	-13814	6233	-8545	21115	114	24	-42	4992	24960	4992	69404623
-7348	-6960	-14544	6258	-8144	21523	110	30	-48	4993	24965	4993	69404623
-7818	-7282	-15232	6128	-7592	21837	110	30	-48	4994	24970	4994	69404623
-8178	-7800	-15650	5701	-7067	22177	107	37	-43	4995	24975	4995	69404623
-8454	-8560	-15786	4945	-6577	22471	107	37	-43	4996	24980	4996	69404623
-8662	-9310	-15642	4042	-6124	22562	111	37	-41	4997	24985	4997	69404658
-8922	-9998	-15104	3283	-5684	22281	111	37	-41	4998	24990	4998	69404661
-9062	-10749	-14310	2954	-5322	21919	106	46	-42	4999	24995	4999	69404662
-8923	-11361	-13765	3006	-5189	21894	104	46	-41	5000	25000	5000	69404662
-8622	-11692	-13296	3170	-5328	21983	97	45	-37	5001	25005	5001	69404663
-8280	-11707	-13019	3245	-5790	21997	99	47	-38	5002	25010	5002	69404663
-8030	-11469	-12834	3152	-6596	21984	107	55	-41	5003	25015	5003	69404665
-7872	-11118	-12820	2905	-7580	22081	106	55	-40	5004	25020	5004	69404681
-7973	-10782	-12878	2525	-8555	22219	102	54	-36	5005	25025	5005	69404723
-8371	-10314	-13025	2083	-9320	22361	102	54	-36	5006	25030	5006	69404723
-8971	-9893	-13233	1635	-9720	22537	100	56	-34	5007	25035	5007	69404723
-9598	-9573	-13363	1180	-9726	22782	101	62	-34	5008	25040	5008	69404723
-9996	-9453	-13389	773	-9589	23011	102	70	-34	5009	25045	5009	69404723
-10284	-9374	-13407	276	-9575	23181	99	71	-35	5010	25050	5010	69404723
-10525	-9303	-13451	-352	-9750	23212	94	72	-36	5011	25055	5011	69404745
-10767	-9278	-13369	-1013	-10068	23130	96	72	-35	5012	25060	5012	69404778
-11069	-9246	-13152	-1521	-10438	23032	99	73	-33	5013	25065	5013	69404779
-11423	-9242	-12918	-1798	-10752	22985	93	73	-29	5014	25070	5014	69404779
-11809	-9267	-12643	-1803	-10990	23018	84	74	-24	5015	25075	5015	69404780
-12066	-9333	-12409	-1575	-11124	23131	87	79	-29	5016	25080	5016	69404780
-12272	-9430	-12171	-1277	-11208	23298	89	83	-33	5017	25085	5017	69404781
-12417	-9554	-11914	-961	-11322	23617	82	88	-33	5018	25090	5018	69404783
-12576	-9637	-11637	-740	-11479	23975	77	91	-33	5019	25095	5019	69404783
-12818	-9605	-11504	-609	-11684	24242	76	92	-29	5020	25100	5020	69404783
-13050	-9490	-11572	-574	-11915	24513	75	93	-27	5021	25105	5021	69404783
-13324	-9282	-11678	-662	-12097	24809	76	95	-28	5022	25110	5022	69404784
-13620	-8998	-11852	-871	-12164	25148	77	97	-29	5023	25115	5023	69404784
-13973	-8567	-12117	-1225	-12070	25456	74	100	-29	5024	25120	5024	69404784
-14180	-8171	-12529	-1449	-11810	25669	73	101	-29	5025	25125	5025	69404795
-14316	-7948	-12828	-1550	-11451	25725	65	103	-27	5026	25130	5026	69404798
-14404	-8019	-13130	-1532	-11115	25746	63	103	-27	5027	25135	5027	69404798
-14494	-8142	-13138	-1503	-10932	25669	68	106	-25	5028	25140	5028	69404798
-14374	-8169	-12940	-1478	-10922	25478	69	107	-25	5029	25145	5029	69404798
-14302	-8076	-12523	-1451	-11095	25116	61	110	-23	5030	25150	5030	69404798
-14423	-7857	-11955	-1313	-11467	24613	59	111	-23	5031	25155	5031	69404798
-14598	-7774	-11232	-1081	-12088	24095	58	116	-24	5032	25160	5032	69404836
-14942	-7442	-10976	-909	-12671	23484	58	116	-24	5033	25165	5033	69404836
-15404	-7330	-10594	-716	-13190	23016	52	126	-26	5034	25170	5034	69404836
-15668	-7236	-10276	-633	-13635	22826	52	126	-26	5035	25175	5035	69404837
-16216	-7074	-10008	-597	-14017	22554	44	118	-22	5036	25180	5036	69404837
-16624	-7114	-9946	-609	-14215	22567	44	118	-22	5037	25185	5037	69404837
-16882	-7010	-10092	-661	-14110	22684	42	122	-8	5038	25190	5038	69404837
-17246	-6712	-10352	-663	-13787	22740	42	122	-8	5039	25195	5039	69404845
-17474	-6520	-10700	-422	-13416	22794	42	128	-8	5040	25200	5040	69404876
-17658	-6425	-10999	-9	-13063	22800	39	128	-8	5041	25205	5041	69404878
-17817	-6154	-11168	292	-12917	22712	26	126	-8	5042	25210	5042	69404878
-18000	-5952	-11343	637	-12868	22670	26	127	-7	5043	25215	5043	69404878
-18133	-5441	-11255	990	-12875	22499	27	129	-1	5044	25220	5044	69404879
-18405	-4790	-11029	1403	-12955	22061	27	129	-1	5045	25225	5045	69404879
-18527	-4640	-10902	1994	-13003	21859	28	130	-2	5046	25230	5046	69404881
-18788	-4383	-10595	2537	-12993	21621	26	131	-1	5047	25235	5047	69404897
-19166	-4357	-10351	3243	-13003	21242	18	134	2	5048	25240	5048	69404924
-19442	-4388	-9870	3866	-13010	20851	17	136	3	5049	25245	5049	69404924
-19555	-4537	-9503	4328	-13002	20440	16	140	4	5050	25250	5050	69404924
-19651	-4806	-9200	4678	-12871	20056	16	140	4	5051	25255	5051	69404924
-19584	-5058	-8883	4928	-12603	19745	15	141	5	5052	25260	5052	69404924
-19520	-5345	-8701	5127	-12262	19515	14	140	5	5053	25265	5053	69404924
-19130	-5615	-8550	5304	-11893	19389	12	138	6	5054	25270	5054	69404943
-18599	-5877	-8552	5566	-11533	19151	10	138	9	5055	25275	5055	69404971
-18304	-6170	-8610	5846	-11253	18827	6	138	14	5056	25280	5056	69404971
-17884	-6154	-8688	6000	-11078	18511	5	136	9	5057	25285	5057	69404972
-17490	-6014	-8830	6147	-10976	18025	4	134	4	5058	25290	5058	69404972
-17226	-5883	-8900	6165	-10946	17684	-1	139	8	5059	25295	5059	69404972
-17090	-5608	-8794	5992	-10996	17280	-4	142	10	5060	25300	5060	69404973
-17034	-5362	-8748	5795	-11076	16831	-3	144	12	5061	25305	5061	69404973
-16799	-5028	-8657	5579	-11144	16374	-3	145	13	5062	25310	5062	69404973
-16873	-4703	-8510	5412	-11302	15638	-10	140	10	5063	25315	5063	69404973
-16916	-4503	-8470	5326	-11494	15141	-14	136	8	5064	25320	5064	69404989
-17025	-4160	-8297	5217	-11691	14389	-13	143	19	5065	25325	5065	69405015
-16884	-4146	-8097	5127	-11946	13791	-13	145	23	5066	25330	5066	69405020
-16837	-4265	-7982	5027	-12169	13407	-20	139	17	5067	25335	5067	69405021
-17091	-4372	-7676	4855	-12390	12834	-22	138	16	5068	25340	5068	69405021
-16940	-4475	-7433	4642	-12584	12439	-23	139	22	5069	25345	5069	69405021
-16729	-4590	-7236	4383	-12757	12038	-23	139	23	5070	25350	5070	69405021
-16720	-4476	-7049	4104	-12893	11476	-22	138	25	5071	25355	5071	69405029
-17032	-4324	-6785	3920	-12982	10876	-22	138	26	5072	25360	5072	69405052
-16564	-4376	-6875	3983	-12943	10848	-25	143	28	5073	25365	5073	69405057
-16676	-4262	-6694	4095	-12881	10450	-26	144	28	5074	25370	5074	69405058
-16670	-3942	-6730	4376	-12750	10251	-27	145	33	5075	25375	5075	69405058
-16750	-3624	-6636	4598	-12486	9812	-27	145	33	5076	25380	5076	69405058
-16362	-3370	-6660	4832	-12162	9530	-32	132	30	5077	25385	5077	69405059
-16974	-2974	-6518	4973	-11732	8897	-32	132	30	5078	25390	5078	69405059
-16004	-2844	-6558	5225	-11194	9034	-34	144	36	5079	25395	5079	69405059
-16622	-2586	-6576	5442	-10796	8307	-34	144	36	5080	25400	5080	69405059
-16260	-2446	-6452	5843	-10390	8199	-36	138	34	5081	25405	5081	69405076
-16986	-2368	-6292	6391	-10005	7266	-36	138	34	5082	25410	5082	69405096
-16723	-2212	-6191	6817	-9686	6959	-36	140	36	5083	25415	5083	69405096
-17144	-2286	-6055	7119	-9356	6184	-37	140	37	5084	25420	5084	69405096
-16824	-2796	-5895	7094	-9023	6458	-41	141	41	5085	25425	5085	69405096
-16888	-2740	-5655	6872	-8726	6083	-40	142	41	5086	25430	5086	69405096
-16823	-2633	-5380	6611	-8452	5361	-38	146	42	5087	25435	5087	69405096
-17251	-2548	-5270	6533	-8217	4653	-37	144	43	5088	25440	5088	69405096
-17224	-2986	-5313	6587	-7867	4687	-34	134	46	5089	25445	5089	69405096
-16885	-3329	-5296	6432	-7501	4773	-37	136	47	5090	25450	5090	69405099
-16909	-3311	-5368	6146	-7246	4207	-46	140	50	5091	25455	5091	69405116
-16934	-3315	-5390	5828	-7104	3904	-44	139	48	5092	25460	5092	69405132
-16927	-3173	-5274	5556	-7008	3611	-41	137	45	5093	25465	5093	69405132
-16838	-3199	-5138	5421	-6904	3357	-42	137	45	5094	25470	5094	69405132
-16934	-3238	-5061	5313	-6830	2990	-44	138	46	5095	25475	5095	69405132
-16959	-3222	-5017	5120	-6829	2610	-44	137	46	5096	25480	5096	69405132
-16959	-3277	-5007	4819	-6835	2390	-44	136	46	5097	25485	5097	69405132
-16919	-3276	-5035	4501	-6782	2292	-44	137	47	5098	25490	5098	69405135
-16668	-2844	-5072	4154	-6582	1805	-45	139	49	5099	25495	5099	69405154
-16796	-2792	-5081	3969	-6397	1256	-45	137	50	5100	25500	5100	69405171
-16641	-2999	-5212	3792	-6271	1387	-44	134	52	5101	25505	5101	69405171
-16417	-3093	-5263	3493	-6267	1558	-46	133	51	5102	25510	5102	69405171
-16488	-2943	-5207	3127	-6316	1373	-50	132	50	5103	25515	5103	69405172
-16654	-2546	-5041	2758	-6345	993	-51	134	48	5104	25520	5104	69405172
-16767	-2382	-4925	2385	-6329	719	-52	136	46	5105	25525	5105	69405172
-16783	-2318	-4813	1889	-6317	711	-50	134	48	5106	25530	5106	69405186
-16907	-1986	-4534	1242	-6387	502	-46	132	50	5107	25535	5107	69405208
-17130	-1849	-4244	721	-6436	432	-49	136	52	5108	25540	5108	69405208
-17088	-1820	-4167	392	-6447	685	-51	139	53	5109	25545	5109	69405208
-17228	-1540	-4138	95	-6468	643	-48	134	52	5110	25550	5110	69405209
-17392	-1207	-4189	-125	-6473	538	-46	130	52	5111	25555	5111	69405209
-17554	-896	-4210	-214	-6378	511	-50	134	54	5112	25560	5112	69405209
-17660	-623	-4168	-214	-6197	426	-52	136	56	5113	25565	5113	69405209
-17658	-408	-4071	-195	-6039	328	-48	134	54	5114	25570	5114	69405231
-17719	-290	-3844	-161	-5897	162	-45	133	53	5115	25575	5115	69405246
-17545	-515	-3728	-177	-5829	356	-51	131	58	5116	25580	5116	69405246
-17294	-537	-3496	-370	-5897	486	-53	131	59	5117	25585	5117	69405246
-17166	-456	-3236	-582	-6050	340	-51	133	57	5118	25590	5118	69405246
-17048	-312	-2955	-692	-6245	182	-51	133	57	5119	25595	5119	69405246
-17046	-203	-2791	-664	-6381	30	-49	131	60	5120	25600	5120	69405246
-17108	-429	-2788	-623	-6495	99	-49	131	61	5121	25605	5121	69405253
-17020	-303	-2719	-715	-6617	268	-48	127	60	5122	25610	5122	69405277
-17130	-37	-2748	-770	-6680	-47	-48	126	60	5123	25615	5123	69405283
-17434	86	-2846	-707	-6638	-94	-50	128	66	5124	25620	5124	69405283
-17204	356	-2920	-703	-6557	149	-50	128	66	5125	25625	5125	69405283
-17642	626	-3044	-596	-6368	-396	-55	133	67	5126	25630	5126	69405283
-17630	666	-3094	-370	-6107	-286	-55	133	67	5127	25635	5127	69405283
-17712	746	-3176	-148	-5875	-290	-51	131	71	5128	25640	5128	69405283
-17844	898	-3184	110	-5571	-388	-51	131	71	5129	25645	5129	69405292
-17836	1060	-3304	442	-5264	-457	-47	129	67	5130	25650	5130	69405322
-17866	974	-3246	822	-4896	-604	-47	129	67	5131	25655	5131	69405330
-17830	1144	-3240	1250	-4511	-589	-48	130	64	5132	25660	5132	69405330
-17741	1066	-3218	1534	-4248	-535	-49	130	66	5133	25665	5133	69405330
-17704	1000	-3125	1701	-4054	-492	-55	129	73	5134	25670	5134	69405330
-17586	934	-3055	1781	-3909	-387	-55	130	72	5135	25675	5135	69405330
-17480	744	-2960	1793	-3802	-183	-53	135	69	5136	25680	5136	69405334
-17261	562	-2880	1682	-3740	135	-52	133	69	5137	25685	5137	69405352
-17183	744	-2855	1499	-3678	191	-49	127	69	5138	25690	5138	69405358
-17303	756	-2772	1427	-3525	63	-49	127	69	5139	25695	5139	69405359
-17270	653	-2809	1406	-3396	248	-51	125	67	5140	25700	5140	69405359
-17270	604	-2822	1254	-3288	344	-53	126	68	5141	25705	5141	69405359
-17303	582	-2886	1128	-3181	385	-55	127	69	5142	25710	5142	69405359
-17302	591	-2922	1045	-3045	446	-54	128	68	5143	25715	5143	69405363
-17398	626	-2927	1011	-2861	428	-52	130	66	5144	25720	5144	69405387
-17495	607	-2958	1049	-2603	448	-52	128	68	5145	25725	5145	69405420
-17524	557	-2988	1071	-2338	529	-52	124	72	5146	25730	5146	69405422
-17517	562	-2999	1020	-2108	606	-53	124	71	5147	25735	5147	69405423
-17607	626	-2956	988	-1882	591	-55	123	69	5148	25740	5148	69405423
-17628	706	-2942	1027	-1607	639	-52	123	70	5149	25745	5149	69405424
-17677	728	-2980	1105	-1296	663	-48	122	70	5150	25750	5150	69405425
-17620	700	-2990	1188	-984	717	-52	122	70	5151	25755	5151	69405425
-17562	651	-2992	1235	-673	757	-54	122	70	5152	25760	5152	69405441
-17551	563	-2972	1236	-403	769	-52	129	72	5153	25765	5153	69405452
-17450	540	-2947	1174	-186	765	-51	133	73	5154	25770	5154	69405452
-17400	512	-2928	1068	-16	734	-52	126	68	5155	25775	5155	69405452
-17410	489	-2772	960	113	694	-53	121	65	5156	25780	5156	69405452
-17419	489	-2635	861	220	644	-53	126	68	5157	25785	5157	69405452
-17419	499	-2512	813	303	594	-53	127	69	5158	25790	5158	69405452
-17367	544	-2350	810	393	560	-49	129	67	5159	25795	5159	69405476
-17338	442	-2346	813	467	537	-48	130	66	5160	25800	5160	69405492
-17278	393	-2245	830	537	475	-53	128	69	5161	25805	5161	69405495
-17139	350	-2184	835	579	410	-54	128	70	5162	25810	5162	69405495
-17042	366	-2075	815	604	367	-58	124	72	5163	25815	5163	69405495
-16906	273	-2064	778	590	325	-59	123	73	5164	25820	5164	69405495
-16780	294	-1975	729	567	283	-53	126	70	5165	25825	5165	69405495
-16720	222	-1968	681	527	233	-51	127	69	5166	25830	5166	69405495
-16610	332	-1980	684	487	124	-59	127	79	5167	25835	5167	69405495
-16648	238	-1936	721	467	39	-59	127	79	5168	25840	5168	69405495
-16646	216	-1836	758	455	-31	-52	132	72	5169	25845	5169	69405495
-16646	168	-1922	777	454	-86	-52	132	72	5170	25850	5170	69405506
-16648	150	-1924	786	472	-165	-57	131	71	5171	25855	5171	69405568
-16676	136	-1986	859	511	-234	-57	131	71	5172	25860	5172	69405569
-16624	112	-2066	962	565	-318	-56	130	76	5173	25865	5173	69405569
-16707	107	-2070	1164	690	-490	-56	130	75	5174	25870	5174	69405569
-16689	102	-2038	1318	828	-568	-58	128	70	5175	25875	5175	69405569
