-17092	-3066	-1962	1074	74	-835	-73	221	11	3325	16625	3325	69396274
-17069	-2930	-1999	1267	118	-889	-73	223	13	3326	16630	3326	69396277
-16996	-2878	-2065	1487	194	-970	-73	223	13	3327	16635	3327	69396277
-16936	-2737	-2083	1727	281	-1047	-73	223	16	3328	16640	3328	69396277
-16924	-2524	-2130	2126	398	-1055	-73	223	17	3329	16645	3329	69396277
-16962	-2600	-2114	2482	508	-1064	-77	225	13	3330	16650	3330	69396277
-16920	-2606	-2140	2783	629	-1087	-77	225	13	3331	16655	3331	69396277
-16914	-2828	-2230	3112	728	-1066	-68	222	14	3332	16660	3332	69396326
-17022	-2948	-2586	3410	878	-1099	-68	222	14	3333	16665	3333	69396326
-17198	-3258	-2718	3598	1042	-1125	-71	219	13	3334	16670	3334	69396326
-17296	-3478	-2930	3730	1148	-1213	-71	219	13	3335	16675	3335	69396326
-17428	-3959	-3265	3948	1302	-1312	-69	218	11	3336	16680	3336	69396327
-17674	-4444	-3742	4127	1551	-1533	-68	218	10	3337	16685	3337	69396327
-17796	-4764	-3892	4223	1753	-1743	-69	227	9	3338	16690	3338	69396327
-17858	-4940	-3978	4395	1970	-1977	-69	227	9	3339	16695	3339	69396327
-17874	-5316	-3718	4501	2180	-2231	-72	226	12	3340	16700	3340	69396354
-17848	-5306	-3806	4689	2389	-2604	-72	226	12	3341	16705	3341	69396354
-17956	-5574	-3698	4983	2592	-2956	-69	215	15	3342	16710	3342	69396355
-17830	-6038	-3644	5204	2788	-3241	-69	215	15	3343	16715	3343	69396355
-17930	-6474	-3502	5226	2909	-3707	-75	225	11	3344	16720	3344	69396355
-17918	-7022	-3942	5101	3036	-4318	-75	225	11	3345	16725	3345	69396355
-18069	-7554	-4337	5000	3213	-4971	-68	220	10	3346	16730	3346	69396355
-18213	-8350	-4938	5007	3392	-5548	-68	221	10	3347	16735	3347	69396362
-18315	-9053	-5497	4757	3638	-6225	-66	224	12	3348	16740	3348	69396392
-18434	-9687	-5782	4347	3889	-6953	-65	224	12	3349	16745	3349	69396392
-18520	-10102	-5943	3848	4103	-7726	-63	225	13	3350	16750	3350	69396392
-18595	-10426	-6095	3296	4336	-8503	-63	224	12	3351	16755	3351	69396392
-18701	-10514	-6265	2802	4566	-9285	-63	219	7	3352	16760	3352	69396392
-18724	-10544	-6526	2605	4884	-9988	-63	218	7	3353	16765	3353	69396392
-18757	-10584	-6822	2631	5252	-10618	-63	215	7	3354	16770	3354	69396394
-18823	-10836	-7342	2719	5683	-11270	-63	219	7	3355	16775	3355	69396411
-18852	-11063	-7625	2931	6093	-11865	-62	224	8	3356	16780	3356	69396428
-18946	-11385	-7825	3454	6420	-12456	-61	223	7	3357	16785	3357	69396429
-19042	-11972	-7965	4226	6695	-13055	-58	220	4	3358	16790	3358	69396429
-19086	-12667	-8278	5110	7048	-13806	-57	220	4	3359	16795	3359	69396429
-19039	-13015	-8560	6110	7429	-14419	-51	221	3	3360	16800	3360	69396429
-18932	-13657	-8733	7374	7759	-14816	-52	221	3	3361	16805	3361	69396431
-18817	-14474	-8996	8478	8128	-15283	-55	223	5	3362	16810	3362	69396444
-18664	-15796	-9524	9350	8612	-16003	-51	221	7	3363	16815	3363	69396468
-18504	-16900	-9901	10001	9014	-16693	-45	219	9	3364	16820	3364	69396468
-18335	-17805	-10274	10716	9396	-17357	-46	221	7	3365	16825	3365	69396468
-18037	-18520	-10446	11524	9781	-17942	-47	223	3	3366	16830	3366	69396468
-17655	-19205	-10328	12236	10107	-18542	-45	221	3	3367	16835	3367	69396468
-17301	-20059	-10287	12779	10385	-19311	-41	217	3	3368	16840	3368	69396468
-17000	-21234	-10095	13103	10642	-20249	-40	217	2	3369	16845	3369	69396486
-16711	-22849	-9793	13163	10850	-21342	-39	217	1	3370	16850	3370	69396526
-16486	-24383	-9712	12823	10996	-22438	-34	217	-6	3371	16855	3371	69396537
-16316	-25488	-9871	12048	11092	-23362	-31	217	-11	3372	16860	3372	69396537
-16133	-26330	-10062	10979	11160	-24179	-28	216	-8	3373	16865	3373	69396537
-15892	-26782	-10100	9806	11217	-24939	-26	216	-6	3374	16870	3374	69396538
-15586	-26885	-10154	8627	11296	-25730	-20	216	-6	3375	16875	3375	69396538
-15162	-26835	-10123	7475	11392	-26549	-16	216	-6	3376	16880	3376	69396538
-14748	-26884	-10022	6369	11454	-27340	-16	217	-8	3377	16885	3377	69396538
-14426	-26987	-9740	5262	11525	-28157	-16	218	-10	3378	16890	3378	69396542
-14154	-27171	-9287	4238	11610	-28995	-12	213	-8	3379	16895	3379	69396545
-13848	-27592	-8916	3302	11653	-29769	-9	209	-7	3380	16900	3380	69396546
-13567	-28147	-8470	2321	11644	-30532	-4	207	-8	3381	16905	3381	69396546
-13376	-28567	-7968	1311	11588	-31334	-1	205	-9	3382	16910	3382	69396546
-13270	-28812	-7528	307	11514	-32073	2	207	-10	3383	16915	3383	69396546
-13180	-29020	-7152	-838	11460	-32600	4	208	-10	3384	16920	3384	69396550
-13189	-29176	-6812	-2026	11393	-32768	6	201	-10	3385	16925	3385	69396602
-13266	-29222	-6546	-3027	11322	-32768	8	196	-10	3386	16930	3386	69396634
-13409	-29308	-6409	-3903	11286	-32768	12	201	-15	3387	16935	3387	69396634
-13484	-29694	-6366	-4733	11277	-32768	13	203	-17	3388	16940	3388	69396635
-13625	-30339	-6352	-5627	11259	-32768	24	197	-15	3389	16945	3389	69396635
-13928	-30916	-6254	-6355	11272	-32768	27	195	-15	3390	16950	3390	69396635
-14286	-31767	-6352	-7074	11311	-32768	29	186	-16	3391	16955	3391	69396635
-14590	-32605	-6307	-7885	11396	-32768	30	184	-16	3392	16960	3392	69396635
-14832	-32768	-5982	-8726	11440	-32768	42	183	-20	3393	16965	3393	69396666
-15232	-32768	-5680	-9600	11437	-32768	45	183	-21	3394	16970	3394	69396674
-15533	-32768	-5242	-10498	11445	-32768	44	174	-19	3395	16975	3395	69396674
-15794	-32768	-4562	-11274	11413	-32768	44	172	-18	3396	16980	3396	69396674
-15862	-32768	-3678	-11660	11355	-32768	47	167	-23	3397	16985	3397	69396674
-15656	-32768	-2760	-11537	11277	-32768	47	167	-23	3398	16990	3398	69396674
-15376	-32768	-2166	-11266	11166	-32768	60	154	-22	3399	16995	3399	69396674
-14874	-32768	-1600	-11166	10974	-32768	60	154	-22	3400	17000	3400	69396674
-14571	-32458	-1480	-11104	10766	-32768	60	149	-24	3401	17005	3401	69396674
-14064	-31735	-1307	-10965	10536	-32768	60	148	-24	3402	17010	3402	69396674
-13477	-31018	-1118	-10745	10345	-32768	63	145	-26	3403	17015	3403	69396675
-12676	-30774	-930	-10505	10099	-32768	64	144	-26	3404	17020	3404	69396675
-12118	-31028	-1002	-10338	9861	-32768	71	127	-31	3405	17025	3405	69396675
-11574	-31198	-1094	-10339	9603	-32768	71	127	-31	3406	17030	3406	69396682
-11130	-30780	-1150	-10429	9314	-32768	73	117	-31	3407	17035	3407	69396682
-10596	-30050	-1170	-10574	9051	-32768	73	117	-31	3408	17040	3408	69396683
-10056	-29262	-1106	-10721	8838	-32768	76	104	-32	3409	17045	3409	69396683
-9512	-28710	-880	-10970	8711	-32768	76	104	-32	3410	17050	3410	69396721
-9114	-28406	-456	-10903	8505	-32768	78	92	-36	3411	17055	3411	69396721
-8826	-28356	-296	-10714	8332	-32768	78	92	-36	3412	17060	3412	69396721
-8319	-27780	-46	-10693	8123	-32768	77	87	-45	3413	17065	3413	69396722
-7810	-26868	199	-10776	7869	-32768	77	84	-43	3414	17070	3414	69396722
-7142	-25753	506	-10931	7595	-32768	79	73	-35	3415	17075	3415	69396722
-6415	-24614	746	-10907	7305	-32768	78	71	-37	3416	17080	3416	69396723
-5708	-23512	812	-10657	7009	-32768	75	63	-43	3417	17085	3417	69396723
-4996	-22528	833	-10287	6727	-32768	77	62	-43	3418	17090	3418	69396731
-4302	-21742	1008	-9820	6389	-32768	86	56	-44	3419	17095	3419	69396761
-3570	-21048	1292	-9338	5986	-32768	83	52	-44	3420	17100	3420	69396761
-2888	-20371	1085	-9043	5575	-32768	73	41	-45	3421	17105	3421	69396761
-2297	-19771	973	-9193	5259	-32768	74	40	-46	3422	17110	3422	69396761
-1781	-19043	927	-9354	4945	-32768	75	39	-47	3423	17115	3423	69396761
-1194	-17990	1014	-9407	4630	-32768	73	37	-47	3424	17120	3424	69396761
-486	-16816	1269	-9352	4350	-32768	67	29	-45	3425	17125	3425	69396761
316	-15798	1614	-9218	4080	-32768	68	28	-46	3426	17130	3426	69396761
1068	-14879	1602	-8959	3858	-32768	70	22	-52	3427	17135	3427	69396768
1776	-14335	1665	-8835	3685	-32768	68	19	-52	3428	17140	3428	69396798
2470	-13853	1965	-8902	3400	-32768	62	6	-54	3429	17145	3429	69396799
3090	-13575	2064	-8817	3051	-32768	61	4	-55	3430	17150	3430	69396799
3575	-13461	1780	-8725	2815	-32768	60	0	-56	3431	17155	3431	69396799
3972	-13375	1516	-8798	2598	-32768	58	-2	-54	3432	17160	3432	69396800
4214	-13146	1324	-8925	2408	-32768	54	-4	-50	3433	17165	3433	69396800
4229	-12543	1246	-8841	2301	-32768	51	-7	-52	3434	17170	3434	69396800
4192	-11629	1205	-8429	2275	-32261	47	-11	-55	3435	17175	3435	69396815
4076	-10577	1276	-7657	2280	-30930	47	-13	-54	3436	17180	3436	69396836
3933	-9607	1345	-6496	2314	-29381	47	-17	-53	3437	17185	3437	69396836
3862	-8734	1519	-5318	2309	-27854	42	-21	-58	3438	17190	3438	69396836
3802	-7958	1935	-4110	2199	-26457	39	-23	-61	3439	17195	3439	69396837
3784	-7208	2169	-2672	2042	-25055	38	-27	-59	3440	17200	3440	69396837
3852	-6602	2140	-1232	1891	-23665	37	-29	-57	3441	17205	3441	69396837
3967	-6067	2088	89	1728	-22289	35	-31	-56	3442	17210	3442	69396837
4023	-5671	2229	1213	1524	-20924	33	-33	-55	3443	17215	3443	69396858
3920	-5552	2469	2162	1319	-19595	35	-37	-54	3444	17220	3444	69396872
3735	-5510	2568	3023	1145	-18333	36	-40	-54	3445	17225	3445	69396872
3571	-5574	2594	3728	967	-17078	33	-38	-49	3446	17230	3446	69396872
3414	-5738	2488	4248	780	-15809	31	-37	-45	3447	17235	3447	69396872
3210	-5781	2360	4662	621	-14569	31	-41	-46	3448	17240	3448	69396872
3047	-5658	2111	4941	472	-13365	31	-43	-47	3449	17245	3449	69396872
2860	-5490	1776	5005	366	-12185	30	-43	-48	3450	17250	3450	69396883
2574	-5382	1362	4862	323	-11064	29	-43	-49	3451	17255	3451	69396907
2279	-5325	870	4420	298	-10033	26	-46	-52	3452	17260	3452	69396918
1908	-5397	485	3685	299	-9071	24	-48	-54	3453	17265	3453	69396918
1572	-5619	158	2599	333	-8010	23	-41	-50	3454	17270	3454	69396918
1401	-5854	-57	1371	336	-7096	23	-39	-49	3455	17275	3455	69396918
1364	-6159	-62	-165	298	-6305	20	-47	-51	3456	17280	3456	69396918
1282	-6518	-148	-2047	259	-5595	19	-49	-51	3457	17285	3457	69396918
1249	-6597	-41	-4083	199	-4937	18	-47	-49	3458	17290	3458	69396947
1172	-6390	-117	-5821	116	-4195	18	-46	-48	3459	17295	3459	69396964
989	-5936	-243	-7331	108	-3346	19	-50	-47	3460	17300	3460	69396966
726	-5222	-260	-8859	164	-2541	19	-51	-47	3461	17305	3461	69396967
296	-4362	-148	-10385	159	-1619	18	-50	-52	3462	17310	3462	69396967
-120	-3780	-204	-11280	120	-839	18	-50	-52	3463	17315	3463	69396967
-552	-3324	-204	-11878	120	-122	15	-53	-45	3464	17320	3464	69396967
-880	-2958	-356	-12128	58	542	15	-53	-45	3465	17325	3465	69396975
-1104	-2734	-878	-12221	-41	1239	13	-47	-51	3466	17330	3466	69397005
-1242	-2584	-950	-12096	-97	1816	13	-47	-51	3467	17335	3467	69397005
-1448	-2420	-1100	-11765	-154	2416	10	-52	-54	3468	17340	3468	69397006
-1628	-2308	-1390	-11358	-236	2965	9	-53	-55	3469	17345	3469	69397007
-1697	-2157	-1345	-10933	-310	3501	8	-52	-51	3470	17350	3470	69397007
-1614	-2176	-1342	-10308	-428	4146	8	-52	-50	3471	17355	3471	69397007
-1506	-2200	-1472	-9745	-599	4636	13	-51	-51	3472	17360	3472	69397008
-1526	-2326	-1934	-9239	-733	5053	13	-51	-51	3473	17365	3473	69397008
-1676	-2416	-2376	-8839	-791	5397	11	-53	-51	3474	17370	3474	69397008
-1964	-2284	-2980	-8331	-829	5746	11	-53	-51	3475	17375	3475	69397017
-2282	-2084	-3568	-7859	-847	6146	12	-50	-50	3476	17380	3476	69397059
-2512	-1840	-4138	-7177	-875	6541	12	-50	-50	3477	17385	3477	69397059
-2574	-2154	-4712	-6573	-828	6823	11	-53	-57	3478	17390	3478	69397059
-2531	-3186	-5568	-6122	-719	6826	10	-54	-56	3479	17395	3479	69397060
-2498	-4052	-6056	-5820	-605	6700	7	-57	-51	3480	17400	3480	69397060
-2390	-4855	-6167	-5565	-506	6552	8	-55	-52	3481	17405	3481	69397061
-2280	-5232	-6170	-5175	-419	6340	11	-49	-55	3482	17410	3482	69397061
-2116	-5150	-5921	-4680	-386	6138	11	-49	-56	3483	17415	3483	69397061
-1862	-5024	-5789	-4190	-453	6027	10	-50	-58	3484	17420	3484	69397062
-1538	-5017	-5622	-4130	-516	5882	9	-49	-58	3485	17425	3485	69397069
-1043	-4690	-5330	-4229	-629	5664	3	-45	-59	3486	17430	3486	69397099
-502	-4038	-5285	-4131	-890	5434	5	-45	-58	3487	17435	3487	69397099
122	-3672	-5396	-3799	-1164	5281	12	-44	-56	3488	17440	3488	69397099
634	-3523	-5325	-3314	-1353	5155	13	-45	-56	3489	17445	3489	69397099
1113	-3452	-5637	-2614	-1628	4926	16	-50	-58	3490	17450	3490	69397099
1654	-3518	-6107	-2139	-1907	4567	15	-49	-59	3491	17455	3491	69397099
2132	-3934	-6715	-1854	-2176	4078	11	-45	-61	3492	17460	3492	69397106
2560	-4298	-7069	-1613	-2407	3478	11	-45	-61	3493	17465	3493	69397141
2862	-4145	-7651	-1164	-2706	2888	12	-44	-62	3494	17470	3494	69397165
3194	-3840	-8337	-834	-2993	2347	12	-45	-61	3495	17475	3495	69397165
3548	-3900	-8844	-664	-3263	1579	11	-47	-59	3496	17480	3496	69397165
3841	-4024	-9262	-340	-3580	799	13	-46	-61	3497	17485	3497	69397165
4141	-3810	-9661	181	-3915	88	17	-45	-65	3498	17490	3498	69397166
4405	-3272	-10162	779	-4227	-519	13	-43	-65	3499	17495	3499	69397166
4545	-2671	-10670	1361	-4505	-1127	6	-40	-64	3500	17500	3500	69397176
4607	-2317	-11039	1904	-4770	-1769	9	-44	-64	3501	17505	3501	69397205
4610	-2170	-11362	2575	-5010	-2348	13	-51	-65	3502	17510	3502	69397225
4659	-2052	-11820	3356	-5191	-2817	11	-49	-64	3503	17515	3503	69397225
4804	-1998	-12379	3980	-5300	-3276	7	-45	-63	3504	17520	3504	69397225
5001	-2052	-12910	4458	-5394	-3705	7	-45	-63	3505	17525	3505	69397225
5216	-2177	-13125	4693	-5511	-4066	7	-45	-63	3506	17530	3506	69397225
5414	-2364	-13065	4869	-5648	-4415	8	-42	-66	3507	17535	3507	69397225
5579	-2505	-12961	5186	-5792	-4763	8	-40	-68	3508	17540	3508	69397225
5610	-2586	-12795	5491	-5894	-5147	6	-43	-69	3509	17545	3509	69397225
5566	-2582	-12582	5715	-5965	-5513	5	-45	-69	3510	17550	3510	69397225
5531	-2511	-12424	6036	-6051	-5859	7	-45	-68	3511	17555	3511	69397225
5463	-2231	-12184	6682	-6177	-6223	10	-46	-66	3512	17560	3512	69397226
5440	-1609	-11760	7522	-6292	-6506	12	-44	-67	3513	17565	3513	69397226
5588	-1040	-11300	8342	-6339	-6699	13	-43	-67	3514	17570	3514	69397230
5722	-726	-10972	9147	-6373	-6861	9	-47	-66	3515	17575	3515	69397234
5822	-750	-11016	9924	-6389	-7026	7	-49	-65	3516	17580	3516	69397234
5962	-1058	-11073	10676	-6425	-7184	10	-48	-68	3517	17585	3517	69397251
5993	-1449	-11006	11431	-6544	-7311	12	-48	-70	3518	17590	3518	69397263
5971	-1805	-10913	12200	-6724	-7393	8	-44	-69	3519	17595	3519	69397264
6062	-2139	-10982	12919	-6913	-7466	6	-42	-68	3520	17600	3520	69397264
6351	-2502	-11190	13617	-7121	-7565	5	-47	-67	3521	17605	3521	69397264
6706	-2927	-11240	14062	-7357	-7653	5	-49	-67	3522	17610	3522	69397265
6666	-3804	-11661	14276	-7587	-7755	3	-48	-69	3523	17615	3523	69397265
6739	-4943	-11012	14445	-7632	-8039	2	-48	-70	3524	17620	3524	69397265
6681	-6178	-11934	14225	-8022	-8514	7	-50	-68	3525	17625	3525	69397266
6838	-8026	-12926	12862	-7910	-9374	8	-50	-68	3526	17630	3526	69397266
7200	-9647	-13602	10444	-7701	-10394	8	-48	-63	3527	17635	3527	69397308
7387	-9880	-14040	7509	-7603	-10905	8	-48	-62	3528	17640	3528	69397318
6956	-8388	-14106	4285	-7552	-10723	7	-55	-75	3529	17645	3529	69397318
6874	-5850	-13246	2729	-7989	-10171	7	-55	-75	3530	17650	3530	69397318
6674	-3252	-13316	2379	-8584	-9715	-1	-53	-71	3531	17655	3531	69397318
6771	-2035	-13798	2532	-8571	-9559	-1	-53	-71	3532	17660	3532	69397318
6803	-1403	-14257	2954	-8275	-9368	1	-53	-74	3533	17665	3533	69397318
6673	-1501	-14495	3662	-8008	-9095	1	-53	-75	3534	17670	3534	69397318
6579	-2288	-14657	4548	-8056	-8912	6	-53	-75	3535	17675	3535	69397319
6513	-3290	-14880	5317	-8336	-8961	7	-53	-75	3536	17680	3536	69397319
6364	-3798	-14684	6000	-8603	-9138	2	-58	-78	3537	17685	3537	69397347
6322	-3034	-14230	6864	-8586	-9094	2	-58	-78	3538	17690	3538	69397347
6414	-2096	-14146	8138	-8370	-8896	-5	-55	-77	3539	17695	3539	69397347
6282	-1656	-13990	9285	-8158	-8789	-5	-55	-77	3540	17700	3540	69397348
5816	-1724	-13968	10772	-7984	-8833	2	-62	-76	3541	17705	3541	69397348
5606	-1916	-14024	12850	-7750	-8760	2	-62	-76	3542	17710	3542	69397348
5570	-2476	-13866	14801	-7548	-8572	-8	-54	-74	3543	17715	3543	69397349
5334	-3712	-13952	16521	-7306	-8534	-8	-54	-74	3544	17720	3544	69397349
5148	-5384	-14112	17904	-7023	-8758	-3	-53	-75	3545	17725	3545	69397349
5148	-7063	-14168	18675	-6709	-9346	-3	-53	-75	3546	17730	3546	69397384
5086	-7960	-14020	18827	-6453	-9912	-3	-55	-75	3547	17735	3547	69397384
4896	-8176	-13846	18678	-6126	-10354	-3	-55	-76	3548	17740	3548	69397385
4890	-8024	-13719	18291	-5903	-10539	-5	-55	-79	3549	17745	3549	69397385
5102	-7710	-13492	17616	-5767	-10602	-4	-56	-78	3550	17750	3550	69397385
5603	-7316	-12488	16779	-5700	-10609	-2	-58	-72	3551	17755	3551	69397385
5795	-7356	-12143	15958	-5745	-10629	-1	-58	-73	3552	17760	3552	69397387
5903	-7470	-12101	15159	-5757	-10567	1	-57	-77	3553	17765	3553	69397399
6033	-7473	-11678	14552	-5874	-10247	0	-58	-76	3554	17770	3554	69397421
5910	-7182	-10368	14109	-6221	-9939	-5	-61	-71	3555	17775	3555	69397422
5437	-7122	-9028	14106	-6765	-9799	-5	-61	-73	3556	17780	3556	69397422
5454	-7026	-7373	14537	-7229	-9719	-7	-61	-79	3557	17785	3557	69397422
5410	-6348	-6538	15440	-7613	-9702	-6	-60	-78	3558	17790	3558	69397422
4923	-5410	-6545	16303	-7783	-9596	-3	-57	-73	3559	17795	3559	69397422
4331	-5050	-7237	16957	-7739	-9312	-3	-57	-72	3560	17800	3560	69397430
3971	-5475	-8193	17051	-7627	-9105	-5	-55	-69	3561	17805	3561	69397463
3715	-6391	-9312	16305	-7591	-9281	-5	-56	-71	3562	17810	3562	69397464
3492	-7100	-10095	14587	-7475	-9873	-3	-59	-75	3563	17815	3563	69397464
3280	-7168	-10140	12811	-7304	-10418	-2	-59	-74	3564	17820	3564	69397465
3015	-6840	-9635	11317	-7191	-10816	-1	-59	-73	3565	17825	3565	69397465
2951	-6474	-8992	10272	-7200	-11027	-3	-58	-72	3566	17830	3566	69397466
3282	-6266	-8374	9444	-7340	-11091	-7	-57	-71	3567	17835	3567	69397466
3868	-6135	-7738	8799	-7594	-11062	-7	-59	-71	3568	17840	3568	69397479
4528	-6012	-7384	8406	-7887	-10929	-7	-63	-71	3569	17845	3569	69397496
4949	-5855	-7192	8161	-8139	-10612	-9	-63	-72	3570	17850	3570	69397497
5008	-5686	-7227	8234	-8340	-10145	-10	-62	-72	3571	17855	3571	69397497
4730	-5551	-7399	8545	-8536	-9677	-9	-61	-75	3572	17860	3572	69397497
4263	-5499	-7580	8906	-8714	-9250	-9	-61	-77	3573	17865	3573	69397498
3658	-5536	-7916	9216	-8855	-8918	-10	-62	-78	3574	17870	3574	69397498
3201	-5713	-8002	9417	-8926	-8704	-10	-62	-78	3575	17875	3575	69397504
2680	-5950	-7878	9569	-8990	-8572	-10	-62	-76	3576	17880	3576	69397522
1909	-6066	-7960	9950	-8974	-8487	-11	-61	-73	3577	17885	3577	69397539
1197	-6119	-8247	10582	-8766	-8397	-12	-62	-71	3578	17890	3578	69397539
461	-6274	-8463	11065	-8554	-8367	-14	-64	-68	3579	17895	3579	69397539
-89	-6328	-8433	11454	-8343	-8482	-13	-60	-70	3580	17900	3580	69397539
-352	-6153	-8177	11765	-8160	-8643	-12	-58	-72	3581	17905	3581	69397540
-263	-5943	-7851	11822	-8087	-8793	-13	-60	-73	3582	17910	3582	69397540
282	-5949	-7543	11517	-8119	-8934	-13	-61	-73	3583	17915	3583	69397563
1250	-6139	-7252	11002	-8214	-9025	-10	-62	-76	3584	17920	3584	69397579
2452	-6337	-6948	10390	-8353	-9003	-8	-62	-78	3585	17925	3585	69397579
3528	-6498	-6714	9789	-8521	-8833	-10	-61	-74	3586	17930	3586	69397579
4408	-6781	-6910	9217	-8664	-8451	-12	-60	-72	3587	17935	3587	69397579
4667	-7092	-7106	8635	-8689	-8037	-14	-62	-70	3588	17940	3588	69397579
4421	-7200	-7470	8000	-8645	-7657	-15	-63	-69	3589	17945	3589	69397579
3920	-7162	-7636	7457	-8546	-7304	-9	-61	-75	3590	17950	3590	69397579
3228	-6801	-7930	7361	-8394	-6917	-8	-60	-76	3591	17955	3591	69397585
2816	-6391	-8424	7499	-8105	-6510	-13	-60	-78	3592	17960	3592	69397617
2377	-5977	-8637	7496	-7783	-6133	-14	-60	-78	3593	17965	3593	69397625
2185	-5649	-8760	7554	-7424	-5762	-15	-62	-77	3594	17970	3594	69397625
2238	-5234	-8592	7838	-7056	-5379	-15	-63	-77	3595	17975	3595	69397625
2494	-4628	-8220	8618	-6683	-4898	-15	-57	-79	3596	17980	3596	69397625
2941	-4146	-8000	9408	-6468	-4571	-15	-57	-79	3597	17985	3597	69397626
3697	-3792	-7639	10154	-6264	-4204	-14	-59	-77	3598	17990	3598	69397626
4496	-3787	-7110	10735	-6129	-3835	-14	-60	-76	3599	17995	3599	69397632
5320	-3885	-6660	11349	-6005	-3408	-12	-58	-78	3600	18000	3600	69397656
5932	-4093	-6232	12052	-5935	-2894	-12	-58	-78	3601	18005	3601	69397663
6239	-4142	-5935	12714	-5941	-2303	-14	-60	-73	3602	18010	3602	69397663
6382	-4203	-5876	13223	-5943	-1646	-14	-60	-72	3603	18015	3603	69397663
6486	-4570	-6248	13638	-5890	-835	-14	-66	-74	3604	18020	3604	69397663
6240	-5044	-6540	13811	-5767	-172	-14	-66	-74	3605	18025	3605	69397663
6030	-5398	-6956	14013	-5636	513	-10	-62	-80	3606	18030	3606	69397663
5984	-5706	-7508	13995	-5469	1211	-10	-62	-80	3607	18035	3607	69397703
6038	-6132	-7890	13555	-5205	1846	-8	-60	-72	3608	18040	3608	69397703
6292	-6520	-8170	12987	-4924	2386	-8	-60	-72	3609	18045	3609	69397703
6526	-6782	-8422	12358	-4630	2901	-10	-64	-80	3610	18050	3610	69397703
6558	-6840	-8392	11774	-4296	3423	-10	-64	-80	3611	18055	3611	69397703
6640	-6844	-8224	11308	-4021	3981	-8	-54	-76	3612	18060	3612	69397703
6797	-6700	-7795	10856	-3692	4669	-8	-55	-75	3613	18065	3613	69397703
6955	-6602	-7705	10606	-3402	5230	-8	-60	-72	3614	18070	3614	69397703
7090	-6666	-7573	10252	-3074	5786	-8	-60	-72	3615	18075	3615	69397707
7218	-6813	-7188	9762	-2815	6332	-9	-61	-71	3616	18080	3616	69397718
7274	-6834	-6885	9579	-2631	6881	-8	-61	-72	3617	18085	3617	69397740
7182	-6756	-6738	9823	-2442	7413	0	-60	-74	3618	18090	3618	69397740
7168	-6814	-6964	10322	-2184	8191	0	-60	-74	3619	18095	3619	69397740
7060	-7444	-7352	10770	-1931	8899	-5	-65	-73	3620	18100	3620	69397741
7131	-8342	-7448	11245	-1670	9622	-5	-64	-73	3621	18105	3621	69397741
7209	-8600	-7465	11840	-1535	10296	-3	-59	-71	3622	18110	3622	69397741
7497	-8546	-7446	12505	-1370	11082	-2	-58	-71	3623	18115	3623	69397741
7764	-8620	-7481	13037	-1178	11875	2	-54	-70	3624	18120	3624	69397745
7894	-8802	-7384	13385	-953	12572	2	-54	-70	3625	18125	3625	69397765
7914	-9106	-6920	13718	-763	13227	4	-56	-70	3626	18130	3626	69397779
7821	-9221	-6295	14292	-594	13902	5	-56	-70	3627	18135	3627	69397779
7556	-9330	-5693	15033	-393	14524	10	-56	-68	3628	18140	3628	69397779
7121	-9380	-5081	15821	-94	15145	11	-54	-67	3629	18145	3629	69397779
6681	-9634	-4586	16508	279	15945	12	-48	-62	3630	18150	3630	69397779
6318	-10022	-4326	17132	623	16625	14	-48	-61	3631	18155	3631	69397784
6093	-10669	-4411	17735	976	17237	18	-48	-60	3632	18160	3632	69397802
5932	-11439	-4437	18157	1307	17758	18	-46	-62	3633	18165	3633	69397819
5752	-11995	-4448	18504	1596	18240	18	-42	-64	3634	18170	3634	69397819
5572	-12492	-4724	18805	1943	18750	24	-41	-61	3635	18175	3635	69397820
5439	-13108	-5034	18804	2357	19226	32	-40	-56	3636	18180	3636	69397820
5202	-13838	-5293	18446	2770	19663	31	-42	-57	3637	18185	3637	69397821
4962	-14582	-5262	17936	3100	20080	29	-43	-57	3638	18190	3638	69397821
4832	-15032	-5039	17508	3316	20440	31	-44	-57	3639	18195	3639	69397825
4790	-15257	-4636	17079	3493	20814	33	-45	-57	3640	18200	3640	69397861
4838	-15347	-3999	16623	3649	21251	33	-42	-54	3641	18205	3641	69397910
4828	-15375	-3331	16311	3783	21724	32	-38	-50	3642	18210	3642	69397910
4731	-15292	-2705	16268	3941	22219	36	-37	-48	3643	18215	3643	69397910
4640	-15120	-2032	16531	4095	22733	41	-35	-45	3644	18220	3644	69397910
4500	-14890	-1431	17138	4231	23348	42	-32	-45	3645	18225	3645	69397911
4260	-14875	-1390	18017	4412	23971	43	-29	-45	3646	18230	3646	69397911
4050	-15223	-1801	18886	4652	24512	45	-27	-39	3647	18235	3647	69397917
3777	-15678	-2134	19818	4875	25024	47	-25	-35	3648	18240	3648	69397937
3453	-15994	-2340	20930	5044	25528	52	-23	-34	3649	18245	3649	69397948
3180	-16390	-2376	21946	5238	25982	55	-21	-33	3650	18250	3650	69397948
2876	-17200	-2296	22704	5475	26294	55	-17	-29	3651	18255	3651	69397949
2501	-18289	-2069	23347	5743	26431	55	-15	-27	3652	18260	3652	69397949
2066	-19375	-1753	23729	6036	26504	56	-14	-25	3653	18265	3653	69397949
1663	-20447	-1532	23535	6384	26596	57	-13	-23	3654	18270	3654	69397950
1240	-21306	-1362	22679	6681	26646	60	-13	-18	3655	18275	3655	69397950
926	-21893	-1245	21387	6971	26660	61	-13	-17	3656	18280	3656	69397950
553	-22197	-1182	19891	7243	26727	63	-5	-15	3657	18285	3657	69397950
338	-22340	-1130	18282	7510	26877	63	-3	-15	3658	18290	3658	69397951
226	-22428	-1061	16405	7694	27027	65	2	-17	3659	18295	3659	69397952
196	-22431	-1016	14483	7781	27155	65	3	-17	3660	18300	3660	69397958
176	-22399	-1011	12685	7830	27311	70	8	-9	3661	18305	3661	69397961
182	-22187	-1012	10923	7851	27526	71	9	-7	3662	18310	3662	69397961
198	-21798	-890	9357	7804	27755	72	16	-9	3663	18315	3663	69397962
157	-21498	-1049	8196	7704	28039	72	18	-10	3664	18320	3664	69397962
63	-21127	-1162	7280	7607	28343	72	21	0	3665	18325	3665	69397969
-196	-20629	-1191	6770	7419	28700	72	22	2	3666	18330	3666	69397985
-477	-20158	-1189	6916	7241	29134	73	21	4	3667	18335	3667	69397989
-767	-19676	-1263	7612	7110	29590	73	21	5	3668	18340	3668	69397989
-1116	-19240	-1445	8562	7011	30000	77	31	7	3669	18345	3669	69397989
-1566	-18854	-1358	9621	6893	30378	78	34	8	3670	18350	3670	69397989
-2140	-18518	-1294	11218	6779	30817	76	36	0	3671	18355	3671	69397989
-2600	-18644	-1346	12733	6755	31185	76	36	0	3672	18360	3672	69397989
-3048	-19096	-1384	13742	6809	31395	81	43	5	3673	18365	3673	69398002
-3488	-19836	-1444	14060	6844	31376	81	43	5	3674	18370	3674	69398030
-4082	-20462	-1612	14006	6868	31332	73	53	9	3675	18375	3675	69398030
-4476	-21044	-1616	13506	6942	31361	73	53	9	3676	18380	3676	69398030
-4914	-21542	-1768	12515	7019	31370	86	56	10	3677	18385	3677	69398030
-5280	-21894	-2002	11192	7144	31343	86	56	10	3678	18390	3678	69398030
-5646	-22294	-2240	9030	7250	31278	77	67	19	3679	18395	3679	69398031
-5977	-22498	-2164	7020	7273	31196	77	68	20	3680	18400	3680	69398031
-6288	-22534	-2214	5159	7236	31112	76	74	24	3681	18405	3681	69398041
-6560	-22173	-2234	3492	7206	31030	77	75	24	3682	18410	3682	69398083
-6899	-21445	-2275	2222	7179	31024	79	77	23	3683	18415	3683	69398083
-7112	-20710	-2390	1466	7176	31086	79	77	23	3684	18420	3684	69398083
-7490	-19606	-1986	1197	7166	31216	78	88	24	3685	18425	3685	69398083
-7848	-18582	-1844	1726	7164	31424	78	88	24	3686	18430	3686	69398083
-8240	-17972	-1886	2823	7292	31583	71	97	21	3687	18435	3687	69398083
-8841	-17567	-2108	4557	7571	31650	70	98	21	3688	18440	3688	69398083
-9386	-17376	-2125	6039	7783	31674	67	103	23	3689	18445	3689	69398083
-10024	-17406	-1947	7301	7980	31662	66	104	23	3690	18450	3690	69398089
-10530	-17637	-1664	8321	8213	31539	64	110	24	3691	18455	3691	69398114
-11009	-18026	-1556	9237	8507	31314	64	111	23	3692	18460	3692	69398128
-11303	-18538	-1778	9884	8873	31076	65	113	19	3693	18465	3693	69398129
-11530	-19233	-1778	9921	9185	30800	65	116	19	3694	18470	3694	69398130
-11793	-20184	-1712	9382	9440	30403	64	128	20	3695	18475	3695	69398130
-11974	-21325	-1700	7902	9680	29909	64	128	22	3696	18480	3696	69398131
-12124	-22193	-1763	5994	9872	29413	65	129	25	3697	18485	3697	69398145
-12274	-22743	-2002	3746	10040	28929	62	131	26	3698	18490	3698	69398171
-12337	-22810	-2156	1232	10121	28560	57	135	27	3699	18495	3699	69398178
-12422	-22301	-2244	-1201	10107	28308	57	135	27	3700	18500	3700	69398178
-12526	-21221	-2325	-3217	10097	28186	58	136	26	3701	18505	3701	69398179
-12584	-19710	-2381	-4669	10116	28195	55	141	26	3702	18510	3702	69398179
-12646	-17972	-2367	-5408	10123	28273	51	149	27	3703	18515	3703	69398179
-12773	-16274	-2203	-5276	10108	28387	51	151	24	3704	18520	3704	69398179
-13037	-14984	-1936	-4241	10120	28508	51	153	21	3705	18525	3705	69398179
-13360	-14198	-1667	-2772	10187	28648	51	158	21	3706	18530	3706	69398180
-13756	-13645	-1454	-853	10284	28807	50	162	20	3707	18535	3707	69398200
-14310	-13230	-1306	1644	10429	28958	46	166	17	3708	18540	3708	69398239
-14924	-12956	-1143	4351	10655	29063	41	171	13	3709	18545	3709	69398252
-15456	-12856	-1033	7100	10954	29145	41	172	13	3710	18550	3710	69398252
-15853	-12865	-782	9632	11238	29223	40	174	12	3711	18555	3711	69398252
-16238	-13013	-466	12131	11534	29285	36	177	16	3712	18560	3712	69398252
-16616	-13582	-236	14197	11875	29269	32	180	20	3713	18565	3713	69398252
-16910	-14344	-28	15486	12136	29103	33	182	22	3714	18570	3714	69398253
-17205	-15256	282	16171	12304	28786	33	183	23	3715	18575	3715	69398253
-17565	-16028	582	16357	12409	28410	29	188	22	3716	18580	3716	69398253
-17898	-16459	655	16238	12498	28085	27	191	21	3717	18585	3717	69398253
-18096	-16688	729	15813	12576	27849	20	193	19	3718	18590	3718	69398253
-18215	-16737	788	15071	12576	27634	16	194	18	3719	18595	3719	69398270
-18308	-16602	955	14233	12493	27363	11	192	21	3720	18600	3720	69398282
-18386	-16121	1457	13405	12324	27038	7	191	23	3721	18605	3721	69398282
-18621	-15351	1572	13341	12135	26791	5	197	24	3722	18610	3722	69398282
-18753	-14515	1246	13844	12114	26633	4	198	24	3723	18615	3723	69398282
-18855	-14109	923	14056	12148	26414	0	200	23	3724	18620	3724	69398283
-19102	-13968	760	14115	12086	26031	-1	201	23	3725	18625	3725	69398283
-19316	-13996	532	14524	11995	25654	-5	207	17	3726	18630	3726	69398283
-19441	-14915	439	15050	11886	25333	-6	208	16	3727	18635	3727	69398283
-19514	-15862	504	15197	11722	24875	-14	213	15	3728	18640	3728	69398283
-19645	-16092	512	14914	11470	24157	-18	216	14	3729	18645	3729	69398283
-19645	-15464	641	14261	11212	23714	-21	214	19	3730	18650	3730	69398283
-19577	-14400	946	13901	10934	23559	-22	214	20	3731	18655	3731	69398283
-19469	-14045	1144	13600	10597	23369	-28	217	15	3732	18660	3732	69398289
-19374	-13104	1403	13149	10174	22891	-30	218	14	3733	18665	3733	69398297
-19244	-12318	1574	12880	9744	22492	-35	221	14	3734	18670	3734	69398325
-19016	-12413	1717	12624	9297	22155	-36	222	14	3735	18675	3735	69398333
-19017	-12112	1911	12241	8785	21546	-37	221	12	3736	18680	3736	69398334
-18852	-12698	1978	11902	8194	20945	-37	221	11	3737	18685	3737	69398335
-18688	-13694	1826	11595	7671	20041	-45	225	11	3738	18690	3738	69398337
-18988	-14126	1730	10782	7077	18708	-45	225	11	3739	18695	3739	69398338
-19046	-13702	1630	9648	6539	17831	-52	220	12	3740	18700	3740	69398369
-18712	-13476	1466	8582	6065	17433	-52	220	12	3741	18705	3741	69398370
-18474	-13068	1418	7540	5490	16832	-61	217	9	3742	18710	3742	69398370
-18496	-13070	1144	6686	4928	15994	-61	217	9	3743	18715	3743	69398370
-18446	-13304	804	5682	4413	14997	-62	220	6	3744	18720	3744	69398370
-18288	-12384	918	4573	3942	14247	-62	220	6	3745	18725	3745	69398371
-18094	-12104	701	3883	3352	13461	-64	224	10	3746	18730	3746	69398371
-17868	-12253	492	3368	2911	12591	-65	225	9	3747	18735	3747	69398371
-17648	-12234	374	2664	2473	11546	-67	227	7	3748	18740	3748	69398371
-17437	-11733	461	1899	2017	10508	-67	227	8	3749	18745	3749	69398378
-17232	-11480	368	1441	1667	9751	-67	227	11	3750	18750	3750	69398406
-16724	-12522	526	750	1265	8936	-67	227	11	3751	18755	3751	69398406
-16604	-12586	852	-385	783	7613	-64	228	8	3752	18760	3752	69398407
-16792	-10570	1122	-1276	441	6481	-64	228	8	3753	18765	3753	69398407
-16617	-8555	1108	-1248	125	6265	-71	223	7	3754	18770	3754	69398407
-16555	-8123	993	-750	-176	6059	-72	223	7	3755	18775	3755	69398407
-16586	-9126	1005	-283	-532	5386	-77	225	7	3756	18780	3756	69398408
-16899	-9156	968	-19	-826	4211	-78	224	7	3757	18785	3757	69398422
-17058	-8819	760	428	-1035	3383	-80	222	6	3758	18790	3758	69398455
-16935	-9010	466	846	-1216	3044	-80	222	5	3759	18795	3759	69398457
-16887	-8933	392	1110	-1375	2567	-79	221	-1	3760	18800	3760	69398457
-16810	-8693	188	1410	-1522	1989	-79	222	1	3761	18805	3761	69398458
-16669	-8545	121	1853	-1626	1515	-77	225	7	3762	18810	3762	69398458
-16590	-8284	-132	2451	-1667	1077	-79	227	9	3763	18815	3763	69398458
-16527	-8029	-204	2931	-1680	755	-81	229	11	3764	18820	3764	69398466
-16575	-7884	-309	3426	-1672	481	-80	227	11	3765	18825	3765	69398479
-16589	-7680	-490	3942	-1649	246	-79	223	11	3766	18830	3766	69398479
-16510	-7525	-684	4415	-1601	42	-79	225	8	3767	18835	3767	69398479
-16330	-7406	-780	4811	-1535	-166	-79	227	3	3768	18840	3768	69398479
-16120	-7247	-762	5136	-1466	-386	-79	223	4	3769	18845	3769	69398479
-15877	-7082	-750	5484	-1380	-574	-79	217	5	3770	18850	3770	69398479
-15689	-6928	-736	5836	-1293	-685	-80	219	6	3771	18855	3771	69398479
-15507	-6758	-660	6140	-1211	-744	-81	221	7	3772	18860	3772	69398494
-15291	-6592	-637	6400	-1114	-779	-81	221	8	3773	18865	3773	69398517
