-16493	2833	2557	-20	-688	-192	13506	225	88	970	4850	970	69384521
-16632	2847	2587	-164	-773	-131	13507	224	86	971	4855	971	69384529
-16669	2983	2602	-146	-760	-28	13508	226	92	972	4860	972	69384532
-16395	2835	2693	-34	-743	55	13509	227	93	973	4865	973	69384532
-16318	2804	2554	173	-703	37	13510	229	99	974	4870	974	69384532
-16388	2587	2112	-30	-792	66	13511	229	101	975	4875	975	69384553
-16278	2710	2242	-437	-823	53	13512	228	95	976	4880	976	69384560
-16297	2607	2143	-552	-806	8	13513	228	94	977	4885	977	69384561
-16398	2690	2230	-654	-832	17	13514	231	89	978	4890	978	69384561
-16514	2788	2494	-516	-836	41	13515	231	89	979	4895	979	69384562
-16526	2824	2520	-291	-828	53	13516	223	91	980	4900	980	69384562
-16486	2712	2602	-104	-843	64	13517	223	91	981	4905	981	69384562
-16476	2634	2472	-4	-863	83	13518	228	96	982	4910	982	69384562
-16519	2552	2457	-60	-867	82	13519	228	96	983	4915	983	69384562
-16563	2534	2398	-165	-851	78	13520	231	98	984	4920	984	69384575
-16538	2564	2443	-263	-820	79	13521	232	98	985	4925	985	69384592
-16591	2564	2492	-326	-776	93	13522	232	96	986	4930	986	69384596
-16572	2488	2432	-350	-732	94	13523	232	96	987	4935	987	69384596
-16570	2486	2356	-351	-694	87	13524	231	95	988	4940	988	69384596
-16580	2438	2466	-396	-690	83	13525	231	95	989	4945	989	69384596
-16620	2430	2484	-440	-709	83	13526	222	96	990	4950	990	69384596
-16632	2448	2420	-464	-721	79	13527	222	96	991	4955	991	69384596
-16646	2464	2512	-513	-691	83	13528	223	93	992	4960	992	69384615
-16694	2468	2396	-558	-675	86	13529	223	93	993	4965	993	69384647
-16582	2540	2522	-624	-650	73	13530	232	94	994	4970	994	69384648
-16542	2540	2458	-726	-644	72	13531	231	94	995	4975	995	69384648
-16546	2576	2402	-820	-630	62	13532	228	92	996	4980	996	69384649
-16511	2581	2470	-881	-627	55	13533	227	93	997	4985	997	69384649
-16523	2594	2450	-930	-616	50	13534	225	95	998	4990	998	69384650
-16519	2690	2478	-985	-608	54	13535	226	95	999	4995	999	69384654
-16486	2698	2498	-1005	-597	56	13536	233	95	1000	5000	1000	69384671
-16538	2710	2468	-1056	-580	77	13537	233	95	1001	5005	1001	69384723
-16458	2694	2602	-1090	-575	93	13538	232	90	1002	5010	1002	69384723
-16416	2738	2676	-1089	-566	107	13539	232	90	1003	5015	1003	69384723
-16348	2781	2784	-1063	-566	107	13540	231	89	1004	5020	1004	69384723
-16305	2858	2825	-1016	-568	112	13541	231	90	1005	5025	1005	69384723
-16328	2864	2783	-953	-549	118	13542	232	92	1006	5030	1006	69384726
-16310	2866	2822	-907	-535	130	13543	232	93	1007	5035	1007	69384738
-16303	2940	2818	-860	-517	137	13544	233	95	1008	5040	1008	69384765
-16343	2995	2770	-838	-497	144	13545	232	95	1009	5045	1009	69384774
-16324	3039	2788	-822	-490	160	13546	227	95	1010	5050	1010	69384774
-16297	3093	2871	-792	-502	164	13547	228	94	1011	5055	1011	69384774
-16325	3067	2849	-751	-505	183	13548	230	92	1012	5060	1012	69384774
-16322	3079	2994	-712	-507	189	13549	228	91	1013	5065	1013	69384774
-16299	3122	3119	-668	-501	194	13550	225	89	1014	5070	1014	69384774
-16317	3133	3151	-627	-500	200	13551	225	89	1015	5075	1015	69384774
-16326	3114	3197	-588	-500	196	13552	226	90	1016	5080	1016	69384780
-16314	3128	3272	-521	-500	184	13553	226	90	1017	5085	1017	69384804
-16294	3164	3163	-453	-524	174	13554	228	90	1018	5090	1018	69384804
-16235	3171	3241	-325	-548	176	13555	228	90	1019	5095	1019	69384804
-16224	3126	3175	-179	-586	173	13556	228	90	1020	5100	1020	69384804
-16246	3108	3212	-84	-607	166	13557	230	92	1021	5105	1021	69384804
-16243	3096	3184	-24	-615	162	13558	233	95	1022	5110	1022	69384804
-16284	3062	3056	-12	-598	154	13559	229	95	1023	5115	1023	69384804
-16279	3002	3039	-18	-593	148	13560	222	94	1024	5120	1024	69384805
-16294	2980	3075	-8	-594	150	13561	226	96	1025	5125	1025	69384805
-16314	3015	3112	14	-609	157	13562	232	98	1026	5130	1026	69384805
-16387	2978	3144	37	-643	159	13563	231	98	1027	5135	1027	69384805
-16465	2934	3213	76	-666	161	13565	229	97	1028	5140	1028	69384805
-16447	2926	3220	137	-681	157	13566	225	96	1029	5145	1029	69384810
-16431	2913	3182	204	-692	151	13567	223	95	1030	5150	1030	69384814
-16406	2895	3095	264	-706	147	13568	224	95	1031	5155	1031	69384814
-16341	2879	3007	300	-708	144	13568	225	95	1032	5160	1032	69384818
-16295	2864	2990	294	-706	143	13569	225	93	1033	5165	1033	69384836
-16304	2836	3007	267	-727	132	13570	226	90	1034	5170	1034	69384855
-16281	2844	3008	263	-746	123	13571	226	92	1035	5175	1035	69384855
-16307	2864	3004	273	-773	131	13573	225	95	1036	5180	1036	69384855
-16292	2849	2934	284	-804	131	13574	227	93	1037	5185	1037	69384855
-16324	2838	2869	242	-818	135	13575	229	91	1038	5190	1038	69384855
-16362	2836	2865	151	-822	146	13576	229	92	1039	5195	1039	69384855
-16408	2813	2849	15	-807	159	13577	229	93	1040	5200	1040	69384878
-16408	2777	2755	-149	-777	169	13578	229	92	1041	5205	1041	69384894
-16424	2826	2672	-294	-737	175	13579	229	91	1042	5210	1042	69384894
-16438	2844	2658	-403	-699	176	13580	234	91	1043	5215	1043	69384895
-16389	2865	2758	-455	-671	184	13581	237	91	1044	5220	1044	69384895
-16360	2906	2916	-449	-668	185	13582	235	90	1045	5225	1045	69384896
-16354	2928	2836	-427	-683	175	13583	234	90	1046	5230	1046	69384896
-16339	3002	2824	-421	-692	186	13584	235	94	1047	5235	1047	69384897
-16341	3021	2875	-422	-700	184	13585	235	95	1048	5240	1048	69384899
-16381	3050	2929	-436	-711	187	13586	232	94	1049	5245	1049	69384922
-16353	3073	2865	-468	-718	183	13587	230	94	1050	5250	1050	69384937
-16319	3047	2789	-493	-710	186	13588	229	91	1051	5255	1051	69384937
-16375	3052	2781	-496	-699	194	13589	229	89	1052	5260	1052	69384937
-16423	3073	2753	-491	-692	209	13590	228	88	1053	5265	1053	69384937
-16348	3050	2713	-484	-678	218	13591	227	87	1054	5270	1054	69384937
-16355	2999	2714	-495	-671	219	13592	231	93	1055	5275	1055	69384937
-16316	2958	2673	-514	-669	225	13593	232	94	1056	5280	1056	69384938
-16323	2950	2628	-519	-665	218	13594	234	93	1057	5285	1057	69384938
-16288	2931	2695	-525	-659	216	13595	235	93	1058	5290	1058	69384952
-16305	2932	2748	-545	-676	212	13596	230	95	1059	5295	1059	69384970
-16318	2937	2689	-552	-693	214	13597	229	95	1060	5300	1060	69384974
-16355	2925	2781	-555	-717	219	13598	227	93	1061	5305	1061	69384975
-16326	2934	2818	-568	-755	221	13599	226	92	1062	5310	1062	69384975
-16334	2944	2698	-574	-781	220	13600	223	95	1063	5315	1063	69384975
-16382	2966	2716	-575	-796	223	13601	223	95	1064	5320	1064	69384975
-16357	2952	2848	-573	-826	219	13602	226	95	1065	5325	1065	69384983
-16329	3001	2803	-553	-851	218	13603	227	95	1066	5330	1066	69385007
-16295	2985	2749	-532	-861	217	13604	232	90	1067	5335	1067	69385012
-16274	2946	2657	-509	-871	235	13605	233	89	1068	5340	1068	69385012
-16243	2941	2692	-526	-887	237	13606	231	89	1069	5345	1069	69385012
-16292	2922	2684	-580	-891	252	13607	231	89	1070	5350	1070	69385012
-16176	2942	2594	-623	-881	273	13608	225	87	1071	5355	1071	69385013
-16282	2918	2510	-702	-872	292	13609	225	87	1072	5360	1072	69385013
-16220	2940	2550	-785	-878	315	13610	230	98	1073	5365	1073	69385013
-16280	2972	2556	-872	-857	342	13611	230	98	1074	5370	1074	69385013
-16330	2936	2596	-968	-845	360	13612	228	88	1075	5375	1075	69385031
-16388	2862	2504	-1055	-865	377	13613	228	88	1076	5380	1076	69385103
-16340	2912	2680	-1106	-848	404	13614	232	96	1077	5385	1077	69385103
-16364	2832	2508	-1151	-863	417	13615	231	95	1078	5390	1078	69385103
-16276	2816	2686	-1201	-870	426	13616	227	91	1079	5395	1079	69385103
-16274	2799	2703	-1237	-913	429	13617	228	92	1080	5400	1080	69385103
-16248	2733	2729	-1265	-960	429	13618	234	96	1081	5405	1081	69385103
-16311	2770	2694	-1309	-1000	424	13619	233	96	1082	5410	1082	69385112
-16386	2770	2702	-1341	-1026	428	13620	227	93	1083	5415	1083	69385153
-16370	2796	2656	-1415	-1067	428	13621	227	93	1084	5420	1084	69385153
-16306	2748	2698	-1505	-1100	424	13622	231	81	1085	5425	1085	69385153
-16330	2806	2636	-1600	-1141	416	13623	231	81	1086	5430	1086	69385153
-16375	2781	2691	-1717	-1192	415	13624	231	95	1087	5435	1087	69385153
-16387	2820	2606	-1811	-1236	412	13625	231	94	1088	5440	1088	69385153
-16384	2858	2643	-1893	-1261	417	13626	233	91	1089	5445	1089	69385153
-16364	2844	2590	-1979	-1278	416	13627	233	92	1090	5450	1090	69385153
-16388	2850	2648	-2073	-1271	420	13628	232	94	1091	5455	1091	69385153
-16412	2873	2644	-2159	-1252	420	13629	231	94	1092	5460	1092	69385153
-16469	2906	2700	-2261	-1258	423	13630	229	93	1093	5465	1093	69385153
-16408	2941	2639	-2367	-1249	426	13631	230	94	1094	5470	1094	69385153
-16397	2956	2668	-2479	-1257	434	13632	231	95	1095	5475	1095	69385158
-16420	2980	2687	-2563	-1263	440	13633	230	94	1096	5480	1096	69385163
-16434	3082	2711	-2639	-1267	450	13634	228	92	1097	5485	1097	69385163
-16453	3155	2726	-2716	-1270	456	13635	229	92	1098	5490	1098	69385177
-16436	3209	2638	-2800	-1260	455	13636	231	91	1099	5495	1099	69385204
-16386	3319	2697	-2883	-1230	465	13637	231	91	1100	5500	1100	69385204
-16432	3401	2746	-2951	-1201	467	13638	231	93	1101	5505	1101	69385204
-16471	3467	2780	-3008	-1168	468	13639	230	93	1102	5510	1102	69385204
-16424	3529	2731	-3021	-1142	477	13640	228	92	1103	5515	1103	69385204
-16406	3595	2745	-3023	-1120	473	13641	228	94	1104	5520	1104	69385204
-16414	3634	2763	-3020	-1105	480	13642	227	97	1105	5525	1105	69385204
-16363	3633	2836	-3022	-1102	481	13643	228	96	1106	5530	1106	69385204
-16301	3683	2947	-3002	-1100	472	13644	229	95	1107	5535	1107	69385204
-16296	3752	3016	-2945	-1087	460	13645	229	96	1108	5540	1108	69385204
-16365	3805	3045	-2881	-1096	459	13646	229	97	1109	5545	1109	69385207
-16377	3846	3077	-2825	-1118	458	13647	231	94	1110	5550	1110	69385224
-16378	3911	3106	-2755	-1132	450	13649	234	90	1111	5555	1111	69385241
-16354	3910	3087	-2693	-1149	447	13650	229	91	1112	5560	1112	69385241
-16333	3865	3122	-2626	-1153	432	13651	226	92	1113	5565	1113	69385241
-16304	3862	3152	-2560	-1159	415	13652	228	92	1114	5570	1114	69385241
-16292	3863	3121	-2502	-1181	407	13653	230	92	1115	5575	1115	69385241
-16313	3852	3124	-2425	-1205	398	13653	230	92	1116	5580	1116	69385241
-16321	3822	3167	-2308	-1222	387	13654	229	93	1117	5585	1117	69385241
-16255	3760	3183	-2172	-1234	364	13655	229	93	1118	5590	1118	69385244
-16228	3707	3220	-2045	-1248	332	13656	230	94	1119	5595	1119	69385262
-16281	3719	3285	-1939	-1274	309	13658	226	91	1120	5600	1120	69385281
-16327	3694	3373	-1860	-1282	296	13659	222	88	1121	5605	1121	69385281
-16335	3651	3377	-1804	-1285	284	13660	225	90	1122	5610	1122	69385281
-16343	3662	3415	-1755	-1282	265	13661	227	91	1123	5615	1123	69385281
-16324	3688	3436	-1729	-1268	251	13662	226	93	1124	5620	1124	69385281
-16310	3707	3472	-1725	-1258	238	13663	225	95	1125	5625	1125	69385281
-16284	3732	3471	-1718	-1251	226	13664	227	93	1126	5630	1126	69385281
-16262	3758	3433	-1713	-1246	218	13665	228	92	1127	5635	1127	69385282
-16217	3734	3428	-1702	-1233	207	13666	233	90	1128	5640	1128	69385314
-16216	3693	3345	-1674	-1233	207	13667	235	89	1129	5645	1129	69385334
-16199	3699	3382	-1663	-1220	202	13668	232	95	1130	5650	1130	69385336
-16202	3671	3452	-1645	-1234	202	13669	231	97	1131	5655	1131	69385336
-16202	3666	3467	-1621	-1247	222	13670	232	93	1132	5660	1132	69385336
-16225	3650	3433	-1594	-1253	246	13671	232	90	1133	5665	1133	69385336
-16214	3598	3490	-1573	-1257	260	13672	232	95	1134	5670	1134	69385336
-16204	3552	3560	-1561	-1251	270	13673	232	98	1135	5675	1135	69385336
-16203	3486	3579	-1565	-1233	280	13674	228	99	1136	5680	1136	69385344
-16195	3433	3641	-1585	-1198	281	13675	227	99	1137	5685	1137	69385362
-16173	3448	3646	-1609	-1184	285	13676	229	94	1138	5690	1138	69385367
-16227	3409	3614	-1633	-1179	279	13677	229	93	1139	5695	1139	69385367
-16176	3329	3737	-1660	-1193	283	13678	231	92	1140	5700	1140	69385367
-16126	3397	3698	-1698	-1189	282	13679	232	92	1141	5705	1141	69385368
-16134	3338	3704	-1710	-1191	265	13680	223	93	1142	5710	1142	69385368
-16114	3360	3766	-1712	-1201	257	13681	221	93	1143	5715	1143	69385369
-16127	3300	3751	-1712	-1194	259	13682	230	94	1144	5720	1144	69385369
-16114	3306	3586	-1733	-1180	260	13683	232	94	1145	5725	1145	69385369
-16160	3248	3672	-1747	-1143	280	13684	226	92	1146	5730	1146	69385370
-16230	3200	3665	-1763	-1141	293	13685	226	92	1147	5735	1147	69385375
-16242	3118	3659	-1800	-1131	302	13686	227	98	1148	5740	1148	69385406
-16189	3142	3597	-1856	-1106	319	13687	227	99	1149	5745	1149	69385414
-16163	3133	3676	-1903	-1078	329	13688	224	99	1150	5750	1150	69385414
-16187	3112	3750	-1950	-1061	337	13689	223	99	1151	5755	1151	69385414
-16239	3071	3821	-1986	-1038	340	13690	230	97	1152	5760	1152	69385414
-16358	3028	3884	-2014	-1017	357	13691	232	96	1153	5765	1153	69385415
-16350	3012	3940	-2056	-1015	371	13692	227	97	1154	5770	1154	69385424
-16390	3022	4028	-2098	-992	364	13693	227	97	1155	5775	1155	69385450
-16402	3044	4052	-2128	-980	355	13694	222	100	1156	5780	1156	69385464
-16478	3096	4006	-2145	-977	363	13695	222	100	1157	5785	1157	69385464
-16518	3132	4240	-2142	-955	357	13696	221	87	1158	5790	1158	69385464
-16610	3138	4094	-2126	-942	368	13697	221	87	1159	5795	1159	69385465
-16560	3126	3962	-2075	-911	371	13698	228	90	1160	5800	1160	69385465
-16500	3116	3942	-2029	-872	346	13699	228	90	1161	5805	1161	69385477
-16432	3088	3841	-2012	-787	319	13700	230	96	1162	5810	1162	69385514
-16452	3070	3900	-1989	-733	285	13701	229	96	1163	5815	1163	69385515
-16432	3048	3780	-1954	-690	257	13702	225	93	1164	5820	1164	69385515
-16402	3070	3710	-1863	-632	224	13703	225	93	1165	5825	1165	69385515
-16320	3012	3612	-1776	-601	204	13704	233	97	1166	5830	1166	69385515
-16276	2966	3422	-1725	-555	163	13705	233	97	1167	5835	1167	69385515
-16236	2960	3350	-1671	-525	139	13706	236	94	1168	5840	1168	69385515
-16236	2906	3314	-1638	-477	124	13707	236	94	1169	5845	1169	69385515
-16174	2942	3275	-1560	-453	112	13708	236	98	1170	5850	1170	69385531
-16129	2953	3358	-1485	-436	109	13709	235	98	1171	5855	1171	69385553
-16068	2963	3420	-1408	-441	122	13710	229	97	1172	5860	1172	69385553
-16038	2991	3407	-1361	-450	136	13711	228	96	1173	5865	1173	69385553
-16020	2996	3418	-1327	-465	150	13712	225	91	1174	5870	1174	69385553
-15921	2993	3435	-1322	-493	191	13713	226	92	1175	5875	1175	69385553
-15949	2956	3486	-1355	-528	230	13714	230	94	1176	5880	1176	69385554
-15988	2953	3487	-1432	-532	276	13715	229	93	1177	5885	1177	69385571
-16014	2968	3591	-1545	-559	333	13716	226	90	1178	5890	1178	69385646
-16073	2930	3601	-1657	-587	387	13717	227	92	1179	5895	1179	69385660
-16093	2888	3746	-1751	-604	427	13718	228	96	1180	5900	1180	69385660
-16181	2852	3777	-1883	-624	473	13719	228	96	1181	5905	1181	69385660
-16194	2744	3777	-2011	-615	524	13720	228	96	1182	5910	1182	69385660
-16193	2754	3772	-2158	-600	564	13721	229	95	1183	5915	1183	69385660
-16165	2715	3727	-2309	-579	591	13722	232	92	1184	5920	1184	69385660
-16172	2649	3821	-2427	-561	613	13723	231	92	1185	5925	1185	69385661
-16206	2639	3837	-2527	-561	624	13724	228	94	1186	5930	1186	69385661
-16284	2562	3650	-2655	-549	641	13725	228	92	1187	5935	1187	69385661
-16341	2524	3587	-2776	-521	657	13726	228	90	1188	5940	1188	69385661
-16341	2536	3528	-2861	-478	672	13727	230	92	1189	5945	1189	69385661
-16312	2498	3558	-2916	-440	674	13728	232	94	1190	5950	1190	69385674
-16287	2494	3554	-2967	-386	675	13729	232	92	1191	5955	1191	69385708
-16218	2554	3533	-3019	-352	679	13730	232	90	1192	5960	1192	69385728
-16145	2574	3489	-3054	-349	676	13731	231	93	1193	5965	1193	69385728
-16119	2596	3460	-3053	-348	666	13732	230	98	1194	5970	1194	69385728
-16088	2682	3490	-3038	-364	657	13733	231	95	1195	5975	1195	69385728
-16120	2684	3497	-3025	-395	656	13734	232	90	1196	5980	1196	69385728
-16133	2670	3499	-3017	-442	646	13735	232	92	1197	5985	1197	69385728
-16180	2662	3571	-3019	-485	640	13736	231	95	1198	5990	1198	69385728
-16279	2676	3601	-3029	-514	629	13737	229	94	1199	5995	1199	69385728
-16360	2716	3612	-3048	-542	617	13738	226	92	1200	6000	1200	69385728
-16390	2764	3636	-3060	-570	606	13739	225	93	1201	6005	1201	69385729
-16430	2840	3664	-3069	-577	601	13740	224	94	1202	6010	1202	69385729
-16506	2924	3808	-3038	-573	586	13742	227	93	1203	6015	1203	69385758
-16528	2963	3883	-2956	-580	555	13743	229	91	1204	6020	1204	69385786
-16452	3077	3876	-2870	-564	529	13744	230	93	1205	6025	1205	69385786
-16408	3226	3893	-2792	-556	504	13745	231	95	1206	6030	1206	69385786
-16402	3344	3847	-2718	-552	465	13746	230	93	1207	6035	1207	69385786
-16393	3433	3705	-2640	-536	412	13747	230	92	1208	6040	1208	69385786
-16394	3508	3704	-2581	-518	359	13748	231	91	1209	6045	1209	69385786
-16361	3635	3736	-2524	-506	308	13749	232	90	1210	6050	1210	69385786
-16341	3753	3693	-2428	-487	253	13750	231	93	1211	6055	1211	69385786
-16337	3893	3711	-2320	-466	199	13751	230	94	1212	6060	1212	69385787
-16346	4009	3743	-2175	-442	149	13752	232	96	1213	6065	1213	69385787
-16349	4070	3760	-1983	-413	106	13753	233	97	1214	6070	1214	69385787
-16336	4177	3802	-1775	-372	73	13754	234	99	1215	6075	1215	69385787
-16253	4266	3846	-1560	-330	33	13755	235	101	1216	6080	1216	69385787
-16226	4282	3899	-1337	-293	0	13756	231	96	1217	6085	1217	69385787
-16225	4368	3896	-1110	-273	-34	13757	228	92	1218	6090	1218	69385787
-16240	4455	3904	-880	-261	-62	13758	230	92	1219	6095	1219	69385787
-16204	4513	3909	-619	-247	-79	13759	232	92	1220	6100	1220	69385787
-16172	4496	3910	-404	-235	-96	13760	230	93	1221	6105	1221	69385789
-16214	4560	3946	-228	-226	-117	13761	229	93	1222	6110	1222	69385825
-16164	4573	3912	-51	-225	-136	13762	229	96	1223	6115	1223	69385834
-16226	4551	3998	123	-210	-146	13763	229	97	1224	6120	1224	69385834
-16235	4548	4044	305	-208	-164	13764	230	93	1225	6125	1225	69385834
-16168	4468	4058	509	-211	-194	13765	230	92	1226	6130	1226	69385834
-16146	4456	4073	714	-202	-212	13766	230	90	1227	6135	1227	69385834
-16160	4392	4098	953	-203	-252	13767	230	90	1228	6140	1228	69385834
-16106	4290	4212	1108	-204	-284	13768	228	86	1229	6145	1229	69385834
-16128	4245	4104	1218	-204	-312	13769	228	86	1230	6150	1230	69385835
-16084	4241	4143	1343	-212	-349	13770	225	92	1231	6155	1231	69385835
-16037	4146	4073	1481	-222	-363	13771	224	94	1232	6160	1232	69385835
-16042	4074	4174	1588	-240	-382	13772	230	96	1233	6165	1233	69385840
-16044	3987	4185	1698	-258	-407	13773	232	96	1234	6170	1234	69385871
-16039	3867	4138	1783	-257	-414	13774	232	91	1235	6175	1235	69385878
-16030	3855	4075	1865	-242	-422	13775	232	90	1236	6180	1236	69385878
-16006	3746	4118	1967	-241	-431	13776	221	83	1237	6185	1237	69385878
-16092	3766	4184	2061	-244	-433	13777	221	83	1238	6190	1238	69385878
-16076	3750	4324	2144	-265	-440	13778	227	91	1239	6195	1239	69385879
-16150	3688	4186	2200	-272	-412	13779	227	91	1240	6200	1240	69385879
-16132	3634	4262	2246	-257	-408	13780	230	96	1241	6205	1241	69385888
-16182	3462	4130	2278	-240	-403	13781	230	96	1242	6210	1242	69385935
-16194	3404	4174	2315	-229	-376	13782	227	95	1243	6215	1243	69385935
-16152	3388	4134	2329	-201	-378	13783	227	95	1244	6220	1244	69385935
-16133	3226	4151	2338	-194	-393	13784	228	94	1245	6225	1245	69385935
-16130	3174	4113	2327	-184	-407	13785	229	94	1246	6230	1246	69385936
-16155	3171	4021	2301	-181	-428	13786	233	93	1247	6235	1247	69385936
-16082	3104	3936	2272	-173	-443	13787	233	93	1248	6240	1248	69385936
-16134	3076	3926	2214	-168	-449	13788	226	88	1249	6245	1249	69385936
-16188	2992	3780	2166	-147	-457	13789	226	88	1250	6250	1250	69385936
-16150	2976	3618	2095	-147	-467	13790	234	86	1251	6255	1251	69385936
-16246	2966	3534	2011	-132	-498	13791	234	86	1252	6260	1252	69385936
-16152	2983	3440	1909	-127	-501	13792	230	90	1253	6265	1253	69385938
-16195	3059	3442	1856	-123	-512	13793	232	90	1254	6270	1254	69385947
-16206	3077	3514	1803	-123	-523	13794	241	89	1255	6275	1255	69385949
-16216	3029	3445	1784	-114	-536	13795	239	89	1256	6280	1256	69385963
-16143	3012	3512	1803	-110	-544	13796	233	89	1257	6285	1257	69385995
-16168	3044	3452	1828	-120	-559	13797	233	90	1258	6290	1258	69385995
-16120	3142	3386	1865	-128	-591	13798	231	95	1259	6295	1259	69385995
-16089	3195	3423	1900	-148	-622	13799	231	94	1260	6300	1260	69385995
-16090	3252	3409	1948	-176	-651	13800	232	92	1261	6305	1261	69385995
-16086	3250	3475	2008	-198	-674	13801	232	92	1262	6310	1262	69385995
-16084	3236	3463	2075	-215	-695	13802	233	93	1263	6315	1263	69386007
-16071	3261	3420	2138	-228	-698	13803	231	92	1264	6320	1264	69386028
-16091	3312	3410	2197	-230	-702	13804	228	90	1265	6325	1265	69386033
-16067	3377	3480	2256	-239	-702	13805	228	89	1266	6330	1266	69386033
-16067	3454	3473	2319	-252	-690	13806	226	86	1267	6335	1267	69386033
-16114	3535	3495	2373	-269	-682	13807	225	85	1268	6340	1268	69386034
-16112	3562	3534	2426	-295	-667	13808	223	83	1269	6345	1269	69386034
-16129	3554	3586	2489	-312	-656	13809	225	85	1270	6350	1270	69386034
-16098	3556	3656	2528	-322	-643	13810	227	89	1271	6355	1271	69386034
-16114	3556	3680	2554	-324	-644	13811	227	89	1272	6360	1272	69386034
-16122	3544	3699	2558	-333	-648	13812	228	90	1273	6365	1273	69386034
-16061	3568	3732	2545	-352	-656	13813	227	88	1274	6370	1274	69386037
-15974	3541	3842	2520	-366	-672	13814	226	86	1275	6375	1275	69386053
-15968	3499	3889	2488	-388	-684	13815	230	88	1276	6380	1276	69386070
-15996	3460	3860	2459	-424	-689	13816	237	91	1277	6385	1277	69386070
-16017	3418	3810	2421	-465	-701	13818	235	90	1278	6390	1278	69386070
-15997	3388	3725	2382	-498	-708	13819	233	89	1279	6395	1279	69386070
-15992	3376	3694	2349	-524	-705	13820	232	87	1280	6400	1280	69386070
-16003	3374	3637	2340	-539	-687	13821	232	86	1281	6405	1281	69386070
-16026	3355	3587	2340	-545	-673	13821	230	87	1282	6410	1282	69386070
-16072	3321	3550	2341	-547	-669	13822	228	88	1283	6415	1283	69386070
-16118	3272	3462	2355	-546	-652	13823	228	90	1284	6420	1284	69386070
-16143	3183	3402	2366	-539	-633	13824	229	93	1285	6425	1285	69386070
-16142	3103	3344	2369	-524	-610	13826	229	92	1286	6430	1286	69386080
-16186	2999	3300	2349	-504	-591	13827	229	91	1287	6435	1287	69386107
-16198	2916	3285	2310	-489	-576	13828	229	90	1288	6440	1288	69386123
-16238	2849	3332	2271	-479	-570	13829	229	89	1289	6445	1289	69386125
-16221	2807	3391	2224	-470	-566	13830	230	88	1290	6450	1290	69386125
-16179	2755	3475	2168	-455	-564	13831	230	88	1291	6455	1291	69386125
-16188	2718	3518	2121	-449	-571	13832	231	88	1292	6460	1292	69386125
-16170	2728	3595	2089	-468	-581	13833	232	88	1293	6465	1293	69386125
-16126	2734	3595	2053	-516	-594	13834	232	87	1294	6470	1294	69386144
-16071	2776	3606	2015	-577	-614	13835	232	86	1295	6475	1295	69386164
-16072	2804	3633	1970	-637	-624	13836	231	92	1296	6480	1296	69386167
-16143	2922	3538	1912	-671	-628	13837	231	93	1297	6485	1297	69386167
-16169	2969	3529	1871	-685	-640	13838	234	94	1298	6490	1298	69386167
-16164	2967	3508	1830	-700	-644	13839	235	95	1299	6495	1299	69386167
-16198	2952	3502	1788	-721	-645	13840	234	91	1300	6500	1300	69386167
-16243	3000	3539	1735	-739	-644	13841	233	89	1301	6505	1301	69386167
-16299	3044	3547	1682	-745	-646	13842	228	95	1302	6510	1302	69386167
-16331	3071	3534	1641	-736	-641	13843	225	99	1303	6515	1303	69386167
-16364	3068	3554	1637	-714	-644	13844	228	89	1304	6520	1304	69386204
-16350	3076	3566	1630	-692	-658	13845	229	87	1305	6525	1305	69386213
-16347	3129	3547	1619	-675	-663	13846	230	88	1306	6530	1306	69386213
-16361	3193	3596	1590	-659	-682	13847	230	88	1307	6535	1307	69386213
-16329	3246	3572	1587	-652	-701	13848	232	83	1308	6540	1308	69386213
-16242	3342	3482	1570	-643	-719	13849	232	82	1309	6545	1309	69386213
-16225	3430	3452	1581	-637	-740	13850	231	88	1310	6550	1310	69386214
-16199	3555	3332	1616	-641	-746	13851	231	89	1311	6555	1311	69386220
-16172	3642	3214	1712	-644	-770	13852	232	92	1312	6560	1312	69386260
-16162	3728	3106	1785	-660	-778	13853	232	92	1313	6565	1313	69386261
-16197	3741	3031	1828	-656	-756	13854	228	91	1314	6570	1314	69386261
-16220	3846	3070	1871	-634	-747	13855	227	91	1315	6575	1315	69386261
-16170	3819	2967	1923	-607	-737	13856	229	92	1316	6580	1316	69386262
-16223	3833	3018	2015	-579	-711	13857	230	92	1317	6585	1317	69386262
-16262	3846	2992	2104	-564	-700	13858	233	87	1318	6590	1318	69386262
-16233	3690	2977	2186	-564	-667	13859	234	86	1319	6595	1319	69386263
-16314	3648	3034	2256	-550	-658	13860	229	91	1320	6600	1320	69386263
-16198	3544	3108	2310	-559	-660	13861	229	91	1321	6605	1321	69386263
-16268	3484	2976	2347	-591	-654	13862	228	92	1322	6610	1322	69386278
-16286	3436	3092	2356	-632	-639	13863	228	92	1323	6615	1323	69386307
-16304	3292	3024	2339	-661	-638	13864	231	91	1324	6620	1324	69386307
-16370	3142	3126	2325	-687	-631	13865	231	91	1325	6625	1325	69386307
-16434	3128	3018	2294	-692	-627	13866	230	94	1326	6630	1326	69386307
-16346	3122	3010	2250	-706	-632	13867	230	94	1327	6635	1327	69386307
-16411	3014	3046	2176	-704	-633	13868	232	96	1328	6640	1328	69386307
-16452	3045	3046	2130	-693	-628	13869	232	95	1329	6645	1329	69386332
-16357	3051	3139	2103	-675	-634	13870	233	91	1330	6650	1330	69386429
-16390	3064	3122	2039	-655	-641	13871	233	91	1331	6655	1331	69386429
-16296	3076	3102	1975	-654	-643	13872	231	93	1332	6660	1332	69386429
-16360	3016	3172	1916	-640	-638	13873	231	93	1333	6665	1333	69386429
-16272	2998	3128	1869	-651	-645	13874	227	89	1334	6670	1334	69386429
-16284	3036	3104	1822	-697	-634	13875	227	89	1335	6675	1335	69386429
-16262	2984	3000	1761	-700	-612	13876	229	95	1336	6680	1336	69386429
-16326	2993	3040	1641	-682	-607	13877	228	95	1337	6685	1337	69386430
-16362	2957	3237	1554	-659	-597	13878	226	96	1338	6690	1338	69386430
-16323	2935	3163	1511	-648	-591	13879	227	96	1339	6695	1339	69386430
-16263	2997	3150	1480	-634	-594	13880	230	94	1340	6700	1340	69386430
-16300	3037	3243	1436	-642	-587	13881	229	93	1341	6705	1341	69386436
-16336	3025	3338	1408	-635	-585	13882	227	91	1342	6710	1342	69386462
-16344	3013	3313	1390	-633	-583	13883	227	91	1343	6715	1343	69386470
-16294	2988	3375	1354	-640	-580	13884	229	93	1344	6720	1344	69386470
-16351	3048	3356	1314	-655	-572	13885	229	92	1345	6725	1345	69386470
-16340	3100	3416	1262	-658	-571	13886	229	91	1346	6730	1346	69386470
-16295	3117	3329	1213	-671	-565	13887	229	92	1347	6735	1347	69386470
-16327	3122	3284	1183	-678	-566	13888	229	95	1348	6740	1348	69386471
-16381	3176	3234	1127	-668	-574	13889	228	95	1349	6745	1349	69386471
-16382	3228	3211	1093	-674	-570	13890	226	96	1350	6750	1350	69386471
-16348	3206	3143	1063	-677	-565	13891	227	95	1351	6755	1351	69386471
-16394	3236	3082	1052	-690	-556	13892	233	91	1352	6760	1352	69386471
-16395	3300	3042	1027	-695	-556	13893	234	92	1353	6765	1353	69386471
-16423	3309	2954	1012	-678	-554	13894	235	93	1354	6770	1354	69386475
-16429	3332	2999	1017	-646	-549	13895	235	92	1355	6775	1355	69386482
-16403	3367	3004	1034	-620	-560	13896	234	90	1356	6780	1356	69386482
-16385	3333	2982	1067	-607	-563	13897	233	92	1357	6785	1357	69386482
-16384	3313	2981	1101	-602	-560	13898	231	95	1358	6790	1358	69386483
-16347	3324	2932	1150	-598	-563	13899	231	95	1359	6795	1359	69386483
-16346	3347	2970	1195	-584	-573	13900	230	96	1360	6800	1360	69386483
-16330	3334	3020	1253	-573	-574	13902	229	93	1361	6805	1361	69386483
-16286	3349	2988	1321	-565	-572	13903	228	90	1362	6810	1362	69386483
-16316	3349	2933	1365	-554	-568	13904	229	89	1363	6815	1363	69386483
-16330	3333	2913	1401	-547	-566	13905	229	89	1364	6820	1364	69386483
-16340	3315	2879	1431	-543	-559	13906	229	93	1365	6825	1365	69386487
-16348	3286	2853	1453	-531	-555	13906	229	97	1366	6830	1366	69386499
-16372	3242	2916	1475	-509	-553	13907	231	95	1367	6835	1367	69386511
-16414	3209	2969	1496	-501	-536	13908	234	92	1368	6840	1368	69386511
-16350	3172	2984	1505	-508	-525	13909	234	90	1369	6845	1369	69386511
-16327	3116	3009	1510	-512	-524	13911	234	86	1370	6850	1370	69386511
-16352	3097	3047	1494	-519	-518	13912	236	88	1371	6855	1371	69386511
-16312	3082	3040	1456	-524	-512	13913	238	90	1372	6860	1372	69386511
-16264	3053	3094	1412	-534	-513	13914	234	91	1373	6865	1373	69386511
-16270	3084	3105	1367	-541	-510	13915	232	92	1374	6870	1374	69386531
-16277	3137	3149	1316	-547	-509	13916	231	91	1375	6875	1375	69386551
-16298	3123	3193	1271	-563	-515	13917	230	90	1376	6880	1376	69386555
-16287	3106	3174	1234	-583	-514	13918	229	94	1377	6885	1377	69386555
-16232	3161	3200	1220	-593	-525	13919	229	97	1378	6890	1378	69386556
-16311	3180	3130	1206	-606	-524	13920	228	96	1379	6895	1379	69386556
-16280	3182	3048	1209	-611	-525	13921	228	96	1380	6900	1380	69386556
-16292	3121	3123	1233	-605	-525	13922	226	98	1381	6905	1381	69386557
-16283	3101	3175	1250	-605	-520	13923	225	99	1382	6910	1382	69386587
-16266	3111	3136	1278	-604	-522	13924	227	99	1383	6915	1383	69386602
-16262	3068	3066	1306	-625	-528	13925	229	99	1384	6920	1384	69386602
-16289	3058	3099	1332	-647	-525	13926	230	96	1385	6925	1385	69386602
-16363	3079	3102	1350	-660	-517	13927	230	94	1386	6930	1386	69386602
-16368	3026	3013	1349	-695	-524	13928	226	92	1387	6935	1387	69386602
-16372	2998	3013	1346	-722	-523	13929	225	91	1388	6940	1388	69386602
-16369	2968	3052	1337	-739	-527	13930	225	94	1389	6945	1389	69386602
-16370	2959	3031	1332	-761	-540	13931	225	95	1390	6950	1390	69386616
-16421	2966	2946	1327	-776	-552	13932	230	93	1391	6955	1391	69386644
-16407	2957	2932	1304	-780	-552	13933	231	93	1392	6960	1392	69386650
-16437	2957	2888	1290	-778	-553	13934	229	95	1393	6965	1393	69386650
-16444	3016	2719	1275	-772	-554	13935	228	96	1394	6970	1394	69386650
-16372	2998	2640	1254	-778	-568	13936	231	95	1395	6975	1395	69386650
-16456	3014	2724	1215	-750	-562	13937	231	95	1396	6980	1396	69386650
-16408	3048	2680	1164	-729	-566	13938	229	97	1397	6985	1397	69386650
-16471	3025	2553	1120	-693	-570	13939	229	97	1398	6990	1398	69386650
-16474	3012	2582	1095	-675	-576	13940	229	97	1399	6995	1399	69386650
-16446	3037	2764	1068	-671	-571	13941	229	97	1400	7000	1400	69386656
-16456	3063	2763	1036	-657	-577	13942	232	95	1401	7005	1401	69386682
-16462	3031	2701	1034	-624	-583	13943	233	95	1402	7010	1402	69386688
-16392	3050	2736	1012	-628	-569	13944	232	96	1403	7015	1403	69386688
-16382	2982	2876	1008	-645	-572	13945	232	96	1404	7020	1404	69386688
-16430	3038	2820	1008	-644	-578	13946	234	96	1405	7025	1405	69386689
-16438	3096	2916	997	-639	-566	13947	234	96	1406	7030	1406	69386689
-16488	2990	2960	993	-643	-568	13948	232	94	1407	7035	1407	69386689
-16406	3054	2884	985	-653	-581	13949	232	94	1408	7040	1408	69386689
-16410	3072	3030	979	-644	-576	13950	228	92	1409	7045	1409	69386689
-16340	3074	3056	1012	-625	-564	13951	228	92	1410	7050	1410	69386705
-16374	3040	2984	1045	-649	-568	13952	228	96	1411	7055	1411	69386726
-16378	3063	2962	1074	-640	-559	13953	228	96	1412	7060	1412	69386726
-16299	3046	3002	1098	-633	-553	13954	228	96	1413	7065	1413	69386726
-16317	3062	3064	1111	-644	-552	13955	228	96	1414	7070	1414	69386726
-16264	3070	3066	1126	-640	-547	13956	226	98	1415	7075	1415	69386726
-16268	3036	3098	1128	-632	-540	13957	226	98	1416	7080	1416	69386726
-16232	3036	3075	1164	-643	-528	13958	226	96	1417	7085	1417	69386736
-16196	3036	3052	1199	-654	-516	13959	226	94	1418	7090	1418	69386745
-16204	3100	3194	1218	-649	-506	13960	226	94	1419	7095	1419	69386767
-16224	3011	3157	1228	-648	-506	13961	227	94	1420	7100	1420	69386767
-16192	3001	3137	1260	-656	-490	13962	232	94	1421	7105	1421	69386768
-16166	3026	3164	1294	-664	-479	13963	232	94	1422	7110	1422	69386768
-16169	2955	3276	1311	-679	-477	13964	234	92	1423	7115	1423	69386768
-16206	2969	3220	1310	-709	-476	13965	232	92	1424	7120	1424	69386770
-16226	2964	3146	1305	-731	-471	13966	226	94	1425	7125	1425	69386781
-16273	2889	3181	1292	-749	-462	13967	226	94	1426	7130	1426	69386804
-16270	2833	3119	1290	-763	-474	13968	226	96	1427	7135	1427	69386804
-16244	2814	3155	1272	-771	-470	13969	225	94	1428	7140	1428	69386805
-16257	2804	3100	1245	-772	-476	13970	223	89	1429	7145	1429	69386805
-16270	2774	3114	1216	-785	-475	13971	224	90	1430	7150	1430	69386805
-16250	2761	3160	1195	-797	-466	13972	226	92	1431	7155	1431	69386805
-16344	2763	3118	1188	-818	-450	13973	225	92	1432	7160	1432	69386806
-16274	2682	3099	1205	-838	-437	13974	223	91	1433	7165	1433	69386818
-16244	2787	3004	1183	-847	-445	13975	224	92	1434	7170	1434	69386842
-16247	2769	2954	1152	-855	-443	13976	229	97	1435	7175	1435	69386842
-16236	2708	2900	1151	-872	-453	13977	228	97	1436	7180	1436	69386842
-16225	2702	2836	1165	-886	-471	13978	226	98	1437	7185	1437	69386842
-16312	2713	2822	1170	-899	-477	13979	226	97	1438	7190	1438	69386842
-16318	2670	2798	1158	-907	-464	13980	226	96	1439	7195	1439	69386842
-16341	2636	2774	1132	-921	-451	13981	226	95	1440	7200	1440	69386860
-16382	2646	2772	1080	-933	-442	13982	225	93	1441	7205	1441	69386887
-16385	2645	2830	1035	-933	-433	13983	226	95	1442	7210	1442	69386887
-16398	2582	2748	996	-938	-420	13984	228	98	1443	7215	1443	69386887
-16440	2568	2710	958	-965	-402	13985	226	96	1444	7220	1444	69386887
-16492	2567	2729	914	-985	-396	13987	224	94	1445	7225	1445	69386887
-16535	2537	2725	869	-967	-396	13988	226	96	1446	7230	1446	69386887
-16536	2532	2692	820	-945	-386	13989	227	97	1447	7235	1447	69386891
-16557	2531	2686	761	-925	-369	13989	228	95	1448	7240	1448	69386907
-16577	2522	2632	692	-898	-359	13990	229	93	1449	7245	1449	69386924
-16596	2553	2615	615	-860	-356	13991	229	93	1450	7250	1450	69386925
-16614	2574	2648	527	-824	-345	13992	230	94	1451	7255	1451	69386925
-16604	2575	2616	445	-788	-346	13993	229	96	1452	7260	1452	69386925
-16612	2582	2641	383	-771	-340	13995	227	99	1453	7265	1453	69386925
-16616	2572	2592	341	-766	-327	13996	227	94	1454	7270	1454	69386925
-16622	2567	2524	302	-745	-319	13997	227	91	1455	7275	1455	69386925
-16632	2602	2516	271	-702	-316	13998	226	94	1456	7280	1456	69386925
-16650	2617	2531	266	-686	-313	13999	226	96	1457	7285	1457	69386929
-16636	2606	2600	260	-681	-310	14000	224	97	1458	7290	1458	69386960
-16622	2591	2630	237	-675	-306	14001	223	97	1459	7295	1459	69386979
-16607	2621	2639	221	-654	-307	14002	222	99	1460	7300	1460	69386980
-16584	2628	2648	205	-628	-315	14003	222	100	1461	7305	1461	69386980
-16564	2534	2587	184	-598	-335	14004	229	96	1462	7310	1462	69386980
-16565	2515	2557	148	-553	-349	14005	231	95	1463	7315	1463	69386980
-16579	2540	2543	88	-499	-372	14006	230	99	1464	7320	1464	69386980
-16575	2591	2443	16	-483	-385	14007	229	101	1465	7325	1465	69387002
-16543	2610	2262	-146	-498	-388	14008	228	100	1466	7330	1466	69387017
-16533	2567	2209	-402	-476	-389	14009	228	100	1467	7335	1467	69387017
-16567	2518	2417	-575	-410	-385	14010	230	104	1468	7340	1468	69387017
-16563	2503	2666	-517	-333	-385	14011	232	106	1469	7345	1469	69387017
-16496	2519	2985	-214	-263	-380	14012	228	99	1470	7350	1470	69387017
-16427	2470	3248	124	-248	-379	14013	226	96	1471	7355	1471	69387017
-16384	2421	3180	326	-277	-380	14014	228	98	1472	7360	1472	69387033
-16349	2462	3229	317	-309	-380	14015	228	98	1473	7365	1473	69387061
-16316	2572	3174	198	-371	-368	14016	222	95	1474	7370	1474	69387067
-16329	2596	3124	28	-449	-327	14017	220	94	1475	7375	1475	69387067
-16297	2658	3009	-144	-504	-305	14018	227	96	1476	7380	1476	69387067
-16312	2712	3057	-280	-508	-276	14019	229	97	1477	7385	1477	69387067
-16364	2836	3272	-268	-511	-237	14020	234	92	1478	7390	1478	69387067
-16377	2858	3217	-140	-545	-213	14021	234	92	1479	7395	1479	69387068
-16393	2860	3100	-27	-574	-184	14022	227	98	1480	7400	1480	69387068
-16345	2846	2996	-35	-581	-156	14023	225	99	1481	7405	1481	69387068
-16385	2868	2898	-169	-566	-131	14024	226	93	1482	7410	1482	69387068
-16422	2925	2708	-364	-536	-121	14025	226	92	1483	7415	1483	69387068
-16434	2861	2746	-516	-518	-102	14026	227	96	1484	7420	1484	69387098
