-16717	-1296	-473	354	-559	-278	28	254	94	9754	48770	9754	69428457
-16716	-1282	-404	350	-569	-274	29	254	93	9755	48775	9755	69428462
-16716	-1258	-318	371	-576	-271	31	255	89	9756	48780	9756	69428462
-16658	-1274	-387	376	-566	-276	31	254	91	9757	48785	9757	69428463
-16720	-1229	-357	380	-566	-272	31	251	99	9758	48790	9758	69428463
-16738	-1308	-341	387	-572	-270	29	255	99	9759	48795	9759	69428464
-16674	-1314	-343	382	-571	-272	26	260	98	9760	48800	9760	69428477
-16648	-1266	-311	376	-568	-271	27	257	98	9761	48805	9761	69428496
-16666	-1238	-367	377	-573	-265	28	252	98	9762	48810	9762	69428496
-16704	-1230	-442	383	-568	-260	31	252	97	9763	48815	9763	69428496
-16717	-1271	-421	394	-556	-257	35	253	95	9764	48820	9764	69428496
-16705	-1344	-341	400	-547	-247	31	254	97	9765	48825	9765	69428496
-16696	-1312	-283	402	-540	-236	23	255	101	9766	48830	9766	69428497
-16706	-1247	-272	394	-541	-248	26	255	99	9767	48835	9767	69428497
-16719	-1219	-279	405	-536	-247	30	254	96	9768	48840	9768	69428497
-16739	-1199	-310	408	-530	-243	31	253	95	9769	48845	9769	69428497
-16764	-1166	-301	433	-525	-229	32	252	94	9770	48850	9770	69428513
-16752	-1248	-229	483	-509	-214	32	254	95	9771	48855	9771	69428536
-16711	-1302	-256	516	-494	-204	33	257	97	9772	48860	9772	69428537
-16678	-1292	-306	540	-482	-197	32	255	95	9773	48865	9773	69428537
-16653	-1268	-306	562	-478	-190	31	253	93	9774	48870	9774	69428537
-16688	-1298	-371	588	-467	-175	29	252	97	9775	48875	9775	69428538
-16697	-1340	-376	621	-463	-158	27	251	101	9776	48880	9776	69428538
-16676	-1316	-370	648	-465	-145	25	252	99	9777	48885	9777	69428538
-16654	-1247	-360	659	-461	-138	23	253	97	9778	48890	9778	69428538
-16640	-1193	-310	659	-465	-142	25	255	99	9779	48895	9779	69428539
-16647	-1191	-264	660	-480	-134	28	258	102	9780	48900	9780	69428541
-16665	-1227	-265	673	-473	-108	28	255	100	9781	48905	9781	69428567
-16674	-1277	-270	677	-461	-88	28	250	96	9782	48910	9782	69428601
-16650	-1257	-230	656	-460	-75	27	253	98	9783	48915	9783	69428601
-16661	-1252	-319	653	-467	-67	25	255	99	9784	48920	9784	69428601
-16681	-1238	-343	665	-471	-59	22	254	98	9785	48925	9785	69428601
-16742	-1140	-255	679	-476	-48	20	254	98	9786	48930	9786	69428601
-16736	-1115	-198	703	-476	-37	27	256	98	9787	48935	9787	69428602
-16735	-1192	-220	739	-466	-25	32	258	98	9788	48940	9788	69428602
-16760	-1217	-303	746	-453	-12	30	255	97	9789	48945	9789	69428636
-16747	-1227	-300	740	-447	-4	29	253	97	9790	48950	9790	69428660
-16740	-1226	-187	739	-439	1	30	253	99	9791	48955	9791	69428660
-16723	-1176	-193	753	-426	11	31	253	101	9792	48960	9792	69428661
-16735	-1134	-292	786	-401	25	27	253	100	9793	48965	9793	69428661
-16729	-1168	-300	811	-374	32	25	253	99	9794	48970	9794	69428662
-16727	-1209	-251	823	-353	45	27	252	98	9795	48975	9795	69428662
-16753	-1170	-292	825	-337	47	29	251	97	9796	48980	9796	69428665
-16790	-1156	-321	794	-320	49	28	254	98	9797	48985	9797	69428680
-16824	-1251	-323	711	-275	59	28	256	98	9798	48990	9798	69428688
-16798	-1274	-342	576	-208	83	27	258	95	9799	48995	9799	69428688
-16723	-1206	-328	417	-149	106	27	259	93	9800	49000	9800	69428688
-16692	-1208	-341	313	-136	118	23	258	97	9801	49005	9801	69428688
-16701	-1196	-294	261	-133	119	22	258	98	9802	49010	9802	69428688
-16682	-1175	-387	234	-137	130	26	254	96	9803	49015	9803	69428688
-16640	-1141	-413	228	-136	138	28	252	94	9804	49020	9804	69428688
-16652	-1155	-380	232	-144	128	26	251	92	9805	49025	9805	69428688
-16653	-1153	-315	257	-159	118	24	250	90	9806	49030	9806	69428689
-16659	-1078	-224	285	-176	112	26	255	91	9807	49035	9807	69428689
-16687	-1013	-319	330	-198	106	28	258	92	9808	49040	9808	69428689
-16663	-1057	-398	371	-219	119	30	258	97	9809	49045	9809	69428697
-16664	-1062	-395	376	-236	108	30	258	98	9810	49050	9810	69428699
-16706	-1066	-350	387	-244	96	28	257	99	9811	49055	9811	69428699
-16673	-1020	-359	381	-260	86	27	257	99	9812	49060	9812	69428706
-16681	-987	-330	381	-281	75	26	258	97	9813	49065	9813	69428718
-16660	-942	-324	406	-286	79	26	258	96	9814	49070	9814	69428722
-16623	-957	-433	446	-308	79	28	257	99	9815	49075	9815	69428723
-16609	-957	-445	477	-324	64	29	257	101	9816	49080	9816	69428723
-16633	-1011	-437	501	-365	46	23	257	100	9817	49085	9817	69428725
-16744	-1022	-401	508	-389	34	21	257	99	9818	49090	9818	69428726
-16688	-1020	-355	520	-399	22	21	257	99	9819	49095	9819	69428726
-16623	-991	-357	507	-411	13	21	257	99	9820	49100	9820	69428732
-16647	-981	-352	519	-417	9	20	253	95	9821	49105	9821	69428754
-16736	-1046	-398	548	-440	6	20	252	94	9822	49110	9822	69428759
-16777	-1059	-311	563	-439	9	27	254	96	9823	49115	9823	69428759
-16724	-1138	-395	579	-442	0	29	255	97	9824	49120	9824	69428759
-16700	-1184	-382	604	-454	-13	28	248	98	9825	49125	9825	69428787
-16688	-1074	-300	580	-476	-25	28	248	98	9826	49130	9826	69428787
-16680	-894	-300	576	-488	-37	24	254	98	9827	49135	9827	69428787
-16687	-907	-332	649	-511	-20	24	254	98	9828	49140	9828	69428787
-16701	-1072	-317	714	-524	-13	19	252	98	9829	49145	9829	69428787
-16622	-1040	-378	736	-523	-23	18	252	98	9830	49150	9830	69428788
-16661	-1040	-399	752	-552	-26	20	255	96	9831	49155	9831	69428788
-16642	-1014	-395	754	-570	-21	20	256	96	9832	49160	9832	69428818
-16679	-1000	-389	779	-588	-32	22	253	99	9833	49165	9833	69428825
-16704	-990	-352	833	-619	-25	22	252	100	9834	49170	9834	69428825
-16686	-980	-384	821	-651	-44	21	259	97	9835	49175	9835	69428825
-16692	-1030	-416	833	-671	-40	21	259	97	9836	49180	9836	69428825
-16712	-1048	-502	841	-703	-18	25	255	101	9837	49185	9837	69428825
-16722	-1090	-606	815	-713	-21	25	255	101	9838	49190	9838	69428825
-16716	-1208	-556	794	-725	-28	22	256	94	9839	49195	9839	69428834
-16744	-1235	-561	747	-743	-56	22	256	94	9840	49200	9840	69428857
-16635	-1190	-472	688	-773	-68	21	252	100	9841	49205	9841	69428862
-16634	-1154	-512	611	-822	-89	21	251	101	9842	49210	9842	69428862
-16672	-1074	-558	532	-852	-105	20	258	96	9843	49215	9843	69428862
-16658	-1076	-534	462	-876	-122	20	258	96	9844	49220	9844	69428863
-16662	-1032	-420	394	-916	-130	25	261	91	9845	49225	9845	69428863
-16668	-886	-444	296	-971	-145	25	261	91	9846	49230	9846	69428863
-16662	-742	-330	257	-1026	-148	21	257	97	9847	49235	9847	69428904
-16678	-598	-378	240	-1068	-161	21	257	97	9848	49240	9848	69428904
-16802	-408	-290	177	-1108	-159	19	255	97	9849	49245	9849	69428905
-16914	-376	-288	239	-1091	-144	19	255	97	9850	49250	9850	69428905
-16978	-467	-144	387	-1082	-123	25	255	97	9851	49255	9851	69428905
-16968	-432	-212	478	-1079	-134	25	255	97	9852	49260	9852	69428906
-17074	-404	-258	642	-1064	-130	24	256	94	9853	49265	9853	69428906
-16906	-674	-304	910	-1026	-114	24	256	94	9854	49270	9854	69428909
-16880	-902	-356	1089	-999	-127	21	253	91	9855	49275	9855	69428942
-16766	-1094	-374	1147	-993	-164	21	253	91	9856	49280	9856	69428942
-16792	-1180	-526	1154	-962	-181	23	253	97	9857	49285	9857	69428942
-16874	-1266	-418	1067	-978	-200	23	253	97	9858	49290	9858	69428942
-16704	-1110	-259	898	-963	-237	26	256	104	9859	49295	9859	69428942
-16647	-896	-162	758	-971	-256	25	255	103	9860	49300	9860	69428943
-16721	-471	-70	621	-986	-254	23	253	97	9861	49305	9861	69428950
-16820	6	-192	619	-997	-234	23	253	97	9862	49310	9862	69428980
-17076	266	-204	773	-977	-203	23	255	99	9863	49315	9863	69428980
-17366	490	-71	1012	-936	-178	22	256	99	9864	49320	9864	69428980
-17388	450	44	1347	-858	-165	17	259	97	9865	49325	9865	69428980
-17508	290	-8	1833	-792	-135	17	259	97	9866	49330	9866	69428980
-17307	-43	-139	2299	-709	-124	21	247	97	9867	49335	9867	69428980
-17214	-353	-254	2655	-641	-142	21	248	97	9868	49340	9868	69428980
-17179	-707	-164	2961	-608	-148	21	253	99	9869	49345	9869	69428986
-17015	-1118	-113	3127	-580	-161	20	253	99	9870	49350	9870	69429010
-16878	-1414	-316	3119	-573	-172	17	251	97	9871	49355	9871	69429017
-16802	-1475	-368	2991	-592	-203	17	253	98	9872	49360	9872	69429018
-16682	-1480	-360	2800	-603	-213	19	259	103	9873	49365	9873	69429019
-16663	-1453	-379	2593	-637	-217	20	258	103	9874	49370	9874	69429019
-16672	-1429	-447	2403	-680	-227	23	255	105	9875	49375	9875	69429019
-16661	-1401	-473	2235	-720	-237	23	255	104	9876	49380	9876	69429019
-16663	-1463	-580	2142	-762	-264	22	254	102	9877	49385	9877	69429027
-16715	-1625	-622	2067	-810	-306	22	255	101	9878	49390	9878	69429056
-16728	-1675	-509	1897	-854	-359	21	261	99	9879	49395	9879	69429056
-16763	-1628	-228	1664	-882	-419	21	260	100	9880	49400	9880	69429059
-16801	-1586	-190	1464	-897	-469	23	257	103	9881	49405	9881	69429065
-16920	-1437	-236	1258	-871	-508	23	256	102	9882	49410	9882	69429065
-16968	-1215	-246	1079	-841	-552	22	250	98	9883	49415	9883	69429065
-16999	-1066	-83	973	-817	-599	20	250	99	9884	49420	9884	69429065
-17024	-1068	-43	903	-775	-643	17	249	101	9885	49425	9885	69429076
-17004	-1028	-24	812	-729	-710	17	252	101	9886	49430	9886	69429093
-16995	-898	163	690	-671	-780	18	256	102	9887	49435	9887	69429093
-16963	-678	331	623	-594	-842	18	256	101	9888	49440	9888	69429093
-16903	-453	345	637	-525	-885	19	255	99	9889	49445	9889	69429093
-16826	-313	221	693	-473	-906	20	255	99	9890	49450	9890	69429094
-16928	-327	37	754	-392	-943	23	253	99	9891	49455	9891	69429094
-17099	-255	27	783	-280	-999	23	253	99	9892	49460	9892	69429100
-17264	-318	76	853	-162	-1047	22	254	100	9893	49465	9893	69429118
-17425	-364	84	941	-47	-1086	22	255	100	9894	49470	9894	69429131
-17526	-390	91	1010	72	-1096	21	257	99	9895	49475	9895	69429131
-17572	-471	140	1088	196	-1097	22	258	101	9896	49480	9896	69429131
-17572	-551	163	1141	288	-1075	23	259	103	9897	49485	9897	69429131
-17463	-711	107	1195	372	-1052	23	257	101	9898	49490	9898	69429131
-17351	-924	-34	1256	436	-1040	23	255	99	9899	49495	9899	69429131
-17298	-1013	-194	1203	476	-1025	24	257	98	9900	49500	9900	69429145
-17143	-1302	-332	1213	521	-1014	24	258	96	9901	49505	9901	69429166
-16950	-1608	-306	1221	541	-1051	22	260	98	9902	49510	9902	69429173
-16843	-1500	-218	1050	514	-1134	20	262	100	9903	49515	9903	69429173
-16917	-1109	-325	840	465	-1153	22	262	98	9904	49520	9904	69429174
-17081	-936	-482	761	416	-1119	24	262	94	9905	49525	9905	69429174
-17126	-920	-476	709	391	-1087	24	260	96	9906	49530	9906	69429174
-17115	-883	-396	620	387	-1067	24	256	98	9907	49535	9907	69429176
-17069	-778	-414	518	342	-1049	23	254	99	9908	49540	9908	69429193
-16913	-810	-382	423	296	-1038	22	252	100	9909	49545	9909	69429206
-16747	-976	-297	384	224	-1042	24	253	99	9910	49550	9910	69429206
-16593	-1052	-221	316	153	-1063	25	253	99	9911	49555	9911	69429206
-16491	-1012	-276	171	87	-1081	26	254	95	9912	49560	9912	69429206
-16356	-1042	-356	15	-7	-1093	26	254	92	9913	49565	9913	69429206
-16205	-1099	-402	-142	-88	-1104	24	255	95	9914	49570	9914	69429206
-16120	-1194	-384	-356	-178	-1115	22	256	98	9915	49575	9915	69429223
-16129	-1293	-214	-656	-294	-1146	22	257	98	9916	49580	9916	69429248
-16111	-1182	-63	-946	-387	-1195	22	258	98	9917	49585	9917	69429249
-16028	-1062	-58	-1152	-472	-1224	23	257	96	9918	49590	9918	69429249
-16010	-1050	-67	-1311	-559	-1243	23	257	95	9919	49595	9919	69429249
-16021	-1037	-18	-1478	-653	-1254	25	256	97	9920	49600	9920	69429249
-15921	-1029	179	-1635	-740	-1248	26	256	98	9921	49605	9921	69429249
-15796	-1004	332	-1772	-824	-1243	28	257	97	9922	49610	9922	69429254
-15718	-1002	454	-1886	-922	-1233	29	257	97	9923	49615	9923	69429274
-15673	-1126	397	-1961	-1014	-1207	30	260	93	9924	49620	9924	69429287
-15638	-1208	299	-2094	-1110	-1209	30	262	90	9925	49625	9925	69429287
-15743	-1159	431	-2238	-1181	-1216	29	257	89	9926	49630	9926	69429287
-15772	-1154	493	-2320	-1243	-1206	28	254	88	9927	49635	9927	69429288
-15714	-1199	451	-2339	-1286	-1202	27	259	95	9928	49640	9928	69429288
-15688	-1240	634	-2322	-1315	-1214	26	262	100	9929	49645	9929	69429288
-15765	-1268	788	-2321	-1364	-1228	30	263	98	9930	49650	9930	69429298
-15857	-1390	733	-2319	-1413	-1227	32	264	96	9931	49655	9931	69429315
-15927	-1592	732	-2322	-1431	-1206	31	258	98	9932	49660	9932	69429323
-15952	-1714	696	-2357	-1417	-1189	30	254	100	9933	49665	9933	69429324
-15979	-1632	708	-2416	-1422	-1199	28	260	99	9934	49670	9934	69429324
-16004	-1573	700	-2458	-1412	-1204	27	261	99	9935	49675	9935	69429324
-16139	-1614	678	-2426	-1397	-1178	31	260	95	9936	49680	9936	69429324
-16281	-1676	631	-2370	-1362	-1151	32	260	94	9937	49685	9937	69429324
-16373	-1765	663	-2328	-1323	-1128	29	259	97	9938	49690	9938	69429335
-16424	-1840	697	-2318	-1282	-1100	27	259	99	9939	49695	9939	69429354
-16390	-1858	754	-2311	-1250	-1062	32	258	98	9940	49700	9940	69429364
-16342	-1817	749	-2277	-1232	-1016	35	257	97	9941	49705	9941	69429364
-16215	-1662	729	-2234	-1213	-967	29	251	94	9942	49710	9942	69429364
-16059	-1666	728	-2167	-1216	-902	27	249	93	9943	49715	9943	69429364
-15920	-1811	731	-2071	-1236	-838	34	253	94	9944	49720	9944	69429364
-15836	-2089	697	-1995	-1262	-792	36	254	94	9945	49725	9945	69429364
-15915	-2153	570	-1967	-1297	-775	34	262	97	9946	49730	9946	69429382
-16023	-2180	500	-1994	-1305	-755	34	264	98	9947	49735	9947	69429396
-16186	-2074	514	-2037	-1297	-738	35	257	99	9948	49740	9948	69429398
-16288	-1929	523	-2024	-1275	-706	35	255	99	9949	49745	9949	69429398
-16310	-1744	536	-1923	-1249	-659	35	249	97	9950	49750	9950	69429398
-16375	-1714	459	-1797	-1214	-640	35	249	97	9951	49755	9951	69429398
-16410	-1794	479	-1610	-1169	-619	32	254	95	9952	49760	9952	69429399
-16502	-1891	437	-1422	-1122	-583	31	255	95	9953	49765	9953	69429405
-16598	-1958	306	-1249	-1072	-573	31	258	103	9954	49770	9954	69429430
-16782	-1911	246	-1143	-1006	-569	31	259	105	9955	49775	9955	69429436
-16936	-1744	321	-1050	-934	-554	32	261	96	9956	49780	9956	69429436
-17023	-1528	364	-933	-862	-522	32	262	94	9957	49785	9957	69429436
-17091	-1194	261	-831	-782	-492	34	256	97	9958	49790	9958	69429436
-17140	-866	292	-660	-696	-436	34	254	98	9959	49795	9959	69429436
-17232	-840	138	-433	-647	-394	37	257	99	9960	49800	9960	69429436
-17362	-982	-14	-197	-558	-336	37	257	99	9961	49805	9961	69429473
-17566	-1016	102	-115	-479	-322	34	254	100	9962	49810	9962	69429474
-17574	-944	-13	-54	-424	-315	34	254	100	9963	49815	9963	69429474
-17611	-948	-12	-16	-365	-290	34	254	98	9964	49820	9964	69429474
-17516	-870	-35	13	-301	-274	34	254	98	9965	49825	9965	69429474
-17506	-884	-93	16	-227	-260	33	260	104	9966	49830	9966	69429474
-17346	-884	-58	39	-149	-237	33	261	105	9967	49835	9967	69429474
-17318	-808	-16	65	-104	-228	35	255	101	9968	49840	9968	69429513
-17266	-958	-24	99	-65	-223	35	255	101	9969	49845	9969	69429521
-17174	-956	44	136	-24	-222	40	262	100	9970	49850	9970	69429521
-17104	-1000	-60	179	13	-215	40	262	100	9971	49855	9971	69429521
-17136	-988	-14	201	54	-195	32	254	104	9972	49860	9972	69429521
-17110	-1066	-50	233	78	-173	32	254	104	9973	49865	9973	69429521
-17142	-1166	70	286	117	-152	31	253	97	9974	49870	9974	69429521
-17018	-1238	126	297	159	-153	31	253	97	9975	49875	9975	69429521
-16906	-1254	210	343	180	-157	39	251	97	9976	49880	9976	69429570
-16778	-1214	288	385	199	-171	39	251	97	9977	49885	9977	69429570
-16742	-1158	194	421	204	-154	34	256	100	9978	49890	9978	69429570
-16718	-1202	140	468	219	-130	34	256	100	9979	49895	9979	69429570
-16704	-1280	122	520	243	-111	34	254	102	9980	49900	9980	69429572
-16674	-1320	158	589	259	-100	34	254	102	9981	49905	9981	69429572
-16500	-1474	138	646	241	-79	31	253	97	9982	49910	9982	69429572
-16452	-1570	106	674	229	-83	31	253	97	9983	49915	9983	69429572
-16361	-1506	104	703	208	-88	38	252	96	9984	49920	9984	69429572
-16360	-1570	147	703	190	-84	37	254	97	9985	49925	9985	69429574
-16383	-1646	181	668	169	-85	35	263	99	9986	49930	9986	69429586
-16438	-1572	149	612	157	-84	35	262	99	9987	49935	9987	69429606
-16576	-1400	176	589	147	-91	33	259	97	9988	49940	9988	69429606
-16498	-1342	166	561	166	-84	33	259	97	9989	49945	9989	69429606
-16594	-1292	146	568	158	-78	32	256	94	9990	49950	9990	69429606
-16740	-1268	176	569	174	-79	32	256	94	9991	49955	9991	69429606
-16730	-1181	86	615	207	-95	34	262	98	9992	49960	9992	69429606
-16783	-1171	78	648	226	-87	33	261	98	9993	49965	9993	69429607
-16779	-1167	83	680	247	-104	31	259	99	9994	49970	9994	69429607
-16829	-1136	-22	708	268	-115	30	259	99	9995	49975	9995	69429612
-16816	-1141	-14	720	301	-124	28	258	98	9996	49980	9996	69429635
-16884	-1097	-22	737	315	-119	28	258	98	9997	49985	9997	69429644
-16783	-1068	-49	759	345	-121	29	259	99	9998	49990	9998	69429644
-16708	-1069	-5	777	351	-124	30	259	100	9999	49995	9999	69429645
-16596	-1134	46	784	348	-127	36	260	102	10000	50000	10000	69429645
-16488	-1214	38	772	333	-130	34	260	102	10001	50005	10001	69429646
-16446	-1188	109	738	321	-142	28	260	100	10002	50010	10002	69429648
-16512	-1121	40	710	314	-152	29	259	100	10003	50015	10003	69429660
-16508	-1178	80	685	278	-154	31	253	99	10004	50020	10004	69429681
-16479	-1166	124	641	249	-158	31	253	99	10005	50025	10005	69429681
-16448	-1190	118	627	230	-154	31	253	99	10006	50030	10006	69429681
-16499	-1224	12	615	203	-149	31	253	99	10007	50035	10007	69429681
-16538	-1228	15	588	185	-161	31	255	99	10008	50040	10008	69429681
-16610	-1219	-57	570	176	-167	31	257	99	10009	50045	10009	69429686
-16645	-1225	-42	551	176	-177	30	260	98	10010	50050	10010	69429703
-16708	-1222	8	527	173	-182	32	258	96	10011	50055	10011	69429718
-16769	-1192	-5	500	181	-174	36	254	94	10012	50060	10012	69429718
-16798	-1131	-36	488	189	-174	34	254	94	10013	50065	10013	69429719
-16894	-1077	-84	485	210	-167	26	254	94	10014	50070	10014	69429719
-16837	-1022	-114	507	214	-151	27	255	96	10015	50075	10015	69429719
-16730	-1063	-111	551	225	-155	32	260	104	10016	50080	10016	69429719
-16713	-1047	-139	603	210	-168	31	259	100	10017	50085	10017	69429733
-16696	-1048	-87	645	201	-163	30	258	94	10018	50090	10018	69429760
-16672	-1069	-84	664	192	-160	31	257	94	10019	50095	10019	69429767
-16673	-1100	-170	658	180	-149	33	255	95	10020	50100	10020	69429768
-16670	-1113	-220	655	161	-134	33	255	96	10021	50105	10021	69429768
-16656	-1151	-279	648	141	-125	33	255	97	10022	50110	10022	69429768
-16656	-1190	-259	641	123	-115	31	257	97	10023	50115	10023	69429769
-16693	-1195	-167	638	110	-93	29	259	97	10024	50120	10024	69429771
-16699	-1160	-220	649	97	-82	31	259	97	10025	50125	10025	69429785
-16618	-1090	-103	615	56	-71	37	257	95	10026	50130	10026	69429816
-16646	-1054	-147	616	40	-52	33	259	94	10027	50135	10027	69429816
-16670	-1088	-193	650	35	-31	27	263	93	10028	50140	10028	69429816
-16658	-1120	-193	696	25	-24	29	260	95	10029	50145	10029	69429816
-16634	-1162	-215	742	23	-13	32	256	98	10030	50150	10030	69429816
-16572	-1272	-168	785	22	-1	32	257	97	10031	50155	10031	69429816
-16574	-1316	-172	787	2	3	31	259	95	10032	50160	10032	69429822
-16573	-1278	-219	791	-16	-15	30	257	98	10033	50165	10033	69429843
-16540	-1207	-148	788	-17	-40	29	255	101	10034	50170	10034	69429854
-16520	-1135	-93	783	-23	-51	28	257	100	10035	50175	10035	69429854
-16542	-1044	-93	807	-35	-53	28	258	100	10036	50180	10036	69429854
-16572	-1000	-106	837	-45	-50	28	258	96	10037	50185	10037	69429854
-16623	-960	-154	838	-47	-50	27	259	91	10038	50190	10038	69429854
-16680	-905	-179	828	-39	-52	29	257	93	10039	50195	10039	69429854
-16741	-940	-208	830	-32	-45	32	254	96	10040	50200	10040	69429868
-16794	-988	-260	813	-17	-54	29	255	96	10041	50205	10041	69429905
-16811	-986	-263	768	12	-78	25	257	97	10042	50210	10042	69429927
-16866	-951	-270	717	35	-101	25	257	96	10043	50215	10043	69429927
-16892	-917	-247	680	59	-117	25	257	95	10044	50220	10044	69429928
-16886	-910	-269	663	78	-125	24	254	97	10045	50225	10045	69429928
-16884	-926	-285	633	86	-127	24	252	98	10046	50230	10046	69429928
-16821	-950	-218	611	92	-140	25	251	97	10047	50235	10047	69429929
-16747	-943	-244	597	101	-151	26	250	96	10048	50240	10048	69429929
-16740	-917	-224	592	98	-164	26	255	96	10049	50245	10049	69429929
-16654	-905	-144	593	86	-178	25	259	95	10050	50250	10050	69429929
-16590	-874	-143	612	74	-190	27	257	96	10051	50255	10051	69429930
-16602	-825	-147	633	66	-198	28	256	96	10052	50260	10052	69429953
-16584	-853	-181	679	49	-195	29	256	96	10053	50265	10053	69429972
-16632	-992	-250	720	28	-187	30	256	96	10054	50270	10054	69429975
-16683	-1151	-237	723	5	-185	26	258	98	10055	50275	10055	69429976
-16712	-1307	-270	691	-9	-191	24	260	100	10056	50280	10056	69429977
-16667	-1281	-298	609	-20	-199	28	260	95	10057	50285	10057	69429979
-16634	-1273	-302	537	-36	-205	30	260	92	10058	50290	10058	69429980
-16705	-1269	-252	513	-67	-212	28	262	93	10059	50295	10059	69429981
-16639	-1114	-276	510	-73	-216	27	263	93	10060	50300	10060	69429981
-16673	-1075	-246	488	-84	-216	29	260	95	10061	50305	10061	69429982
-16665	-1000	-276	479	-87	-216	30	258	96	10062	50310	10062	69429982
-16655	-1003	-249	527	-76	-208	28	257	94	10063	50315	10063	69429983
-16646	-1139	-305	607	-90	-208	27	257	93	10064	50320	10064	69429984
-16676	-1147	-401	621	-101	-224	25	259	94	10065	50325	10065	69429986
-16715	-1059	-302	564	-100	-240	24	260	94	10066	50330	10066	69429997
-16821	-1028	-276	531	-93	-254	29	256	96	10067	50335	10067	69430017
-16819	-1028	-332	544	-94	-256	30	254	96	10068	50340	10068	69430021
-16850	-1052	-310	520	-91	-264	24	258	94	10069	50345	10069	69430021
-16820	-1039	-345	480	-84	-266	23	259	93	10070	50350	10070	69430021
-16772	-959	-254	450	-68	-278	25	258	92	10071	50355	10071	69430021
-16741	-980	-242	449	-62	-277	26	258	92	10072	50360	10072	69430021
-16720	-1000	-313	486	-62	-290	28	260	98	10073	50365	10073	69430021
-16701	-1027	-289	491	-62	-289	28	260	100	10074	50370	10074	69430046
-16727	-1051	-369	493	-70	-294	27	258	96	10075	50375	10075	69430059
-16752	-1110	-357	475	-70	-302	27	257	95	10076	50380	10076	69430059
-16687	-1166	-332	438	-79	-312	25	257	93	10077	50385	10077	69430059
-16672	-1176	-338	418	-104	-297	25	257	93	10078	50390	10078	69430059
-16600	-1240	-414	381	-143	-295	26	256	94	10079	50395	10079	69430059
-16635	-1258	-437	330	-192	-304	26	256	94	10080	50400	10080	69430059
-16638	-1324	-435	289	-232	-305	28	255	95	10081	50405	10081	69430059
-16660	-1233	-392	232	-260	-300	29	255	95	10082	50410	10082	69430060
-16607	-1137	-361	169	-284	-312	28	256	96	10083	50415	10083	69430060
-16628	-1102	-352	129	-331	-313	28	256	96	10084	50420	10084	69430060
-16514	-1052	-412	132	-387	-304	25	257	95	10085	50425	10085	69430060
-16549	-1105	-414	130	-420	-288	25	257	95	10086	50430	10086	69430096
-16585	-1175	-464	143	-445	-279	28	257	93	10087	50435	10087	69430123
-16648	-1251	-497	127	-475	-296	29	257	93	10088	50440	10088	69430128
-16752	-1266	-515	96	-483	-311	23	252	96	10089	50445	10089	69430129
-16721	-1244	-428	12	-509	-324	21	251	97	10090	50450	10090	69430129
-16682	-1270	-379	-84	-537	-337	27	255	95	10091	50455	10091	69430129
-16666	-1198	-440	-167	-582	-332	28	256	94	10092	50460	10092	69430129
-16650	-1264	-412	-224	-591	-330	30	252	94	10093	50465	10093	69430139
-16704	-1256	-414	-276	-597	-333	30	252	94	10094	50470	10094	69430167
-16672	-1172	-418	-310	-610	-344	21	255	93	10095	50475	10095	69430167
-16666	-1152	-510	-353	-613	-352	21	255	93	10096	50480	10096	69430167
-16722	-1028	-342	-405	-633	-354	32	248	98	10097	50485	10097	69430167
-16740	-1008	-248	-437	-623	-352	32	248	98	10098	50490	10098	69430168
-16747	-993	-290	-408	-617	-345	29	258	96	10099	50495	10099	69430168
-16806	-1044	-310	-376	-615	-347	28	260	96	10100	50500	10100	69430168
-16754	-984	-186	-381	-600	-349	25	251	91	10101	50505	10101	69430168
-16748	-1024	-356	-347	-583	-352	25	251	91	10102	50510	10102	69430169
-16730	-1068	-298	-335	-607	-365	21	253	97	10103	50515	10103	69430169
-16692	-1146	-338	-345	-611	-366	21	253	97	10104	50520	10104	69430169
-16622	-1068	-194	-391	-628	-352	25	261	93	10105	50525	10105	69430181
-16556	-1064	-200	-424	-619	-368	25	261	93	10106	50530	10106	69430204
-16688	-1040	-204	-430	-625	-365	28	256	94	10107	50535	10107	69430204
-16678	-966	-230	-413	-638	-365	28	256	94	10108	50540	10108	69430204
-16706	-1008	-218	-387	-658	-363	30	254	94	10109	50545	10109	69430204
-16649	-965	-241	-371	-673	-365	30	254	94	10110	50550	10110	69430204
-16672	-942	-278	-377	-677	-366	29	251	95	10111	50555	10111	69430204
-16720	-964	-256	-377	-703	-366	29	251	95	10112	50560	10112	69430205
-16738	-946	-308	-375	-712	-369	24	256	100	10113	50565	10113	69430205
-16684	-956	-244	-402	-714	-365	24	256	100	10114	50570	10114	69430205
-16730	-902	-162	-393	-722	-359	34	258	90	10115	50575	10115	69430223
-16690	-870	-186	-379	-733	-355	34	258	90	10116	50580	10116	69430248
-16742	-876	-232	-347	-746	-356	27	255	91	10117	50585	10117	69430248
-16776	-914	-320	-316	-748	-349	27	256	92	10118	50590	10118	69430249
-16775	-948	-268	-306	-756	-322	26	258	96	10119	50595	10119	69430249
-16778	-1011	-305	-306	-749	-323	26	257	96	10120	50600	10120	69430250
-16838	-992	-286	-310	-746	-330	28	252	96	10121	50605	10121	69430250
-16818	-1027	-226	-302	-730	-320	28	253	96	10122	50610	10122	69430254
-16830	-1010	-198	-304	-727	-318	26	260	94	10123	50615	10123	69430269
-16760	-868	-186	-260	-742	-310	26	260	94	10124	50620	10124	69430278
-16806	-854	-48	-173	-745	-301	24	262	100	10125	50625	10125	69430278
-16808	-933	-189	-60	-723	-292	26	262	100	10126	50630	10126	69430278
-16772	-931	-166	7	-709	-280	32	260	100	10127	50635	10127	69430278
-16792	-908	-151	73	-696	-264	32	259	98	10128	50640	10128	69430279
-16798	-929	-128	124	-690	-267	30	254	92	10129	50645	10129	69430281
-16730	-961	-26	152	-683	-249	29	254	93	10130	50650	10130	69430296
-16732	-964	-58	184	-677	-236	23	255	97	10131	50655	10131	69430324
-16716	-910	-118	195	-671	-243	24	255	98	10132	50660	10132	69430324
-16695	-936	-93	213	-675	-244	28	256	102	10133	50665	10133	69430324
-16629	-888	-68	237	-670	-232	28	257	100	10134	50670	10134	69430324
-16643	-857	-98	275	-653	-226	28	258	96	10135	50675	10135	69430325
-16665	-890	-137	318	-639	-218	29	257	96	10136	50680	10136	69430325
-16671	-916	-95	329	-637	-231	33	255	97	10137	50685	10137	69430329
-16660	-893	-68	352	-640	-244	33	255	98	10138	50690	10138	69430347
-16728	-894	-92	377	-637	-249	35	253	101	10139	50695	10139	69430355
-16735	-892	-163	395	-626	-258	33	253	99	10140	50700	10140	69430355
-16744	-938	-195	392	-606	-283	23	251	93	10141	50705	10141	69430355
-16790	-949	-166	405	-601	-291	25	253	96	10142	50710	10142	69430355
-16798	-945	-166	380	-574	-314	27	255	101	10143	50715	10143	69430355
-16797	-926	-167	348	-556	-345	27	256	98	10144	50720	10144	69430355
-16817	-928	-101	329	-542	-367	26	258	94	10145	50725	10145	69430366
-16839	-860	-77	313	-508	-378	25	257	96	10146	50730	10146	69430391
-16833	-797	-80	308	-473	-396	24	256	98	10147	50735	10147	69430404
-16828	-726	-72	332	-453	-406	25	255	97	10148	50740	10148	69430404
-16851	-732	-61	370	-417	-421	28	252	92	10149	50745	10149	69430404
-16849	-785	-26	418	-390	-437	26	252	94	10150	50750	10150	69430404
-16824	-773	-49	446	-372	-473	21	253	101	10151	50755	10151	69430405
-16830	-738	-16	472	-351	-498	25	256	97	10152	50760	10152	69430421
-16829	-791	-37	519	-322	-508	32	260	92	10153	50765	10153	69430445
-16766	-872	-28	563	-296	-514	30	258	96	10154	50770	10154	69430445
-16744	-864	-14	589	-274	-532	28	256	102	10155	50775	10155	69430445
-16736	-840	-15	599	-249	-558	28	257	101	10156	50780	10156	69430445
-16736	-834	0	610	-234	-572	28	258	100	10157	50785	10157	69430445
-16774	-832	-18	650	-215	-578	29	259	100	10158	50790	10158	69430445
-16747	-827	-151	703	-189	-590	29	259	99	10159	50795	10159	69430449
-16728	-863	-177	744	-162	-602	29	257	98	10160	50800	10160	69430464
-16797	-923	-97	784	-129	-616	28	254	96	10161	50805	10161	69430483
-16838	-876	-96	805	-106	-636	27	252	98	10162	50810	10162	69430483
-16833	-855	-88	817	-80	-645	25	249	101	10163	50815	10163	69430483
-16848	-845	-139	829	-52	-653	24	253	100	10164	50820	10164	69430483
-16816	-904	-250	871	-28	-672	22	258	98	10165	50825	10165	69430484
-16803	-957	-270	909	-3	-696	24	258	96	10166	50830	10166	69430484
-16854	-969	-149	925	30	-721	26	258	94	10167	50835	10167	69430484
-16858	-963	-190	939	55	-742	28	254	96	10168	50840	10168	69430485
-16795	-964	-186	944	89	-762	30	252	98	10169	50845	10169	69430485
-16784	-998	-210	937	114	-780	27	254	100	10170	50850	10170	69430506
-16762	-994	-162	917	121	-795	25	255	101	10171	50855	10171	69430520
-16741	-1014	-151	895	126	-812	26	254	99	10172	50860	10172	69430520
-16735	-1038	-198	883	145	-833	27	253	97	10173	50865	10173	69430520
-16742	-1031	-198	886	175	-854	26	253	96	10174	50870	10174	69430520
-16768	-1032	-174	872	194	-874	25	253	95	10175	50875	10175	69430520
-16768	-1010	-214	835	216	-896	27	254	93	10176	50880	10176	69430520
-16766	-994	-229	807	231	-909	28	254	92	10177	50885	10177	69430525
-16800	-984	-216	787	238	-918	26	256	95	10178	50890	10178	69430545
-16766	-981	-226	778	254	-931	25	257	97	10179	50895	10179	69430557
-16753	-1001	-166	785	271	-940	24	255	95	10180	50900	10180	69430557
-16728	-1049	-188	793	281	-944	24	254	94	10181	50905	10181	69430557
-16717	-1101	-161	795	290	-953	25	253	98	10182	50910	10182	69430557
-16712	-1090	-221	799	306	-966	25	253	101	10183	50915	10183	69430558
-16729	-1071	-237	806	311	-975	26	252	101	10184	50920	10184	69430558
-16747	-1110	-192	807	324	-979	27	251	101	10185	50925	10185	69430574
-16753	-1100	-245	808	332	-982	27	253	99	10186	50930	10186	69430596
-16688	-1136	-309	810	333	-986	27	255	97	10187	50935	10187	69430603
-16658	-1173	-329	803	329	-989	26	253	99	10188	50940	10188	69430603
-16680	-1140	-244	791	328	-996	26	252	100	10189	50945	10189	69430603
-16630	-1152	-207	786	334	-1006	25	257	98	10190	50950	10190	69430603
-16676	-1140	-340	788	333	-999	24	260	96	10191	50955	10191	69430604
-16654	-1126	-319	788	321	-1003	29	262	96	10192	50960	10192	69430612
-16639	-1093	-300	789	316	-1005	30	262	96	10193	50965	10193	69430640
-16712	-1142	-334	801	312	-1003	26	256	98	10194	50970	10194	69430646
-16687	-1246	-440	819	311	-1003	25	255	99	10195	50975	10195	69430646
-16737	-1289	-421	771	294	-1025	24	253	93	10196	50980	10196	69430647
-16727	-1326	-415	717	298	-1025	24	252	92	10197	50985	10197	69430647
-16692	-1395	-518	689	295	-1029	26	250	95	10198	50990	10198	69430647
-16690	-1413	-524	646	291	-1050	27	249	97	10199	50995	10199	69430647
-16698	-1356	-429	592	305	-1074	34	254	93	10200	51000	10200	69430652
-16700	-1374	-512	540	302	-1081	36	256	92	10201	51005	10201	69430673
-16777	-1334	-373	466	288	-1095	31	258	94	10202	51010	10202	69430678
-16750	-1332	-383	432	296	-1085	30	258	94	10203	51015	10203	69430678
-16668	-1300	-399	425	287	-1084	25	256	94	10204	51020	10204	69430678
-16650	-1238	-365	392	285	-1079	24	256	94	10205	51025	10205	69430679
-16652	-1291	-474	394	283	-1078	30	255	93	10206	51030	10206	69430679
-16689	-1249	-470	394	277	-1093	31	255	93	10207	51035	10207	69430679
-16647	-1282	-425	379	278	-1103	29	252	95	10208	51040	10208	69430679
-16672	-1262	-376	374	278	-1100	29	251	95	10209	51045	10209	69430679
-16568	-1348	-363	387	268	-1091	28	255	99	10210	51050	10210	69430701
-16585	-1369	-375	377	263	-1087	28	256	100	10211	51055	10211	69430714
-16644	-1326	-408	361	273	-1081	26	255	96	10212	51060	10212	69430716
-16672	-1322	-454	329	276	-1085	25	255	95	10213	51065	10213	69430716
-16678	-1410	-384	318	269	-1083	28	255	95	10214	51070	10214	69430717
-16668	-1426	-455	285	262	-1081	29	255	95	10215	51075	10215	69430717
