-16516	1703	2862	648	-343	-220	21097	223	89	8472	42360	8472	69422047
-16530	1717	2798	619	-389	-221	21098	229	87	8473	42365	8473	69422047
-16503	1688	2857	619	-435	-217	21099	231	87	8474	42370	8474	69422047
-16472	1637	2831	626	-468	-221	21100	226	87	8475	42375	8475	69422048
-16458	1644	2855	601	-494	-228	21101	225	87	8476	42380	8476	69422054
-16435	1659	2939	526	-521	-221	21102	232	85	8477	42385	8477	69422078
-16486	1686	2900	404	-561	-214	21103	234	84	8478	42390	8478	69422084
-16474	1746	2984	277	-556	-196	21104	229	89	8479	42395	8479	69422085
-16420	1746	3016	183	-526	-204	21105	229	89	8480	42400	8480	69422085
-16392	1738	2910	142	-536	-185	21106	226	86	8481	42405	8481	69422085
-16292	1786	3074	174	-568	-167	21107	226	86	8482	42410	8482	69422085
-16346	1702	3060	215	-617	-141	21108	231	83	8483	42415	8483	69422086
-16378	1754	3032	254	-706	-125	21109	231	83	8484	42420	8484	69422086
-16512	1756	3042	267	-736	-110	21110	228	96	8485	42425	8485	69422086
-16458	1764	3004	250	-722	-94	21111	228	96	8486	42430	8486	69422087
-16414	1750	2918	226	-723	-85	21112	227	91	8487	42435	8487	69422087
-16422	1690	3026	197	-770	-86	21113	227	91	8488	42440	8488	69422111
-16406	1706	3038	176	-830	-91	21114	228	88	8489	42445	8489	69422131
-16466	1812	2928	155	-850	-95	21115	228	88	8490	42450	8490	69422131
-16470	1742	2988	150	-814	-94	21116	230	88	8491	42455	8491	69422132
-16410	1758	2910	146	-736	-88	21117	230	88	8492	42460	8492	69422132
-16446	1784	2972	121	-710	-87	21118	231	91	8493	42465	8493	69422132
-16450	1862	2922	86	-760	-67	21119	231	91	8494	42470	8494	69422132
-16517	1894	2908	59	-855	-46	21120	224	88	8495	42475	8495	69422139
-16600	1910	2844	26	-865	-38	21121	225	88	8496	42480	8496	69422169
-16520	1906	2768	-36	-807	-43	21122	231	89	8497	42485	8497	69422169
-16468	1928	2884	-116	-781	-49	21123	231	89	8498	42490	8498	69422169
-16395	1935	2954	-144	-797	-45	21124	230	90	8499	42495	8499	69422170
-16435	1958	2816	-104	-845	-31	21125	230	89	8500	42500	8500	69422170
-16500	1956	2961	4	-844	-29	21126	231	87	8501	42505	8501	69422170
-16478	1888	2947	187	-799	-32	21127	230	88	8502	42510	8502	69422171
-16513	1853	2877	350	-732	-35	21128	224	92	8503	42515	8503	69422171
-16379	1763	2841	426	-697	-26	21129	225	92	8504	42520	8504	69422179
-16336	1731	2681	375	-763	-22	21130	230	90	8505	42525	8505	69422221
-16364	1673	2570	305	-848	-9	21131	229	90	8506	42530	8506	69422267
-16480	1651	2562	218	-874	5	21132	224	90	8507	42535	8507	69422267
-16610	1629	2560	134	-860	26	21133	225	89	8508	42540	8508	69422268
-16680	1546	2541	67	-862	59	21134	227	83	8509	42545	8509	69422268
-16790	1503	2523	25	-837	76	21135	227	84	8510	42550	8510	69422269
-16793	1425	2429	1	-793	84	21136	227	89	8511	42555	8511	69422269
-16857	1367	2304	-29	-738	93	21137	228	87	8512	42560	8512	69422290
-16848	1304	2296	-71	-688	98	21138	229	85	8513	42565	8513	69422334
-16826	1248	2368	-136	-674	87	21139	229	86	8514	42570	8514	69422355
-16816	1191	2487	-202	-701	78	21140	229	87	8515	42575	8515	69422356
-16770	1164	2616	-252	-737	73	21141	231	85	8516	42580	8516	69422356
-16705	1171	2661	-309	-760	66	21142	235	83	8517	42585	8517	69422357
-16694	1233	2648	-388	-768	55	21143	231	83	8518	42590	8518	69422357
-16679	1291	2692	-467	-757	43	21144	225	83	8519	42595	8519	69422357
-16648	1354	2728	-540	-753	43	21145	228	87	8520	42600	8520	69422358
-16666	1392	2723	-618	-751	55	21146	232	92	8521	42605	8521	69422358
-16711	1420	2582	-708	-741	79	21147	232	89	8522	42610	8522	69422358
-16757	1444	2479	-807	-688	103	21148	233	85	8523	42615	8523	69422359
-16717	1488	2362	-901	-587	121	21149	231	85	8524	42620	8524	69422359
-16664	1592	2326	-981	-480	125	21150	227	85	8525	42625	8525	69422361
-16596	1654	2334	-1006	-411	126	21151	228	87	8526	42630	8526	69422365
-16576	1721	2414	-955	-396	139	21152	230	90	8527	42635	8527	69422365
-16557	1771	2513	-845	-439	158	21154	229	91	8528	42640	8528	69422367
-16523	1794	2557	-721	-490	168	21155	228	92	8529	42645	8529	69422367
-16503	1817	2578	-630	-553	169	21156	229	90	8530	42650	8530	69422369
-16525	1832	2623	-547	-625	181	21157	230	88	8531	42655	8531	69422385
-16571	1878	2680	-482	-662	188	21158	228	89	8532	42660	8532	69422395
-16555	1938	2753	-417	-665	196	21159	226	90	8533	42665	8533	69422395
-16490	1952	2773	-345	-668	199	21160	227	89	8534	42670	8534	69422395
-16515	1958	2850	-273	-671	208	21161	228	88	8535	42675	8535	69422396
-16547	1976	2970	-214	-654	218	21162	228	86	8536	42680	8536	69422396
-16548	1976	3040	-198	-603	215	21163	228	84	8537	42685	8537	69422396
-16502	1994	3096	-229	-562	217	21164	232	91	8538	42690	8538	69422396
-16505	1984	3136	-231	-571	227	21165	235	95	8539	42695	8539	69422396
-16460	1969	3106	-190	-614	229	21166	235	89	8540	42700	8540	69422396
-16430	2034	3102	-164	-627	228	21167	235	85	8541	42705	8541	69422396
-16394	2064	3096	-157	-606	234	21168	233	89	8542	42710	8542	69422396
-16387	2040	3147	-127	-613	241	21169	232	92	8543	42715	8543	69422396
-16374	1996	3159	-80	-679	247	21170	230	88	8544	42720	8544	69422401
-16331	1937	3182	-26	-804	265	21171	229	85	8545	42725	8545	69422426
-16404	1850	2986	33	-900	254	21172	234	87	8546	42730	8546	69422433
-16413	1747	2900	92	-924	257	21173	235	87	8547	42735	8547	69422434
-16448	1683	2850	121	-910	257	21174	230	85	8548	42740	8548	69422434
-16479	1558	2866	124	-897	259	21175	229	85	8549	42745	8549	69422434
-16500	1527	2866	126	-901	258	21176	224	88	8550	42750	8550	69422434
-16504	1432	2862	96	-900	264	21177	223	89	8551	42755	8551	69422434
-16485	1357	2883	18	-870	280	21178	228	84	8552	42760	8552	69422434
-16434	1412	2756	-92	-899	300	21179	229	83	8553	42765	8553	69422434
-16462	1350	2848	-174	-921	308	21180	230	87	8554	42770	8554	69422434
-16454	1370	2986	-251	-963	315	21181	230	88	8555	42775	8555	69422435
-16434	1397	3042	-315	-989	323	21182	231	87	8556	42780	8556	69422435
-16451	1437	3066	-394	-1009	323	21183	231	87	8557	42785	8557	69422447
-16397	1480	3121	-461	-1034	333	21184	229	89	8558	42790	8558	69422472
-16404	1507	3052	-517	-1042	322	21185	229	89	8559	42795	8559	69422478
-16418	1549	3026	-582	-1046	324	21186	234	87	8560	42800	8560	69422478
-16366	1617	2981	-682	-1059	328	21187	235	87	8561	42805	8561	69422479
-16308	1748	3064	-787	-1089	335	21188	228	90	8562	42810	8562	69422479
-16356	1832	3046	-842	-1158	351	21189	228	90	8563	42815	8563	69422479
-16384	1820	3082	-832	-1242	374	21190	231	87	8564	42820	8564	69422479
-16448	1834	3008	-838	-1246	389	21191	231	87	8565	42825	8565	69422487
-16500	1952	3024	-934	-1226	401	21192	231	85	8566	42830	8566	69422514
-16398	1978	3026	-1043	-1204	416	21193	231	85	8567	42835	8567	69422514
-16332	2006	3142	-1095	-1241	412	21194	228	88	8568	42840	8568	69422514
-16334	2094	3108	-1098	-1324	439	21195	228	88	8569	42845	8569	69422515
-16342	2126	3192	-1045	-1419	456	21196	233	87	8570	42850	8570	69422515
-16330	2148	3142	-1026	-1449	468	21197	233	87	8571	42855	8571	69422515
-16380	2108	3178	-992	-1436	477	21198	229	89	8572	42860	8572	69422515
-16402	2134	3092	-995	-1433	484	21199	229	89	8573	42865	8573	69422541
-16390	2138	3056	-1005	-1428	490	21200	226	90	8574	42870	8574	69422552
-16366	2158	3162	-1007	-1424	507	21201	226	90	8575	42875	8575	69422552
-16302	2106	3114	-999	-1412	497	21202	228	88	8576	42880	8576	69422552
-16314	2152	3142	-978	-1414	487	21203	228	88	8577	42885	8577	69422552
-16262	2171	3100	-938	-1417	479	21204	230	98	8578	42890	8578	69422552
-16258	2165	3065	-893	-1435	489	21205	230	95	8579	42895	8579	69422552
-16251	2171	3132	-850	-1500	504	21206	229	83	8580	42900	8580	69422552
-16263	2079	3144	-818	-1586	517	21207	230	83	8581	42905	8581	69422554
-16340	2092	3102	-794	-1640	536	21208	234	84	8582	42910	8582	69422569
-16367	2150	3102	-782	-1677	541	21209	233	85	8583	42915	8583	69422597
-16345	2105	3090	-778	-1697	555	21210	231	87	8584	42920	8584	69422597
-16335	1995	3090	-799	-1715	568	21211	231	89	8585	42925	8585	69422597
-16330	1936	3166	-859	-1757	578	21212	230	96	8586	42930	8586	69422597
-16292	2002	3110	-918	-1794	592	21213	229	95	8587	42935	8587	69422597
-16277	1960	3205	-946	-1848	598	21214	226	92	8588	42940	8588	69422597
-16288	1901	3258	-942	-1893	603	21215	226	92	8589	42945	8589	69422606
-16178	1846	3309	-938	-1936	600	21216	225	91	8590	42950	8590	69422643
-16136	1769	3231	-964	-1975	602	21217	226	90	8591	42955	8591	69422643
-16176	1767	3199	-1008	-1990	605	21218	228	86	8592	42960	8592	69422643
-16252	1727	3118	-1097	-2005	626	21219	228	87	8593	42965	8593	69422643
-16408	1692	3111	-1183	-2016	655	21220	227	91	8594	42970	8594	69422643
-16460	1724	3062	-1250	-2037	687	21221	227	92	8595	42975	8595	69422643
-16537	1703	3057	-1308	-2044	715	21222	228	94	8596	42980	8596	69422644
-16598	1703	3021	-1380	-2028	733	21223	228	92	8597	42985	8597	69422644
-16668	1712	3126	-1471	-1985	743	21224	228	88	8598	42990	8598	69422659
-16646	1766	3210	-1588	-1927	749	21225	229	91	8599	42995	8599	69422681
-16593	1827	3124	-1726	-1849	746	21226	231	95	8600	43000	8600	69422681
-16592	1872	3058	-1865	-1770	726	21227	229	93	8601	43005	8601	69422682
-16567	1927	3058	-2004	-1721	709	21228	227	89	8602	43010	8602	69422682
-16507	1948	3096	-2127	-1723	701	21230	228	91	8603	43015	8603	69422682
-16504	1921	3138	-2173	-1742	696	21231	228	92	8604	43020	8604	69422683
-16545	1898	3146	-2181	-1744	693	21231	228	92	8605	43025	8605	69422683
-16561	1901	3189	-2180	-1742	692	21232	229	91	8606	43030	8606	69422683
-16500	1936	3264	-2191	-1732	686	21233	230	91	8607	43035	8607	69422688
-16459	1977	3280	-2214	-1734	678	21234	231	91	8608	43040	8608	69422714
-16456	2051	3311	-2270	-1776	684	21235	225	92	8609	43045	8609	69422741
-16535	2115	3280	-2366	-1814	686	21236	215	93	8610	43050	8610	69422741
-16641	2217	3260	-2498	-1795	690	21238	223	94	8611	43055	8611	69422742
-16646	2287	3241	-2617	-1724	703	21239	231	95	8612	43060	8612	69422742
-16638	2394	3204	-2722	-1670	704	21240	227	94	8613	43065	8613	69422742
-16691	2452	3120	-2845	-1655	708	21241	225	93	8614	43070	8614	69422742
-16731	2490	3076	-2976	-1651	720	21242	228	91	8615	43075	8615	69422758
-16801	2558	3009	-3077	-1603	735	21243	230	90	8616	43080	8616	69422774
-16882	2597	2935	-3129	-1521	747	21244	231	89	8617	43085	8617	69422778
-16900	2565	2876	-3160	-1446	752	21245	231	89	8618	43090	8618	69422778
-16882	2567	2888	-3195	-1378	751	21246	230	93	8619	43095	8619	69422779
-16908	2552	2973	-3244	-1301	739	21247	230	96	8620	43100	8620	69422779
-16929	2489	3058	-3297	-1222	725	21248	228	95	8621	43105	8621	69422779
-16952	2461	3203	-3314	-1181	716	21249	227	95	8622	43110	8622	69422779
-16997	2442	3264	-3302	-1156	709	21250	229	92	8623	43115	8623	69422779
-16934	2459	3345	-3291	-1145	689	21251	230	90	8624	43120	8624	69422779
-16869	2489	3359	-3281	-1155	669	21252	229	91	8625	43125	8625	69422789
-16803	2461	3248	-3267	-1145	649	21253	228	92	8626	43130	8626	69422814
-16682	2461	3151	-3245	-1082	614	21254	224	92	8627	43135	8627	69422826
-16673	2461	3164	-3197	-959	574	21255	222	92	8628	43140	8628	69422826
-16630	2518	3032	-3167	-849	541	21256	225	92	8629	43145	8629	69422826
-16654	2435	3020	-3189	-787	512	21257	226	92	8630	43150	8630	69422826
-16610	2380	3050	-3250	-771	499	21258	229	90	8631	43155	8631	69422826
-16601	2362	3130	-3300	-787	484	21259	230	90	8632	43160	8632	69422826
-16607	2322	3106	-3302	-797	472	21260	227	92	8633	43165	8633	69422826
-16558	2320	3014	-3242	-765	468	21261	226	92	8634	43170	8634	69422826
-16628	2370	2959	-3106	-726	462	21262	226	90	8635	43175	8635	69422856
-16582	2432	3105	-2908	-697	448	21263	226	90	8636	43180	8636	69422870
-16540	2450	3218	-2678	-670	439	21264	232	93	8637	43185	8637	69422872
-16449	2457	3316	-2451	-682	436	21265	234	94	8638	43190	8638	69422872
-16414	2472	3475	-2270	-714	438	21266	233	90	8639	43195	8639	69422872
-16436	2522	3628	-2178	-789	447	21267	233	89	8640	43200	8640	69422872
-16477	2593	3784	-2116	-864	456	21268	229	96	8641	43205	8641	69422872
-16534	2574	3797	-2030	-901	459	21269	228	98	8642	43210	8642	69422878
-16455	2582	3776	-1958	-904	449	21270	233	96	8643	43215	8643	69422904
-16421	2544	3796	-1866	-871	426	21271	234	96	8644	43220	8644	69422910
-16458	2402	3682	-1746	-818	392	21272	222	96	8645	43225	8645	69422914
-16446	2328	3608	-1675	-759	374	21273	222	96	8646	43230	8646	69422915
-16398	2244	3612	-1637	-704	362	21274	223	99	8647	43235	8647	69422915
-16442	2158	3480	-1623	-631	336	21275	223	99	8648	43240	8648	69422915
-16480	2152	3530	-1575	-562	327	21276	227	93	8649	43245	8649	69422915
-16496	2058	3416	-1504	-511	308	21277	227	93	8650	43250	8650	69422915
-16430	2032	3392	-1406	-482	286	21278	232	90	8651	43255	8651	69422915
-16458	1994	3422	-1313	-467	281	21279	232	90	8652	43260	8652	69422941
-16524	1916	3439	-1196	-398	278	21280	229	91	8653	43265	8653	69422950
-16474	1894	3582	-1133	-320	256	21281	229	91	8654	43270	8654	69422950
-16440	1808	3528	-1125	-233	231	21282	229	93	8655	43275	8655	69422950
-16312	1992	3864	-1171	-252	216	21283	229	93	8656	43280	8656	69422950
-16346	1996	3840	-1223	-370	216	21284	226	88	8657	43285	8657	69422950
-16394	2094	3850	-1297	-493	209	21285	226	88	8658	43290	8658	69422950
-16442	2148	3846	-1321	-553	198	21286	231	95	8659	43295	8659	69422950
-16420	2164	3744	-1306	-541	174	21287	231	95	8660	43300	8660	69422950
-16466	2230	3582	-1240	-503	158	21288	234	92	8661	43305	8661	69422958
-16424	2322	3547	-1173	-474	137	21289	233	93	8662	43310	8662	69422979
-16427	2316	3474	-1109	-461	125	21290	229	97	8663	43315	8663	69422980
-16463	2461	3319	-1065	-442	97	21291	229	96	8664	43320	8664	69422980
-16424	2516	3264	-1033	-392	89	21292	228	90	8665	43325	8665	69422980
-16412	2555	3195	-980	-337	76	21293	227	90	8666	43330	8666	69422980
-16385	2552	3126	-929	-291	54	21294	223	89	8667	43335	8667	69422980
-16348	2546	3154	-835	-248	37	21295	223	90	8668	43340	8668	69422980
-16349	2522	3158	-694	-216	18	21296	224	92	8669	43345	8669	69422986
-16349	2528	3306	-524	-169	-22	21297	225	92	8670	43350	8670	69423012
-16319	2537	3448	-373	-133	-50	21298	228	92	8671	43355	8671	69423019
-16263	2617	3586	-244	-143	-76	21299	227	91	8672	43360	8672	69423019
-16303	2630	3675	-119	-206	-112	21300	224	88	8673	43365	8673	69423019
-16304	2634	3756	-17	-276	-144	21301	225	88	8674	43370	8674	69423019
-16365	2660	3866	48	-339	-173	21302	231	87	8675	43375	8675	69423019
-16391	2717	3990	107	-360	-182	21303	230	88	8676	43380	8676	69423028
-16420	2769	4028	215	-355	-199	21304	228	92	8677	43385	8677	69423059
-16454	2808	4083	345	-340	-223	21305	229	91	8678	43390	8678	69423060
-16459	2855	4038	466	-308	-254	21306	230	86	8679	43395	8679	69423060
-16449	2870	4023	535	-270	-273	21307	230	88	8680	43400	8680	69423060
-16430	2901	4029	565	-223	-298	21308	231	91	8681	43405	8681	69423061
-16396	2966	3933	615	-162	-318	21309	231	89	8682	43410	8682	69423061
-16380	2962	3792	719	-91	-344	21310	231	87	8683	43415	8683	69423073
-16387	2974	3790	857	-16	-373	21311	231	89	8684	43420	8684	69423093
-16322	2996	3776	1022	49	-405	21312	230	92	8685	43425	8685	69423097
-16304	3007	3736	1200	75	-416	21313	228	88	8686	43430	8686	69423097
-16326	2996	3745	1382	54	-416	21314	225	81	8687	43435	8687	69423097
-16322	2914	3671	1553	19	-426	21315	227	86	8688	43440	8688	69423100
-16356	2858	3650	1700	31	-432	21316	229	93	8689	43445	8689	69423117
-16345	2819	3734	1812	82	-437	21317	228	91	8690	43450	8690	69423135
-16321	2704	3790	1880	129	-451	21318	227	89	8691	43455	8691	69423135
-16269	2604	3814	1921	131	-455	21319	228	91	8692	43460	8692	69423135
-16233	2522	3822	1971	77	-455	21320	230	94	8693	43465	8693	69423135
-16226	2428	3852	2006	11	-459	21321	229	94	8694	43470	8694	69423135
-16235	2328	3884	2024	-60	-467	21323	227	95	8695	43475	8695	69423136
-16202	2238	3871	2027	-98	-475	21324	228	93	8696	43480	8696	69423136
-16237	2168	3859	2016	-97	-484	21325	228	92	8697	43485	8697	69423136
-16265	2173	3788	2010	-92	-493	21326	229	90	8698	43490	8698	69423140
-16340	2161	3862	2020	-71	-500	21327	229	89	8699	43495	8699	69423160
-16359	2090	3884	2028	-22	-504	21328	230	90	8700	43500	8700	69423172
-16287	2072	3870	2018	-2	-503	21329	230	90	8701	43505	8701	69423172
-16202	2128	4053	2004	-61	-497	21330	231	91	8702	43510	8702	69423172
-16186	2183	4102	1998	-176	-492	21331	232	92	8703	43515	8703	69423173
-16222	2186	4096	2004	-297	-494	21332	232	91	8704	43520	8704	69423173
-16287	2190	4035	2018	-382	-492	21333	232	90	8705	43525	8705	69423173
-16336	2236	3902	2037	-419	-494	21334	232	92	8706	43530	8706	69423195
-16290	2227	3744	2038	-422	-514	21335	232	94	8707	43535	8707	69423209
-16270	2174	3612	1995	-420	-532	21336	235	92	8708	43540	8708	69423209
-16314	2143	3540	1896	-418	-537	21337	237	91	8709	43545	8709	69423210
-16314	2147	3488	1802	-431	-538	21338	230	91	8710	43550	8710	69423210
-16360	2129	3395	1738	-449	-528	21339	225	91	8711	43555	8711	69423210
-16353	2123	3399	1708	-435	-502	21340	224	92	8712	43560	8712	69423210
-16344	2121	3305	1713	-396	-494	21341	224	92	8713	43565	8713	69423216
-16365	2086	3312	1736	-326	-479	21342	232	89	8714	43570	8714	69423242
-16357	2126	3235	1749	-243	-478	21343	234	88	8715	43575	8715	69423248
-16373	2133	3350	1765	-170	-476	21344	227	90	8716	43580	8716	69423248
-16354	2145	3434	1793	-144	-479	21345	225	91	8717	43585	8717	69423248
-16329	2196	3625	1797	-149	-476	21346	229	93	8718	43590	8718	69423248
-16346	2235	3766	1777	-245	-469	21347	230	94	8719	43595	8719	69423248
-16384	2292	3820	1756	-394	-453	21348	228	91	8720	43600	8720	69423248
-16432	2333	3700	1745	-532	-452	21349	228	90	8721	43605	8721	69423278
-16488	2337	3634	1769	-598	-454	21350	230	92	8722	43610	8722	69423286
-16439	2317	3525	1803	-593	-468	21351	231	93	8723	43615	8723	69423286
-16493	2246	3490	1824	-567	-478	21352	237	95	8724	43620	8724	69423286
-16496	2222	3408	1830	-550	-490	21353	238	96	8725	43625	8725	69423286
-16510	2177	3334	1807	-545	-497	21354	230	91	8726	43630	8726	69423286
-16492	2148	3248	1783	-537	-507	21355	228	90	8727	43635	8727	69423286
-16490	2140	3192	1765	-498	-514	21356	232	94	8728	43640	8728	69423286
-16528	2174	3168	1765	-463	-508	21357	232	94	8729	43645	8729	69423295
-16528	2168	3054	1765	-400	-518	21358	229	87	8730	43650	8730	69423323
-16462	2170	3020	1762	-315	-526	21359	229	87	8731	43655	8731	69423323
-16480	2212	3162	1774	-265	-534	21360	227	97	8732	43660	8732	69423323
-16472	2206	3258	1774	-262	-531	21361	227	97	8733	43665	8733	69423323
-16490	2222	3326	1805	-303	-520	21362	227	89	8734	43670	8734	69423323
-16430	2304	3278	1844	-361	-512	21363	227	89	8735	43675	8735	69423323
-16454	2326	3370	1859	-442	-506	21364	225	95	8736	43680	8736	69423344
-16480	2332	3318	1867	-475	-499	21365	225	95	8737	43685	8737	69423379
-16478	2262	3372	1883	-479	-500	21366	231	89	8738	43690	8738	69423379
-16550	2244	3230	1906	-453	-505	21367	231	89	8739	43695	8739	69423379
-16536	2228	3360	1886	-429	-515	21368	228	90	8740	43700	8740	69423379
-16484	2164	3174	1846	-402	-521	21369	228	90	8741	43705	8741	69423379
-16404	2128	3212	1803	-381	-533	21370	227	91	8742	43710	8742	69423380
-16386	2166	3156	1762	-384	-539	21371	227	91	8743	43715	8743	69423380
-16330	2154	3210	1762	-380	-540	21372	235	91	8744	43720	8744	69423418
-16342	2073	3194	1763	-390	-541	21373	235	91	8745	43725	8745	69423439
-16318	2061	3144	1792	-399	-534	21374	234	90	8746	43730	8746	69423439
-16372	2102	3135	1828	-394	-530	21375	232	91	8747	43735	8747	69423440
-16374	2130	3156	1873	-363	-519	21376	225	93	8748	43740	8748	69423441
-16384	2158	3241	1900	-352	-507	21377	227	92	8749	43745	8749	69423442
-16391	2216	3302	1889	-341	-488	21378	234	90	8750	43750	8750	69423442
-16421	2262	3261	1852	-332	-485	21379	233	91	8751	43755	8751	69423443
-16421	2367	3360	1745	-351	-474	21380	229	95	8752	43760	8752	69423443
-16395	2309	3394	1619	-397	-444	21381	229	95	8753	43765	8753	69423444
-16390	2322	3536	1496	-469	-421	21382	229	97	8754	43770	8754	69423463
-16486	2335	3535	1417	-565	-399	21383	229	96	8755	43775	8755	69423538
-16488	2339	3403	1378	-608	-401	21384	229	91	8756	43780	8756	69423538
-16494	2237	3286	1354	-633	-412	21385	228	91	8757	43785	8757	69423538
-16566	2228	3173	1346	-654	-414	21386	223	93	8758	43790	8758	69423538
-16492	2185	3110	1334	-673	-425	21387	224	93	8759	43795	8759	69423538
-16550	2121	3040	1306	-670	-448	21388	227	91	8760	43800	8760	69423539
-16480	2179	3028	1288	-641	-463	21389	226	92	8761	43805	8761	69423539
-16502	2193	2995	1278	-586	-489	21390	224	96	8762	43810	8762	69423539
-16484	2220	2992	1268	-536	-506	21391	225	95	8763	43815	8763	69423539
-16450	2298	3049	1293	-507	-517	21392	227	93	8764	43820	8764	69423551
-16434	2345	3085	1330	-463	-527	21393	229	93	8765	43825	8765	69423574
-16418	2372	3066	1375	-429	-540	21394	232	92	8766	43830	8766	69423582
-16410	2420	3109	1437	-410	-548	21395	232	91	8767	43835	8767	69423583
-16425	2460	3088	1534	-391	-547	21396	231	89	8768	43840	8768	69423583
-16453	2458	3120	1639	-381	-547	21397	231	92	8769	43845	8769	69423583
-16488	2443	3117	1703	-383	-544	21398	230	96	8770	43850	8770	69423583
-16434	2464	3147	1723	-391	-530	21399	230	93	8771	43855	8771	69423583
-16441	2416	3182	1714	-405	-507	21400	229	89	8772	43860	8772	69423583
-16480	2350	3075	1682	-431	-490	21401	229	91	8773	43865	8773	69423583
-16440	2336	3064	1663	-461	-484	21402	229	93	8774	43870	8774	69423583
-16393	2279	3154	1649	-491	-484	21403	228	91	8775	43875	8775	69423583
-16402	2163	3096	1648	-531	-479	21404	226	88	8776	43880	8776	69423583
-16440	2116	2941	1641	-548	-484	21405	227	89	8777	43885	8777	69423587
-16490	2097	2936	1627	-511	-493	21407	228	90	8778	43890	8778	69423593
-16478	2152	2913	1598	-437	-502	21408	229	91	8779	43895	8779	69423593
-16412	2175	2912	1557	-356	-521	21409	229	91	8780	43900	8780	69423593
-16427	2220	2929	1524	-325	-531	21410	228	89	8781	43905	8781	69423593
-16430	2266	2933	1509	-353	-527	21411	228	88	8782	43910	8782	69423593
-16432	2282	3024	1519	-377	-518	21412	229	91	8783	43915	8783	69423618
-16473	2272	3087	1525	-376	-507	21413	229	93	8784	43920	8784	69423635
-16477	2280	3084	1538	-367	-501	21414	228	90	8785	43925	8785	69423635
-16491	2246	3074	1558	-374	-500	21415	228	88	8786	43930	8786	69423635
-16491	2236	3094	1560	-405	-504	21416	227	86	8787	43935	8787	69423636
-16515	2208	3044	1569	-439	-505	21417	226	84	8788	43940	8788	69423636
-16536	2133	2955	1573	-475	-506	21418	228	87	8789	43945	8789	69423637
-16530	2056	2997	1557	-515	-500	21419	229	89	8790	43950	8790	69423637
-16509	2066	2976	1522	-551	-498	21420	229	93	8791	43955	8791	69423637
-16473	2048	2937	1484	-561	-500	21421	229	95	8792	43960	8792	69423638
-16501	2017	2956	1441	-540	-497	21422	227	94	8793	43965	8793	69423639
-16530	2069	2878	1396	-507	-496	21423	225	93	8794	43970	8794	69423639
-16463	2112	2922	1347	-472	-495	21424	224	92	8795	43975	8795	69423671
-16477	2154	2983	1282	-444	-489	21425	224	92	8796	43980	8796	69423681
-16505	2146	2891	1224	-449	-480	21426	227	94	8797	43985	8797	69423681
-16481	2091	2890	1195	-478	-461	21427	228	94	8798	43990	8798	69423681
-16520	2062	2923	1183	-493	-455	21428	226	88	8799	43995	8799	69423681
-16538	2092	2933	1205	-497	-449	21429	225	87	8800	44000	8800	69423681
-16527	2108	3096	1221	-503	-442	21430	226	86	8801	44005	8801	69423681
-16448	2093	3036	1230	-520	-444	21431	226	86	8802	44010	8802	69423681
-16487	2096	2989	1218	-543	-459	21432	227	88	8803	44015	8803	69423689
-16491	2111	3000	1164	-554	-449	21433	227	89	8804	44020	8804	69423722
-16438	2109	2957	1124	-558	-455	21434	231	88	8805	44025	8805	69423730
-16448	2094	2948	1106	-541	-443	21435	232	88	8806	44030	8806	69423730
-16481	2103	2977	1100	-532	-437	21436	231	90	8807	44035	8807	69423730
-16498	2085	2845	1093	-534	-439	21437	231	91	8808	44040	8808	69423730
-16479	2136	2893	1094	-536	-442	21438	229	94	8809	44045	8809	69423730
-16444	2163	2970	1102	-533	-437	21439	229	95	8810	44050	8810	69423730
-16510	2120	2971	1108	-522	-430	21440	228	94	8811	44055	8811	69423730
-16536	2088	2964	1118	-534	-425	21441	228	94	8812	44060	8812	69423730
-16536	2102	3000	1103	-555	-400	21442	233	89	8813	44065	8813	69423740
-16512	2110	3060	1075	-562	-406	21443	233	89	8814	44070	8814	69423771
-16550	2116	2970	1067	-570	-396	21444	225	89	8815	44075	8815	69423772
-16560	2120	3064	1072	-608	-402	21445	225	89	8816	44080	8816	69423773
-16492	2094	3126	1083	-606	-401	21446	226	94	8817	44085	8817	69423773
-16487	2114	3113	1099	-627	-404	21447	226	94	8818	44090	8818	69423774
-16515	2078	3008	1092	-645	-407	21448	228	88	8819	44095	8819	69423774
-16522	2218	2906	1055	-629	-399	21449	229	87	8820	44100	8820	69423775
-16454	2166	2856	1019	-607	-406	21450	231	91	8821	44105	8821	69423775
-16432	2230	2844	991	-589	-406	21451	231	91	8822	44110	8822	69423775
-16500	2186	2964	974	-570	-388	21452	228	92	8823	44115	8823	69423816
-16422	2158	2744	968	-561	-383	21453	228	92	8824	44120	8824	69423816
-16410	2192	2896	990	-565	-370	21454	235	89	8825	44125	8825	69423816
-16434	2172	2936	994	-549	-360	21455	235	89	8826	44130	8826	69423817
-16412	2080	2970	967	-548	-342	21456	230	94	8827	44135	8827	69423817
-16473	2005	2935	945	-564	-335	21457	229	93	8828	44140	8828	69423817
-16515	1950	3027	916	-567	-331	21458	227	91	8829	44145	8829	69423818
-16540	1932	3019	903	-569	-319	21459	228	91	8830	44150	8830	69423818
-16519	1865	3031	908	-554	-324	21460	234	90	8831	44155	8831	69423821
-16494	1771	3103	906	-561	-335	21461	233	92	8832	44160	8832	69423839
-16454	1826	3032	905	-565	-334	21462	231	99	8833	44165	8833	69423862
-16480	1805	3059	891	-591	-340	21463	232	97	8834	44170	8834	69423862
-16488	1830	3106	866	-589	-332	21464	237	89	8835	44175	8835	69423862
-16602	1890	3006	831	-614	-347	21465	237	89	8836	44180	8836	69423862
-16491	1863	3069	772	-597	-341	21466	230	92	8837	44185	8837	69423862
-16442	1892	3006	743	-587	-333	21467	229	92	8838	44190	8838	69423862
-16391	1958	3064	738	-587	-325	21468	224	92	8839	44195	8839	69423862
-16380	1967	3057	726	-593	-313	21469	225	93	8840	44200	8840	69423862
-16361	1952	3061	707	-602	-305	21470	227	95	8841	44205	8841	69423870
-16374	1981	3156	683	-605	-307	21471	229	95	8842	44210	8842	69423899
-16367	2012	3163	652	-611	-286	21472	239	93	8843	44215	8843	69423899
-16445	2063	3120	649	-634	-283	21473	236	93	8844	44220	8844	69423899
-16451	2074	3088	650	-662	-274	21474	226	94	8845	44225	8845	69423899
-16463	2061	3048	644	-674	-257	21475	229	92	8846	44230	8846	69423899
-16448	2049	3089	643	-670	-244	21476	234	88	8847	44235	8847	69423899
-16430	2040	3148	627	-658	-239	21477	231	89	8848	44240	8848	69423900
-16477	2008	3129	600	-683	-237	21478	227	91	8849	44245	8849	69423903
-16532	2020	3032	563	-734	-230	21479	228	92	8850	44250	8850	69423923
-16553	2063	3027	530	-768	-223	21480	229	93	8851	44255	8851	69423946
-16532	2042	3022	505	-774	-213	21481	228	92	8852	44260	8852	69423946
-16521	2078	2969	477	-766	-203	21482	225	89	8853	44265	8853	69423946
-16529	2078	2929	463	-749	-201	21483	227	90	8854	44270	8854	69423947
-16569	2080	2892	433	-730	-194	21484	229	91	8855	44275	8855	69423947
-16624	2081	2856	390	-711	-180	21485	228	92	8856	44280	8856	69423947
-16563	2083	2762	356	-696	-174	21486	226	94	8857	44285	8857	69423947
-16514	2047	2767	317	-679	-167	21487	228	93	8858	44290	8858	69423951
-16526	1978	2784	274	-670	-155	21488	230	92	8859	44295	8859	69423967
-16560	1909	2748	228	-665	-154	21489	229	92	8860	44300	8860	69423986
-16544	1913	2780	189	-656	-149	21491	227	93	8861	44305	8861	69423986
-16520	1929	2705	154	-646	-142	21492	225	90	8862	44310	8862	69423987
-16486	1946	2611	133	-637	-145	21493	224	88	8863	44315	8863	69423987
-16458	1913	2670	134	-632	-147	21494	225	89	8864	44320	8864	69423987
-16478	1932	2831	132	-650	-138	21495	226	90	8865	44325	8865	69423988
-16460	1896	2879	129	-676	-137	21496	229	91	8866	44330	8866	69423988
-16466	1844	2868	134	-703	-135	21497	231	91	8867	44335	8867	69423988
-16490	1828	2873	143	-727	-127	21497	232	91	8868	44340	8868	69424004
-16481	1822	2888	147	-748	-120	21498	234	92	8869	44345	8869	69424027
-16498	1833	2953	136	-773	-110	21500	231	92	8870	44350	8870	69424027
-16490	1844	2976	127	-775	-105	21501	228	92	8871	44355	8871	69424028
-16488	1817	2936	121	-777	-112	21502	230	93	8872	44360	8872	69424028
-16455	1822	2946	104	-787	-115	21503	231	93	8873	44365	8873	69424028
-16444	1894	2950	67	-811	-119	21504	231	97	8874	44370	8874	69424029
-16472	1918	2886	5	-851	-112	21505	231	99	8875	44375	8875	69424029
-16480	1901	2860	-71	-870	-101	21506	231	98	8876	44380	8876	69424054
-16494	1945	2844	-152	-862	-94	21507	231	97	8877	44385	8877	69424070
-16486	1993	2953	-235	-845	-82	21508	235	98	8878	44390	8878	69424070
-16459	1996	2919	-281	-836	-66	21509	236	98	8879	44395	8879	69424071
-16457	2017	2874	-305	-842	-57	21510	232	92	8880	44400	8880	69424071
-16487	2091	2910	-338	-850	-56	21511	231	91	8881	44405	8881	69424071
-16480	2119	2923	-399	-872	-52	21512	228	93	8882	44410	8882	69424071
-16532	2088	2857	-440	-862	-49	21513	227	93	8883	44415	8883	69424071
-16510	2071	2901	-479	-865	-33	21514	224	90	8884	44420	8884	69424076
-16509	2131	2958	-514	-872	-32	21515	223	89	8885	44425	8885	69424098
-16456	2161	2990	-540	-891	-34	21516	226	91	8886	44430	8886	69424111
-16460	2130	2933	-547	-919	-41	21517	227	91	8887	44435	8887	69424112
-16506	2156	3051	-559	-939	-44	21518	225	95	8888	44440	8888	69424112
-16542	2186	2871	-577	-950	-47	21519	224	96	8889	44445	8889	69424112
-16554	2179	2879	-603	-946	-50	21520	227	93	8890	44450	8890	69424113
-16559	2232	2779	-610	-940	-67	21521	228	92	8891	44455	8891	69424113
-16533	2248	2827	-598	-947	-69	21522	231	94	8892	44460	8892	69424113
-16585	2349	2894	-573	-960	-63	21523	232	94	8893	44465	8893	69424135
-16558	2344	2908	-535	-960	-76	21524	230	93	8894	44470	8894	69424146
-16612	2326	2902	-492	-937	-88	21525	229	93	8895	44475	8895	69424148
-16612	2360	2980	-474	-908	-79	21526	225	91	8896	44480	8896	69424148
-16560	2342	2894	-470	-876	-91	21527	225	91	8897	44485	8897	69424149
-16592	2396	2942	-442	-855	-96	21528	229	99	8898	44490	8898	69424149
-16618	2390	2898	-416	-842	-118	21529	229	99	8899	44495	8899	69424195
-16620	2378	3030	-399	-842	-118	21530	227	95	8900	44500	8900	69424195
-16596	2418	2960	-378	-820	-120	21531	226	94	8901	44505	8901	69424196
-16633	2490	2965	-344	-815	-131	21532	228	92	8902	44510	8902	69424196
-16602	2454	3098	-274	-789	-149	21533	229	91	8903	44515	8903	69424196
-16612	2474	3066	-249	-759	-167	21534	229	99	8904	44520	8904	69424196
-16560	2538	3034	-210	-751	-172	21535	229	99	8905	44525	8905	69424196
-16574	2496	3094	-174	-738	-172	21536	230	92	8906	44530	8906	69424196
-16504	2556	3136	-158	-752	-190	21537	230	92	8907	44535	8907	69424196
-16500	2570	3056	-135	-725	-196	21538	228	92	8908	44540	8908	69424196
-16548	2546	3030	-117	-719	-210	21539	228	92	8909	44545	8909	69424224
-16596	2552	2958	-97	-686	-216	21540	226	100	8910	44550	8910	69424234
-16584	2606	3016	-74	-659	-227	21541	226	100	8911	44555	8911	69424235
-16546	2556	3097	-46	-625	-241	21542	227	91	8912	44560	8912	69424235
-16542	2534	2956	1	-622	-248	21543	227	92	8913	44565	8913	69424235
-16530	2535	2965	42	-600	-251	21544	227	95	8914	44570	8914	69424236
-16551	2488	3037	80	-597	-255	21545	227	95	8915	44575	8915	69424236
-16534	2388	3092	106	-589	-252	21546	226	92	8916	44580	8916	69424236
-16546	2370	3096	124	-562	-269	21547	226	92	8917	44585	8917	69424236
-16498	2434	3068	121	-535	-282	21548	227	93	8918	44590	8918	69424244
-16556	2408	3130	140	-528	-283	21549	227	93	8919	44595	8919	69424272
-16520	2418	3130	166	-526	-288	21550	223	97	8920	44600	8920	69424272
-16497	2392	3112	192	-524	-295	21551	224	97	8921	44605	8921	69424272
-16473	2359	3182	224	-519	-304	21552	230	98	8922	44610	8922	69424273
-16451	2283	3217	257	-518	-317	21553	230	96	8923	44615	8923	69424273
-16420	2237	3224	292	-536	-321	21554	230	86	8924	44620	8924	69424273
-16446	2198	3203	343	-563	-316	21555	230	88	8925	44625	8925	69424280
-16456	2212	3211	389	-583	-325	21556	232	96	8926	44630	8926	69424309
-16472	2183	3310	425	-589	-327	21557	232	95	8927	44635	8927	69424310
-16500	2190	3131	442	-582	-338	21558	230	92	8928	44640	8928	69424310
-16454	2184	3093	442	-560	-332	21559	229	94	8929	44645	8929	69424310
-16436	2136	3111	439	-552	-336	21560	228	96	8930	44650	8930	69424310
-16477	2097	3125	420	-538	-340	21561	227	94	8931	44655	8931	69424311
-16491	2088	3163	399	-528	-342	21562	226	92	8932	44660	8932	69424314
-16493	2093	3192	375	-514	-334	21563	227	92	8933	44665	8933	69424325
-16467	2087	3186	359	-486	-330	21564	231	93	8934	44670	8934	69424347
-16455	2040	3178	353	-469	-332	21565	231	92	8935	44675	8935	69424347
-16479	2026	3270	343	-466	-338	21566	232	90	8936	44680	8936	69424347
-16470	2012	3267	339	-474	-334	21567	230	93	8937	44685	8937	69424347
-16440	2030	3255	339	-473	-332	21568	227	97	8938	44690	8938	69424347
-16418	2041	3217	337	-479	-333	21569	227	96	8939	44695	8939	69424347
-16439	1999	3165	339	-492	-333	21570	227	95	8940	44700	8940	69424351
-16344	2080	3144	324	-496	-343	21571	228	95	8941	44705	8941	69424368
-16251	2225	3258	303	-497	-363	21572	230	96	8942	44710	8942	69424386
-16294	2355	3236	325	-724	-294	21573	228	94	8943	44715	8943	69424387
-16216	2674	3305	549	-1355	-113	21574	226	92	8944	44720	8944	69424387
-16189	2904	4158	1681	-1884	-43	21576	226	92	8945	44725	8945	69424387
-17120	2619	4377	3778	-1410	-157	21577	226	92	8946	44730	8946	69424387
-17208	1413	3606	4572	-146	-236	21578	224	95	8947	44735	8947	69424387
-16012	1174	3186	3324	358	-262	21579	223	97	8948	44740	8948	69424410
-15646	2025	3274	2047	-344	-214	21580	226	96	8949	44745	8949	69424452
-15960	2358	3320	1738	-1155	-109	21580	228	94	8950	44750	8950	69424478
-16115	2094	3385	2204	-1478	-96	21581	229	93	8951	44755	8951	69424479
-16602	2401	3652	2919	-1539	-253	21582	230	92	8952	44760	8952	69424479
-17245	1974	3316	3612	-879	-497	21584	230	91	8953	44765	8953	69424480
-16801	546	2146	2730	152	-684	21585	230	90	8954	44770	8954	69424480
-16209	494	1609	271	92	-688	21586	231	91	8955	44775	8955	69424480
-16365	1794	1991	-1903	-601	-617	21587	231	91	8956	44780	8956	69424496
-16796	2851	2860	-2351	-819	-553	21588	232	93	8957	44785	8957	69424512
-16659	2976	3341	-1463	-422	-494	21589	233	95	8958	44790	8958	69424516
-16140	2502	3394	-707	-101	-428	21590	230	96	8959	44795	8959	69424516
-15988	2226	3156	-735	-348	-361	21591	228	96	8960	44800	8960	69424516
-16189	2066	2896	-1023	-975	-258	21592	225	98	8961	44805	8961	69424516
-16541	2120	3160	-852	-1105	-229	21593	224	98	8962	44810	8962	69424517
-16707	2092	3704	-248	-757	-228	21594	227	95	8963	44815	8963	69424517
-16527	1838	3953	420	-376	-190	21595	228	94	8964	44820	8964	69424517
-16356	1633	3941	736	-236	-167	21596	227	93	8965	44825	8965	69424517
-16330	1549	3802	749	-299	-148	21597	226	92	8966	44830	8966	69424517
-16509	1504	3520	505	-443	-116	21598	227	93	8967	44835	8967	69424517
-16680	1470	3151	162	-530	-74	21599	227	93	8968	44840	8968	69424522
-16746	1660	3027	-146	-514	-62	21600	228	93	8969	44845	8969	69424549
-16816	1522	2882	-170	-470	-28	21601	229	93	8970	44850	8970	69424564
-16776	1218	2580	-16	-511	15	21602	230	95	8971	44855	8971	69424565
-16637	1196	2590	-9	-583	-6	21603	230	96	8972	44860	8972	69424566
-16604	1254	2571	47	-676	-39	21604	228	97	8973	44865	8973	69424566
-16598	1231	2528	159	-725	-59	21605	227	97	8974	44870	8974	69424567
-16566	1320	2622	179	-704	-100	21606	228	90	8975	44875	8975	69424567
-16572	1485	2562	62	-647	-143	21607	228	88	8976	44880	8976	69424568
-16478	1579	2708	-168	-630	-166	21608	230	96	8977	44885	8977	69424568
-16468	1738	2798	-403	-671	-167	21609	230	98	8978	44890	8978	69424569
-16526	1872	2818	-528	-681	-162	21610	230	98	8979	44895	8979	69424569
-16536	1890	2922	-591	-647	-156	21611	230	98	8980	44900	8980	69424569
-16604	1988	3034	-608	-581	-165	21612	226	94	8981	44905	8981	69424572
-16554	2006	3056	-612	-563	-158	21613	226	94	8982	44910	8982	69424581
-16546	2048	3098	-562	-533	-159	21614	232	96	8983	44915	8983	69424597
-16583	2068	3033	-501	-542	-166	21615	234	96	8984	44920	8984	69424600
-16592	2158	3044	-454	-558	-184	21616	228	99	8985	44925	8985	69424600
-16579	2186	2982	-335	-559	-199	21617	226	100	8986	44930	8986	69424600
-16590	2244	2846	-186	-509	-212	21618	223	91	8987	44935	8987	69424601
-16508	2270	2712	-186	-525	-241	21619	223	91	8988	44940	8988	69424601
-16496	2440	2774	-201	-561	-252	21620	225	93	8989	44945	8989	69424601
-16562	2330	2636	-160	-563	-255	21621	225	93	8990	44950	8990	69424628
-16604	2238	2666	-114	-557	-261	21622	231	101	8991	44955	8991	69424666
-16572	2322	2570	-117	-524	-265	21623	231	101	8992	44960	8992	69424666
-16526	2306	2642	-85	-483	-247	21624	229	97	8993	44965	8993	69424666
-16576	2274	2686	-41	-469	-240	21625	229	97	8994	44970	8994	69424666
-16535	2233	2731	-21	-473	-232	21626	229	93	8995	44975	8995	69424667
-16523	2282	2680	-21	-447	-239	21627	229	92	8996	44980	8996	69424667
-16587	2214	2806	-47	-402	-232	21628	229	87	8997	44985	8997	69424667
-16572	2272	2946	-80	-344	-241	21629	229	87	8998	44990	8998	69424668
-16528	2302	2906	-74	-275	-237	21630	228	100	8999	44995	8999	69424683
-16540	2268	2938	-47	-247	-249	21631	228	100	9000	45000	9000	69424716
-16512	2180	3032	5	-292	-236	21632	228	92	9001	45005	9001	69424716
-16584	2106	2900	39	-382	-219	21633	228	92	9002	45010	9002	69424716
-16581	2008	2822	91	-448	-215	21634	232	98	9003	45015	9003	69424716
-16582	1968	2784	159	-486	-206	21635	231	98	9004	45020	9004	69424716
-16607	1993	2754	226	-532	-213	21636	226	96	9005	45025	9005	69424716
-16516	1959	2710	293	-568	-212	21637	226	96	9006	45030	9006	69424716
-16482	1966	2749	328	-581	-199	21638	224	96	9007	45035	9007	69424716
-16493	1920	2698	325	-583	-206	21639	225	95	9008	45040	9008	69424716
-16525	1825	2651	287	-581	-206	21640	231	93	9009	45045	9009	69424718
-16508	1804	2558	207	-581	-196	21641	230	92	9010	45050	9010	69424743
