-16388	1298	3087	-1728	-765	-503	8555	204	65	223	1115	223	68589989
-16470	1243	3038	-1886	-845	-526	8556	206	70	224	1120	224	68590005
-16491	1202	2908	-1990	-857	-550	8557	204	68	225	1125	225	68590022
-16464	1180	2910	-2040	-827	-576	8558	201	65	226	1130	226	68590023
-16465	1267	2900	-2029	-805	-601	8560	205	67	227	1135	227	68590023
-16498	1406	2866	-1933	-805	-614	8561	208	68	228	1140	228	68590023
-16532	1422	2930	-1793	-801	-620	8562	204	69	229	1145	229	68590024
-16504	1451	2955	-1660	-777	-628	8563	202	70	230	1150	230	68590024
-16463	1518	2855	-1599	-747	-642	8564	205	71	231	1155	231	68590035
-16491	1553	2850	-1620	-748	-655	8565	207	71	232	1160	232	68590048
-16478	1586	2902	-1699	-762	-670	8566	206	69	233	1165	233	68590052
-16454	1628	2872	-1795	-743	-682	8567	206	68	234	1170	234	68590052
-16494	1650	2869	-1864	-739	-687	8568	204	72	235	1175	235	68590052
-16515	1687	2829	-1890	-757	-694	8569	202	76	236	1180	236	68590053
-16480	1690	2854	-1857	-786	-712	8570	200	74	237	1185	237	68590053
-16471	1656	2878	-1826	-801	-723	8571	199	73	238	1190	238	68590070
-16432	1618	2879	-1822	-820	-729	8572	198	72	239	1195	239	68590087
-16419	1671	3022	-1823	-850	-745	8573	197	71	240	1200	240	68590091
-16373	1688	3188	-1756	-889	-760	8574	200	72	241	1205	241	68590091
-16332	1644	3267	-1591	-959	-777	8575	202	72	242	1210	242	68590091
-16348	1611	3211	-1400	-1035	-795	8576	201	74	243	1215	243	68590091
-16354	1552	3249	-1271	-1093	-818	8577	201	75	244	1220	244	68590099
-16419	1432	3300	-1281	-1085	-833	8578	199	73	245	1225	245	68590123
-16457	1379	3186	-1362	-1005	-858	8579	198	72	246	1230	246	68590128
-16392	1434	3244	-1432	-900	-880	8580	204	74	247	1235	247	68590128
-16326	1408	3237	-1475	-822	-903	8581	206	74	248	1240	248	68590128
-16304	1411	3262	-1495	-788	-916	8582	201	72	249	1245	249	68590128
-16289	1337	3201	-1550	-776	-899	8583	200	72	250	1250	250	68590129
-16238	1281	3223	-1590	-799	-889	8584	203	68	251	1255	251	68590129
-16176	1260	3272	-1620	-863	-889	8585	204	66	252	1260	252	68590154
-16117	1192	3336	-1569	-1010	-887	8586	203	78	253	1265	253	68590171
-16120	1143	3440	-1414	-1142	-871	8587	202	82	254	1270	254	68590171
-16161	1070	3459	-1231	-1223	-856	8588	202	76	255	1275	255	68590172
-16268	1027	3405	-1108	-1269	-856	8589	202	74	256	1280	256	68590172
-16222	1010	3333	-1083	-1292	-867	8590	198	76	257	1285	257	68590172
-16201	1013	3300	-1100	-1320	-884	8591	197	77	258	1290	258	68590172
-16214	940	3262	-1167	-1312	-897	8592	202	74	259	1295	259	68590173
-16290	978	3299	-1268	-1270	-893	8593	203	73	260	1300	260	68590189
-16320	866	3252	-1371	-1177	-887	8594	201	77	261	1305	261	68590202
-16300	832	3278	-1501	-1154	-882	8595	201	77	262	1310	262	68590202
-16264	664	3410	-1633	-1199	-843	8596	197	73	263	1315	263	68590202
-16344	592	3356	-1686	-1288	-798	8597	197	73	264	1320	264	68590202
-16382	532	3224	-1630	-1336	-772	8598	198	76	265	1325	265	68590202
-16410	639	3081	-1556	-1315	-757	8599	198	76	266	1330	266	68590202
-16411	673	3004	-1462	-1254	-757	8600	198	74	267	1335	267	68590203
-16456	674	3000	-1458	-1199	-743	8601	198	74	268	1340	268	68590217
-16370	826	3012	-1557	-1178	-703	8602	199	75	269	1345	269	68590240
-16376	838	2890	-1614	-1228	-646	8603	199	75	270	1350	270	68590240
-16410	674	2880	-1629	-1286	-554	8604	192	78	271	1355	271	68590240
-16352	502	2718	-1583	-1310	-480	8605	192	78	272	1360	272	68590241
-16304	354	2890	-1577	-1322	-433	8606	198	76	273	1365	273	68590241
-16346	182	2910	-1550	-1389	-374	8607	198	76	274	1370	274	68590241
-16534	-48	3078	-1447	-1446	-323	8608	199	79	275	1375	275	68590290
-16706	-124	3132	-1306	-1451	-295	8609	199	79	276	1380	276	68590291
-16942	-88	3350	-1212	-1420	-282	8610	201	71	277	1385	277	68590293
-16868	-54	3658	-1213	-1334	-266	8611	200	72	278	1390	278	68590294
-16712	16	3747	-1304	-1311	-249	8612	194	78	279	1395	279	68590294
-16651	211	3862	-1376	-1370	-236	8613	194	78	280	1400	280	68590294
-16634	272	3762	-1342	-1452	-228	8614	196	80	281	1405	281	68590294
-16764	310	3624	-1269	-1453	-222	8615	196	80	282	1410	282	68590294
-16818	384	3478	-1149	-1374	-244	8616	199	77	283	1415	283	68590308
-16852	354	3248	-1028	-1294	-288	8617	199	77	284	1420	284	68590308
-16850	290	3208	-872	-1261	-365	8618	200	78	285	1425	285	68590308
-16864	221	3043	-697	-1354	-477	8619	200	78	286	1430	286	68590308
-16854	286	3084	-537	-1437	-585	8620	200	76	287	1435	287	68590308
-16795	437	3283	-311	-1474	-694	8621	200	76	288	1440	288	68590309
-16715	615	3402	-95	-1481	-796	8622	199	77	289	1445	289	68590316
-16599	760	3543	103	-1488	-873	8623	199	77	290	1450	290	68590347
-16550	870	3544	223	-1514	-932	8624	198	78	291	1455	291	68590352
-16503	968	3394	216	-1555	-958	8625	198	77	292	1460	292	68590352
-16543	987	3225	146	-1580	-978	8626	197	71	293	1465	293	68590352
-16676	884	3143	142	-1543	-992	8627	198	73	294	1470	294	68590353
-16657	610	3244	285	-1469	-1001	8628	199	79	295	1475	295	68590367
-16621	348	3287	403	-1428	-1002	8629	197	77	296	1480	296	68590383
-16586	141	3364	458	-1456	-1032	8630	194	74	297	1485	297	68590383
-16675	14	3538	476	-1531	-1070	8631	196	76	298	1490	298	68590383
-16725	-212	3680	606	-1630	-1066	8632	203	83	299	1495	299	68590383
-16657	-365	3723	754	-1677	-1063	8633	201	83	300	1500	300	68590383
-16661	-474	3818	877	-1726	-1070	8634	195	81	301	1505	301	68590383
-16697	-505	3873	959	-1779	-1076	8635	194	81	302	1510	302	68590390
-16659	-524	3804	984	-1800	-1103	8636	190	82	303	1515	303	68590417
-16548	-554	3620	1029	-1816	-1151	8637	192	82	304	1520	304	68590429
-16456	-545	3446	1176	-1855	-1224	8638	195	81	305	1525	305	68590430
-16391	-538	3286	1397	-1905	-1305	8639	195	81	306	1530	306	68590430
-16416	-514	3214	1646	-1977	-1386	8640	195	81	307	1535	307	68590430
-16406	-436	3212	1924	-2073	-1451	8641	193	80	308	1540	308	68590430
-16326	-354	3284	2261	-2187	-1481	8642	190	78	309	1545	309	68590430
-16288	-272	3307	2623	-2304	-1498	8643	191	79	310	1550	310	68590441
-16355	-168	3237	2952	-2376	-1472	8645	192	80	311	1555	311	68590462
-16486	-54	3132	3135	-2366	-1399	8646	197	80	312	1560	312	68590467
-16675	36	3062	3204	-2283	-1318	8646	201	79	313	1565	313	68590467
-16730	26	3026	3224	-2143	-1229	8647	197	80	314	1570	314	68590467
-16648	-10	3049	3210	-2028	-1153	8648	191	81	315	1575	315	68590468
-16526	-101	3139	3144	-2024	-1083	8649	194	79	316	1580	316	68590468
-16484	-290	3262	3067	-2137	-1002	8650	199	77	317	1585	317	68590468
-16584	-505	3457	3004	-2293	-920	8651	199	79	318	1590	318	68590468
-16660	-691	3534	2953	-2440	-844	8653	198	82	319	1595	319	68590472
-16640	-836	3582	2938	-2506	-800	8654	194	86	320	1600	320	68590493
-16485	-1008	3626	2963	-2505	-783	8655	192	88	321	1605	321	68590505
-16334	-1181	3691	2986	-2483	-791	8656	194	78	322	1610	322	68590505
-16215	-1333	3728	2978	-2478	-807	8657	196	72	323	1615	323	68590506
-16173	-1418	3680	2895	-2473	-822	8658	195	78	324	1620	324	68590506
-16304	-1495	3689	2723	-2491	-833	8659	194	82	325	1625	325	68590506
-16458	-1536	3676	2552	-2561	-825	8660	194	77	326	1630	326	68590506
-16505	-1531	3664	2450	-2649	-801	8661	194	74	327	1635	327	68590511
-16458	-1436	3708	2443	-2698	-782	8662	193	78	328	1640	328	68590531
-16336	-1300	3705	2518	-2697	-759	8663	193	81	329	1645	329	68590542
-16167	-1140	3744	2587	-2703	-727	8664	193	81	330	1650	330	68590542
-16098	-951	3848	2583	-2768	-684	8665	193	81	331	1655	331	68590542
-16141	-801	3945	2521	-2838	-639	8666	193	82	332	1660	332	68590543
-16230	-710	3812	2389	-2828	-595	8667	193	83	333	1665	333	68590543
-16274	-596	3642	2192	-2757	-546	8668	192	80	334	1670	334	68590543
-16350	-497	3612	2031	-2650	-496	8669	192	78	335	1675	335	68590559
-16433	-404	3753	2015	-2573	-442	8670	193	79	336	1680	336	68590577
-16444	-368	3924	2088	-2588	-399	8671	193	79	337	1685	337	68590579
-16383	-258	3999	2074	-2655	-365	8672	191	76	338	1690	338	68590579
-16325	-205	3975	1981	-2743	-333	8673	191	75	339	1695	339	68590579
-16311	-3	3867	1906	-2783	-323	8674	190	81	340	1700	340	68590580
-16340	116	3944	1973	-2722	-316	8675	190	82	341	1705	341	68590580
-16342	185	3920	2113	-2626	-327	8676	192	84	342	1710	342	68590587
-16431	254	3729	2225	-2547	-322	8677	192	84	343	1715	343	68590645
-16462	255	3729	2299	-2538	-334	8678	189	79	344	1720	344	68590659
-16438	351	3727	2434	-2553	-366	8679	188	78	345	1725	345	68590664
-16394	416	3780	2712	-2578	-419	8680	191	78	346	1730	346	68590665
-16339	522	3920	3100	-2589	-461	8681	192	78	347	1735	347	68590665
-16411	551	4088	3524	-2604	-500	8682	190	81	348	1740	348	68590665
-16448	634	4253	3829	-2587	-542	8683	190	82	349	1745	349	68590666
-16514	686	4177	3959	-2595	-569	8684	192	85	350	1750	350	68590692
-16517	814	3848	3977	-2616	-600	8685	192	86	351	1755	351	68590704
-16418	929	3633	3955	-2574	-619	8686	190	84	352	1760	352	68590706
-16256	998	3580	3972	-2509	-634	8687	190	84	353	1765	353	68590706
-15934	396	3154	4053	-2535	-672	8688	188	78	354	1770	354	68590706
-16428	1026	3356	4071	-2586	-773	8689	188	78	355	1775	355	68590706
-16422	736	3116	4593	-2473	-679	8690	191	81	356	1780	356	68590706
-16294	296	3152	5020	-2311	-618	8691	191	81	357	1785	357	68590706
-16116	178	3242	5214	-2272	-615	8692	194	82	358	1790	358	68590707
-15812	272	3458	5334	-2272	-595	8693	194	82	359	1795	359	68590707
-15390	-58	3675	5512	-2193	-335	8694	190	83	360	1800	360	68590734
-15796	-438	3708	5584	-2222	-576	8695	189	83	361	1805	361	68590739
-15880	794	3414	5238	-2322	-789	8696	192	80	362	1810	362	68590739
-12056	-1352	3824	5365	-1078	812	8697	192	80	363	1815	363	68590739
-16712	182	3760	5130	-1722	-256	8698	186	82	364	1820	364	68590739
-18014	-328	3596	4832	-2671	600	8699	186	82	365	1825	365	68590739
-18426	66	3000	5127	-2293	177	8700	188	82	366	1830	366	68590739
-18710	-424	3546	5066	-1472	369	8701	188	82	367	1835	367	68590739
-17518	-134	3164	5137	-1773	-259	8702	193	81	368	1840	368	68590739
-16266	-162	3360	5135	-1449	-366	8703	193	81	369	1845	369	68590739
-16016	-35	3759	4803	-1664	-329	8704	191	79	370	1850	370	68590739
-16130	98	3939	4484	-1949	-255	8705	191	79	371	1855	371	68590740
-16212	91	4272	4273	-1975	-217	8706	190	80	372	1860	372	68590746
-16164	4	4288	4192	-1875	-211	8707	189	79	373	1865	373	68590768
-16159	-109	4093	4163	-1791	-200	8708	185	77	374	1870	374	68590768
-16186	-324	4026	4145	-1733	-200	8709	185	77	375	1875	375	68590768
-16328	-448	3912	4148	-1682	-186	8710	192	80	376	1880	376	68590799
-16298	-658	3898	4217	-1673	-165	8711	192	80	377	1885	377	68590799
-16376	-667	4072	4351	-1628	-141	8712	185	81	378	1890	378	68590800
-16403	-612	4074	4482	-1590	-133	8713	186	80	379	1895	379	68590800
-16397	-449	4215	4573	-1525	-149	8714	188	78	380	1900	380	68590800
-16300	-320	4118	4604	-1443	-161	8715	190	78	381	1905	381	68590808
-16172	-74	4110	4584	-1392	-174	8716	196	80	382	1910	382	68590841
-16113	109	4011	4556	-1375	-158	8717	195	80	383	1915	383	68590842
-16050	228	3996	4552	-1344	-137	8718	189	81	384	1920	384	68590842
-16104	354	3968	4580	-1290	-121	8719	189	81	385	1925	385	68590842
-16112	416	3900	4659	-1219	-80	8720	191	81	386	1930	386	68590842
-16175	432	3826	4758	-1154	-29	8721	191	81	387	1935	387	68590843
-16261	384	3839	4830	-1113	22	8722	190	80	388	1940	388	68590843
-16337	277	3864	4927	-1068	92	8723	190	79	389	1945	389	68590843
-16321	168	3972	5027	-1028	170	8724	190	78	390	1950	390	68590843
-16227	73	4127	5095	-1015	241	8725	187	79	391	1955	391	68590844
-16186	46	4268	5135	-1027	303	8726	182	80	392	1960	392	68590844
-16228	111	4364	5203	-1051	369	8727	183	80	393	1965	393	68590851
-16358	90	4362	5266	-1109	430	8728	189	79	394	1970	394	68590879
-16432	50	4381	5274	-1153	503	8729	187	80	395	1975	395	68590879
-16476	-12	4341	5226	-1191	575	8730	183	81	396	1980	396	68590879
-16535	-72	4284	5166	-1239	646	8731	185	78	397	1985	397	68590879
-16545	-163	4260	5159	-1277	704	8732	187	73	398	1990	398	68590879
-16609	-258	4204	5169	-1333	757	8733	190	74	399	1995	399	68590879
-16556	-397	4116	5174	-1415	806	8734	194	76	400	2000	400	68590879
-16342	-572	3976	5180	-1501	840	8735	192	74	401	2005	401	68590879
-16283	-819	3880	5175	-1601	897	8737	189	71	402	2010	402	68590892
-16579	-1056	3845	5113	-1713	959	8738	185	74	403	2015	403	68590914
-17042	-1392	3916	5013	-1783	1017	8739	182	76	404	2020	404	68590921
-17486	-1648	4160	4884	-1811	1075	8740	184	76	405	2025	405	68590921
-17732	-1573	4502	4774	-1772	1122	8741	186	76	406	2030	406	68590922
-17825	-1739	4870	4760	-1693	1271	8742	187	76	407	2035	407	68590922
-17933	-1800	5076	4694	-1701	1327	8742	188	76	408	2040	408	68590922
-17922	-1270	4979	4464	-1777	1148	8743	188	77	409	2045	409	68590933
-17677	-749	4810	4237	-1751	1023	8744	187	79	410	2050	410	68590947
-17584	-378	4494	3983	-1751	988	8746	187	76	411	2055	411	68590948
-17632	-142	4100	3689	-1720	1009	8747	186	72	412	2060	412	68590948
-17728	32	3867	3494	-1575	1056	8748	182	77	413	2065	413	68590949
-17760	94	3801	3388	-1352	1140	8749	179	81	414	2070	414	68590949
-17727	90	3855	3318	-1121	1229	8750	181	77	415	2075	415	68590949
-17625	66	3790	3234	-894	1316	8751	183	75	416	2080	416	68590949
-17552	-14	3678	3119	-712	1393	8752	184	75	417	2085	417	68590965
-17516	-139	3527	2981	-572	1479	8753	185	75	418	2090	418	68590980
-17570	-319	3460	2772	-473	1573	8754	187	77	419	2095	419	68590985
-17613	-661	3634	2613	-419	1654	8755	188	78	420	2100	420	68590985
-17282	-581	3862	2458	-388	1824	8756	182	74	421	2105	421	68590985
-17675	-1173	4337	2277	-342	2194	8757	181	73	422	2110	422	68590985
-18008	-1361	4516	2052	-521	2099	8758	183	75	423	2115	423	68590990
-17986	-1403	4568	1868	-617	1830	8759	185	77	424	2120	424	68591011
-17968	-1542	4647	1724	-625	1734	8760	190	77	425	2125	425	68591022
-18112	-1717	4683	1539	-735	1700	8761	193	77	426	2130	426	68591022
-18192	-1923	4760	1315	-821	1679	8762	189	77	427	2135	427	68591022
-18106	-1944	4999	1039	-815	1651	8763	187	77	428	2140	428	68591022
-17938	-1912	5038	718	-819	1650	8764	192	74	429	2145	429	68591022
-18130	-1706	4955	327	-900	1670	8765	193	73	430	2150	430	68591022
-18314	-1570	4811	24	-958	1555	8766	188	76	431	2155	431	68591052
-18376	-1271	4695	-277	-885	1435	8767	187	77	432	2160	432	68591060
-18427	-877	4344	-597	-762	1348	8768	190	72	433	2165	433	68591060
-18380	-454	4020	-925	-589	1289	8769	191	71	434	2170	434	68591060
-18240	226	3661	-1273	-373	1297	8770	189	81	435	2175	435	68591060
-18068	672	3284	-1602	-38	1466	8771	188	84	436	2180	436	68591060
-18506	1558	2680	-1788	109	1125	8772	183	81	437	2185	437	68591060
-18261	2058	2333	-1871	443	902	8773	183	81	438	2190	438	68591060
-18145	2598	2221	-2017	850	769	8774	184	82	439	2195	439	68591082
-18293	3135	1885	-2122	1182	700	8775	184	82	440	2200	440	68591095
-18561	3544	1434	-2279	1455	686	8776	180	76	441	2205	441	68591097
-18965	3890	1001	-2544	1786	691	8777	179	75	442	2210	442	68591098
-19202	4185	695	-2780	2227	724	8778	185	80	443	2215	443	68591098
-19324	4420	540	-2866	2893	793	8779	187	81	444	2220	444	68591098
-19280	4466	540	-2687	3570	856	8780	187	77	445	2225	445	68591098
-19040	4480	508	-2353	4307	924	8781	187	77	446	2230	446	68591106
-18740	4422	768	-2040	5043	991	8782	186	82	447	2235	447	68591129
-18666	4468	946	-1756	5655	1051	8783	186	82	448	2240	448	68591129
-18668	4490	820	-1675	6238	1100	8784	189	83	449	2245	449	68591129
-18540	4590	442	-1961	6942	1137	8785	189	83	450	2250	450	68591129
-18680	4754	-146	-2549	7805	1191	8786	191	87	451	2255	451	68591130
-18560	4978	-570	-3413	8893	1188	8787	191	87	452	2260	452	68591130
-18078	5261	-671	-4430	10185	1183	8788	197	81	453	2265	453	68591133
-17796	5424	-638	-4997	10942	1178	8789	197	81	454	2270	454	68591149
-17428	5566	-1000	-5280	11651	1223	8790	186	82	455	2275	455	68591158
-17450	5748	-1492	-5451	12259	1317	8791	186	82	456	2280	456	68591159
-17414	5706	-1836	-5546	12932	1581	8792	192	74	457	2285	457	68591159
-17396	5402	-1930	-5366	13668	1916	8793	192	74	458	2290	458	68591159
-17514	4966	-1782	-4934	14300	2222	8794	196	74	459	2295	459	68591160
-17764	4664	-1122	-4283	14903	2407	8795	196	74	460	2300	460	68591196
-17782	4085	147	-3246	15571	2567	8796	190	76	461	2305	461	68591196
-17795	3606	1370	-2228	15963	2594	8797	190	74	462	2310	462	68591197
-17807	3219	2625	-1166	16091	2534	8798	188	68	463	2315	463	68591197
-17721	2812	3684	-141	15986	2410	8799	188	68	464	2320	464	68591197
-17646	2454	4624	691	15707	2268	8800	190	68	465	2325	465	68591201
-17627	2334	5261	1454	15314	2058	8801	192	68	466	2330	466	68591218
-17672	2330	5644	2162	14844	1816	8802	198	66	467	2335	467	68591232
-17752	2280	5821	2752	14357	1522	8803	198	66	468	2340	468	68591232
-17788	2252	5878	3190	13934	1193	8804	198	64	469	2345	469	68591232
-17768	2193	5974	3526	13657	841	8805	197	65	470	2350	470	68591232
-17677	2113	6190	3792	13449	503	8806	194	68	471	2355	471	68591232
-17762	1955	6368	3999	13215	191	8807	194	67	472	2360	472	68591234
-17784	2023	6658	4033	13041	-131	8808	195	63	473	2365	473	68591246
-17860	2060	7198	3866	12865	-520	8809	195	61	474	2370	474	68591263
-17803	2125	7887	3598	12530	-906	8810	197	55	475	2375	475	68591264
-17924	2320	8282	3272	12080	-1256	8811	197	55	476	2380	476	68591264
-18106	2635	8432	2847	11541	-1573	8812	196	54	477	2385	477	68591264
-18268	2662	8322	2363	11063	-1781	8813	195	52	478	2390	478	68591268
-18355	2779	8024	1876	10686	-1854	8814	193	49	479	2395	479	68591272
-18346	3232	7715	1241	10324	-1863	8815	196	51	480	2400	480	68591284
-18188	3620	7578	545	9920	-1809	8816	200	54	481	2405	481	68591301
-17860	3979	7352	-34	9406	-1712	8817	199	50	482	2410	482	68591301
-17552	4162	7029	-479	8775	-1588	8818	197	43	483	2415	483	68591301
-17323	4296	6613	-979	8121	-1483	8819	197	45	484	2420	484	68591301
-17030	4477	6117	-1584	7594	-1452	8820	197	47	485	2425	485	68591301
-16646	4607	5555	-2237	7143	-1489	8821	198	46	486	2430	486	68591304
-16208	4642	5028	-2905	6616	-1578	8822	200	44	487	2435	487	68591322
-15811	4555	4663	-3206	6189	-1629	8823	200	46	488	2440	488	68591340
-15437	4338	4583	-3161	5771	-1655	8824	200	50	489	2445	489	68591342
-15260	4052	4601	-2856	5317	-1675	8825	200	50	490	2450	490	68591342
-15163	3656	4643	-2402	4842	-1711	8826	200	50	491	2455	491	68591342
-15031	3184	4783	-1929	4418	-1759	8827	200	48	492	2460	492	68591342
-15010	2805	4875	-1512	4009	-1796	8828	201	45	493	2465	493	68591342
-14922	2449	5085	-1131	3515	-1805	8830	205	45	494	2470	494	68591352
-14862	2157	5196	-835	2990	-1785	8831	209	45	495	2475	495	68591367
-14805	1959	5211	-682	2534	-1729	8832	210	44	496	2480	496	68591371
-14700	1851	5243	-593	2076	-1643	8833	211	43	497	2485	497	68591371
-14506	1748	5296	-565	1633	-1537	8834	207	45	498	2490	498	68591371
-14370	1684	5358	-606	1207	-1417	8835	205	47	499	2495	499	68591371
-14262	1678	5438	-718	819	-1289	8836	202	46	500	2500	500	68591371
-14170	1663	5455	-882	505	-1170	8837	200	46	501	2505	501	68591371
-14086	1687	5501	-1130	188	-1034	8838	202	45	502	2510	502	68591385
-14006	1785	5603	-1466	-151	-869	8839	204	44	503	2515	503	68591404
-13869	1940	5740	-1839	-450	-723	8840	202	49	504	2520	504	68591408
-13802	2076	5768	-2313	-709	-591	8841	200	52	505	2525	505	68591409
-13827	2258	5788	-3012	-911	-454	8842	202	51	506	2530	506	68591409
-13814	2414	5743	-3953	-1048	-302	8843	204	50	507	2535	507	68591409
-13728	2626	5625	-5062	-1188	-135	8844	203	45	508	2540	508	68591420
-13630	2978	5397	-6259	-1363	66	8845	203	41	509	2545	509	68591438
-13530	3303	5057	-7441	-1538	294	8846	208	43	510	2550	510	68591446
-13596	3621	4602	-8677	-1741	543	8847	211	45	511	2555	511	68591446
-13789	3904	4300	-9744	-2032	728	8848	208	47	512	2560	512	68591446
-13999	4201	4128	-10834	-2434	833	8849	207	47	513	2565	513	68591446
-14200	4689	3952	-11842	-2901	813	8850	205	52	514	2570	514	68591446
-14370	5126	3703	-12455	-3504	612	8851	205	53	515	2575	515	68591446
-14588	5342	3197	-12530	-4212	266	8852	207	55	516	2580	516	68591464
-14891	5555	2824	-12245	-4840	-94	8853	207	55	517	2585	517	68591474
-15166	5622	2246	-11521	-5471	-454	8854	211	57	518	2590	518	68591477
-15428	5302	1434	-9983	-6171	-886	8855	214	58	519	2595	519	68591477
-15901	4730	478	-8143	-6804	-1319	8856	208	58	520	2600	520	68591477
-16236	4492	-582	-6201	-7316	-1693	8857	206	58	521	2605	521	68591477
-16374	4300	-1724	-3919	-7604	-1961	8858	205	57	522	2610	522	68591477
-16525	3895	-3006	-1061	-7781	-2179	8859	205	57	523	2615	523	68591484
-16849	3414	-4071	1978	-8011	-2431	8860	204	61	524	2620	524	68591509
-17445	3132	-5062	4453	-8122	-2672	8861	204	62	525	2625	525	68591515
-18134	3035	-6028	6201	-7767	-2949	8862	202	70	526	2630	526	68591515
-18781	2948	-7212	7173	-6703	-3243	8863	202	72	527	2635	527	68591515
-19138	2872	-8172	7253	-4522	-3548	8864	200	68	528	2640	528	68591515
-18904	3166	-8390	6389	-2130	-3675	8865	200	68	529	2645	529	68591515
-18430	3574	-7648	4847	149	-3603	8866	201	59	530	2650	530	68591515
-17442	3980	-6136	3046	1956	-3338	8867	201	59	531	2655	531	68591531
-16226	4160	-4398	1314	3090	-2941	8868	207	61	532	2660	532	68591551
-15081	4333	-2476	-46	3568	-2522	8869	207	61	533	2665	533	68591559
-13783	4438	-199	-1405	3660	-1967	8870	207	64	534	2670	534	68591561
-12785	4509	1999	-2389	3118	-1328	8871	207	65	535	2675	535	68591561
-12198	4508	4436	-2931	1640	-502	8872	210	64	536	2680	536	68591561
-12430	4278	6102	-2877	-103	145	8873	210	64	537	2685	537	68591561
-12628	3660	7162	-2520	-1631	655	8874	208	58	538	2690	538	68591561
-12590	2762	7878	-2240	-2767	950	8875	208	58	539	2695	539	68591589
-12250	1702	8434	-2362	-3786	1032	8876	207	63	540	2700	540	68591598
-12070	850	8400	-2899	-4932	944	8877	207	63	541	2705	541	68591598
-12090	-104	8110	-3180	-6025	754	8878	208	64	542	2710	542	68591598
-12292	-958	7574	-3093	-7012	474	8879	208	64	543	2715	543	68591598
-12676	-1404	6608	-2440	-7559	23	8880	201	61	544	2720	544	68591598
-13352	-1448	4910	-667	-7316	-569	8881	202	62	545	2725	545	68591600
-13920	-1079	3437	1012	-6473	-1014	8882	205	67	546	2730	546	68591616
-14482	-348	2374	2281	-5252	-1292	8883	205	67	547	2735	547	68591657
-15103	730	1682	2747	-4144	-1344	8884	207	65	548	2740	548	68591658
-15768	1792	1310	2504	-3507	-1199	8885	207	65	549	2745	549	68591658
-16846	2918	1220	1422	-3474	-851	8886	200	66	550	2750	550	68591659
-18216	4124	1210	-181	-4163	-406	8887	200	66	551	2755	551	68591660
-19792	5052	1212	-1960	-5284	100	8888	205	61	552	2760	552	68591660
-21659	5812	1069	-3648	-6540	593	8889	205	62	553	2765	553	68591662
-22674	6102	1194	-4592	-7277	868	8890	204	66	554	2770	554	68591668
-23060	5928	1170	-5030	-7751	992	8891	204	68	555	2775	555	68591686
-22807	5470	989	-4961	-8017	963	8892	203	75	556	2780	556	68591686
-22155	4878	506	-4451	-8031	779	8893	204	74	557	2785	557	68591686
-21067	4108	2	-3660	-7793	479	8894	210	70	558	2790	558	68591686
-19944	3479	-402	-2742	-7300	73	8895	208	70	559	2795	559	68591686
-18770	3078	-625	-1838	-6715	-410	8896	202	72	560	2800	560	68591686
-17680	3086	-624	-996	-6165	-924	8897	202	74	561	2805	561	68591686
-16755	3266	-536	-334	-5744	-1407	8898	200	78	562	2810	562	68591686
-16305	3626	-434	-3	-5524	-1700	8899	202	75	563	2815	563	68591701
-16164	4083	-250	117	-5400	-1832	8900	205	71	564	2820	564	68591723
-16180	4469	-15	125	-5295	-1843	8901	205	72	565	2825	565	68591723
-16309	4852	169	124	-5148	-1743	8902	203	75	566	2830	566	68591723
-16437	5071	202	225	-4884	-1536	8903	202	75	567	2835	567	68591723
-16410	5122	379	553	-4447	-1288	8904	197	75	568	2840	568	68591723
-16361	4931	458	1196	-3898	-1035	8905	198	77	569	2845	569	68591723
-16174	4472	705	2078	-3259	-735	8906	200	82	570	2850	570	68591726
-15974	3951	826	2881	-2816	-555	8907	200	82	571	2855	571	68591743
-15970	3218	993	3591	-2570	-446	8908	199	81	572	2860	572	68591761
-16140	2365	1130	4069	-2470	-387	8909	200	80	573	2865	573	68591761
-16370	1538	1345	4214	-2419	-390	8910	202	78	574	2870	574	68591762
-16646	754	1629	4061	-2364	-470	8911	203	79	575	2875	575	68591762
-16943	122	1893	3730	-2275	-606	8912	205	81	576	2880	576	68591762
-17076	-396	2337	3320	-2106	-813	8914	205	77	577	2885	577	68591763
-17084	-728	2818	2916	-1936	-1055	8915	205	73	578	2890	578	68591763
-17094	-919	3037	2544	-1827	-1263	8916	204	74	579	2895	579	68591783
-17103	-1046	3135	2112	-1703	-1453	8916	203	75	580	2900	580	68591803
-17072	-1096	3119	1563	-1532	-1632	8917	201	79	581	2905	581	68591804
-17090	-1078	2921	1004	-1326	-1790	8918	197	85	582	2910	582	68591804
-17164	-917	2545	535	-1098	-1901	8919	197	84	583	2915	583	68591805
-17271	-696	2199	201	-887	-1949	8920	198	82	584	2920	584	68591805
-17390	-467	1810	-57	-712	-1950	8921	200	82	585	2925	585	68591805
-17442	-234	1532	-361	-632	-1906	8923	202	82	586	2930	586	68591806
-17394	-34	1538	-718	-719	-1831	8924	198	80	587	2935	587	68591825
-17357	202	1633	-1078	-895	-1746	8925	195	79	588	2940	588	68591838
-17122	464	1891	-1451	-1074	-1702	8926	199	80	589	2945	589	68591838
-17251	588	1862	-1778	-1212	-1719	8927	202	80	590	2950	590	68591838
-17460	709	1874	-2164	-1151	-1693	8928	203	82	591	2955	591	68591838
-17448	813	2087	-2576	-849	-1664	8929	203	83	592	2960	592	68591838
-17364	884	2397	-2868	-506	-1689	8930	204	78	593	2965	593	68591838
-17131	876	2792	-3026	-283	-1746	8931	204	74	594	2970	594	68591879
-16919	890	3099	-3097	-290	-1780	8932	203	78	595	2975	595	68591893
-16658	900	3333	-3114	-424	-1804	8933	202	80	596	2980	596	68591893
-16463	882	3559	-3072	-607	-1833	8934	203	77	597	2985	597	68591893
-16442	847	3836	-2994	-721	-1888	8935	203	75	598	2990	598	68591893
-16584	705	4156	-2857	-702	-1930	8936	204	77	599	2995	599	68591894
-16418	351	4654	-2800	-648	-1954	8937	205	79	600	3000	600	68591894
-16020	76	5470	-3037	-896	-1957	8938	204	80	601	3005	601	68591894
-14467	-137	6159	-3541	-1462	-2000	8939	204	80	602	3010	602	68591945
-16245	902	6703	-4217	-1903	-2510	8940	201	82	603	3015	603	68591979
-16894	1455	6296	-4871	-1904	-1797	8941	200	82	604	3020	604	68591979
-16110	2026	5888	-5596	-880	-1401	8942	198	75	605	3025	605	68591980
-15442	2585	5712	-6037	393	-1243	8943	197	73	606	3030	606	68591980
-15101	2679	5300	-5695	1045	-1063	8944	198	80	607	3035	607	68591980
-15249	2519	4718	-4883	1046	-890	8945	198	82	608	3040	608	68591980
-15814	2091	3841	-4139	695	-738	8946	202	83	609	3045	609	68591981
-16350	1500	2929	-3822	338	-600	8947	203	83	610	3050	610	68591981
-16740	974	2630	-4220	168	-487	8948	199	79	611	3055	611	68591981
-16942	818	3134	-5359	409	-426	8949	198	78	612	3060	612	68591981
-16910	887	4095	-6714	1174	-457	8950	200	80	613	3065	613	68592002
-16507	1073	5092	-7553	2208	-549	8951	200	80	614	3070	614	68592017
-15912	1157	5532	-7460	2860	-685	8952	200	77	615	3075	615	68592019
-15710	880	4957	-6651	2771	-757	8953	200	76	616	3080	616	68592019
-15824	595	4203	-5797	2196	-738	8954	202	78	617	3085	617	68592019
-16060	435	3616	-5197	1526	-667	8955	202	78	618	3090	618	68592019
-16568	326	3420	-4730	1044	-569	8956	201	81	619	3095	619	68592019
-16742	112	3344	-4550	1051	-524	8957	201	81	620	3100	620	68592019
-16678	-134	3532	-4466	1186	-504	8958	209	81	621	3105	621	68592019
-16482	-304	3732	-4543	1273	-523	8959	209	81	622	3110	622	68592019
-16366	-428	3784	-4679	1246	-563	8960	202	80	623	3115	623	68592019
-16324	-662	3872	-4756	1145	-633	8961	202	80	624	3120	624	68592020
-16446	-864	3958	-4648	1126	-719	8962	205	85	625	3125	625	68592020
-16252	-1020	3904	-4448	1069	-804	8963	205	85	626	3130	626	68592029
-16319	-1103	3696	-4287	929	-1041	8964	206	84	627	3135	627	68592029
-17390	-798	3338	-4136	724	-1116	8965	206	84	628	3140	628	68592029
-17222	-824	3180	-4256	959	-920	8966	206	84	629	3145	629	68592059
-17136	-548	3258	-4785	1316	-882	8967	206	84	630	3150	630	68592060
-16986	-64	3386	-5373	1583	-861	8968	201	85	631	3155	631	68592060
-16842	184	3128	-5694	1738	-818	8969	201	85	632	3160	632	68592060
-16748	252	2668	-5820	1794	-783	8970	207	81	633	3165	633	68592060
-16670	216	2342	-5791	1761	-734	8971	207	81	634	3170	634	68592060
-16766	150	2166	-5776	1668	-679	8972	203	81	635	3175	635	68592060
-16897	330	2238	-5815	1631	-616	8973	203	81	636	3180	636	68592060
-16841	418	2415	-5738	1687	-607	8974	202	82	637	3185	637	68592067
-16768	590	2223	-5560	1737	-623	8975	203	83	638	3190	638	68592097
-16800	680	1886	-5376	1715	-633	8976	207	85	639	3195	639	68592097
-16884	738	1550	-5127	1700	-637	8977	207	85	640	3200	640	68592098
-16924	693	1147	-4834	1730	-660	8978	207	85	641	3205	641	68592098
-16926	740	890	-4622	1742	-685	8979	207	85	642	3210	642	68592099
-17124	730	726	-4486	1676	-668	8980	204	86	643	3215	643	68592100
-17506	730	338	-4318	1666	-619	8981	204	86	644	3220	644	68592101
-17642	622	130	-4065	1905	-600	8982	201	77	645	3225	645	68592102
-17799	726	-67	-3882	2226	-645	8983	202	80	646	3230	646	68592112
-17721	714	-192	-3720	2480	-610	8984	208	90	647	3235	647	68592134
-17552	669	-290	-3597	2519	-607	8985	207	89	648	3240	648	68592134
-17568	678	-360	-3444	2319	-611	8986	205	87	649	3245	649	68592135
-17701	675	-159	-3240	2141	-605	8987	205	86	650	3250	650	68592135
-17760	661	174	-3006	2126	-610	8988	206	82	651	3255	651	68592135
-17777	483	476	-2721	2188	-645	8989	208	84	652	3260	652	68592135
-17536	448	1047	-2480	2164	-681	8990	215	89	653	3265	653	68592145
-17212	543	1486	-2359	2107	-710	8991	213	87	654	3270	654	68592163
-16849	752	1898	-2146	2060	-751	8992	210	84	655	3275	655	68592166
-16567	904	2072	-1655	1960	-795	8993	209	84	656	3280	656	68592166
-16276	987	1970	-1051	1786	-812	8994	208	84	657	3285	657	68592166
-16094	1090	1853	-542	1588	-805	8995	208	84	658	3290	658	68592166
-16050	1292	1870	-99	1398	-782	8996	206	86	659	3295	659	68592167
-16042	1492	1686	242	1226	-736	8997	206	84	660	3300	660	68592169
-16148	1640	1543	581	1094	-679	8998	205	77	661	3305	661	68592181
-16322	1588	1267	920	1001	-592	8999	203	76	662	3310	662	68592200
-16482	1488	1198	1170	954	-510	9000	201	75	663	3315	663	68592200
-16575	1372	1076	1406	880	-423	9001	201	76	664	3320	664	68592201
-16659	1186	979	1699	774	-347	9002	201	77	665	3325	665	68592201
-16731	1017	1066	2027	673	-293	9003	205	77	666	3330	666	68592201
-16677	918	1276	2292	632	-268	9004	210	76	667	3335	667	68592202
-16604	856	1526	2427	599	-267	9005	207	76	668	3340	668	68592212
-16537	849	1703	2473	539	-255	9007	203	77	669	3345	669	68592228
-16498	910	1671	2497	495	-233	9008	205	78	670	3350	670	68592228
-16467	1006	1652	2550	470	-212	9009	207	79	671	3355	671	68592228
-16427	1087	1624	2641	432	-182	9010	207	77	672	3360	672	68592228
-16370	1062	1682	2735	358	-137	9011	207	75	673	3365	673	68592233
-16348	986	1694	2802	253	-67	9011	207	77	674	3370	674	68592249
-16430	964	1564	2862	132	39	9012	206	80	675	3375	675	68592266
-16571	990	1489	2972	17	153	9013	208	80	676	3380	676	68592266
-16711	942	1464	3143	-86	269	9015	211	79	677	3385	677	68592267
-16850	861	1548	3264	-158	384	9016	210	77	678	3390	678	68592267
-16837	816	1502	3244	-205	464	9017	210	76	679	3395	679	68592267
-16748	848	1412	3155	-226	513	9018	209	75	680	3400	680	68592272
-16676	804	1410	3139	-190	518	9019	208	74	681	3405	681	68592289
-16553	681	1306	3222	-97	488	9020	207	74	682	3410	682	68592299
-16452	508	1184	3351	33	430	9021	206	74	683	3415	683	68592299
-16441	268	1155	3473	159	353	9022	205	74	684	3420	684	68592299
-16431	-23	1167	3524	227	272	9023	204	74	685	3425	685	68592299
-16405	-478	1155	3499	219	168	9024	203	75	686	3430	686	68592299
-16478	-927	1068	3443	169	60	9025	203	75	687	3435	687	68592338
-16565	-1369	952	3396	65	-37	9026	204	79	688	3440	688	68592348
-16674	-1810	852	3359	-47	-121	9027	204	80	689	3445	689	68592349
-16748	-2178	788	3290	-179	-218	9028	209	79	690	3450	690	68592349
-16845	-2426	842	3165	-356	-303	9029	213	79	691	3455	691	68592349
-16969	-2558	952	2987	-563	-365	9030	209	77	692	3460	692	68592349
-17143	-2464	968	2768	-768	-436	9031	206	76	693	3465	693	68592349
-17341	-2209	932	2522	-944	-527	9032	207	74	694	3470	694	68592370
-17437	-2006	808	2338	-985	-601	9033	207	73	695	3475	695	68592377
-17487	-1732	687	2185	-925	-674	9034	210	70	696	3480	696	68592377
-17472	-1434	754	2004	-801	-706	9035	211	69	697	3485	697	68592377
-17405	-1044	930	1876	-716	-709	9036	206	74	698	3490	698	68592377
-17353	-599	816	1859	-642	-696	9037	205	75	699	3495	699	68592377
-17104	-335	655	1884	-470	-635	9038	204	73	700	3500	700	68592377
-16922	-150	602	1915	-209	-534	9039	204	72	701	3505	701	68592377
-16866	8	406	1928	12	-450	9040	203	74	702	3510	702	68592384
-17016	36	478	1956	195	-374	9041	203	75	703	3515	703	68592414
-17066	64	622	1982	303	-336	9042	209	73	704	3520	704	68592415
-17176	77	790	1938	351	-320	9043	209	73	705	3525	705	68592415
-17200	27	875	1859	434	-331	9044	210	74	706	3530	706	68592415
-17299	0	994	1781	594	-374	9045	210	74	707	3535	707	68592416
-17338	-30	951	1715	857	-421	9046	205	72	708	3540	708	68592416
-17336	-22	936	1656	1184	-463	9047	204	72	709	3545	709	68592416
-17228	-210	949	1593	1507	-493	9048	205	70	710	3550	710	68592448
-17018	-530	1076	1424	1790	-551	9049	205	69	711	3555	711	68592457
-16864	-816	1430	1192	1876	-607	9050	210	66	712	3560	712	68592457
-16816	-1030	1548	999	1884	-643	9051	210	66	713	3565	713	68592457
-16710	-1138	1710	854	1866	-664	9052	213	73	714	3570	714	68592457
-16616	-1194	1778	752	1874	-673	9053	213	73	715	3575	715	68592458
-16460	-1150	1994	741	1864	-670	9054	208	70	716	3580	716	68592458
-16476	-1116	2060	820	1854	-639	9055	208	70	717	3585	717	68592464
-16510	-1216	2124	955	1769	-585	9056	205	73	718	3590	718	68592489
-16692	-1230	2108	1103	1647	-533	9057	205	73	719	3595	719	68592489
-16852	-1249	2180	1147	1544	-446	9058	210	72	720	3600	720	68592489
-16984	-1204	1918	1083	1515	-382	9059	210	72	721	3605	721	68592489
-17088	-1224	1782	837	1547	-321	9060	207	67	722	3610	722	68592489
-17060	-1204	1448	465	1674	-246	9061	207	67	723	3615	723	68592489
-17058	-1106	1280	79	1800	-154	9062	206	70	724	3620	724	68592490
-17050	-1184	1358	-212	1937	-65	9063	206	70	725	3625	725	68592501
-17062	-1204	1486	-402	2062	34	9064	211	69	726	3630	726	68592522
-17054	-1216	1506	-636	2141	96	9065	211	69	727	3635	727	68592522
-17022	-1142	1449	-914	2234	174	9066	203	61	728	3640	728	68592522
-17062	-1039	1380	-1129	2332	241	9067	204	61	729	3645	729	68592522
-17138	-925	1423	-1346	2458	299	9068	209	63	730	3650	730	68592522
-17077	-782	1488	-1557	2582	363	9069	209	63	731	3655	731	68592524
-17040	-504	1573	-1720	2672	425	9070	211	63	732	3660	732	68592537
-16948	-298	1579	-1794	2725	496	9071	211	63	733	3665	733	68592559
-16859	-91	1474	-1781	2792	598	9072	209	61	734	3670	734	68592559
-16813	19	1427	-1772	2881	691	9073	209	61	735	3675	735	68592559
-16784	136	1451	-1808	2982	753	9074	208	62	736	3680	736	68592559
-16719	216	1564	-1862	3075	804	9075	208	62	737	3685	737	68592559
-16690	275	1545	-1895	3140	854	9076	208	64	738	3690	738	68592567
-16588	237	1500	-1899	3141	912	9077	209	64	739	3695	739	68592598
-16592	118	1401	-1867	3068	965	9078	213	63	740	3700	740	68592601
-16638	-92	1384	-1848	3028	1017	9079	212	64	741	3705	741	68592601
-16720	-114	1330	-1868	3053	1030	9080	206	66	742	3710	742	68592601
-16721	-120	1317	-1890	3147	1039	9081	206	66	743	3715	743	68592601
-16706	-11	1382	-1868	3285	1044	9082	207	65	744	3720	744	68592601
-16660	142	1402	-1765	3416	1049	9083	208	65	745	3725	745	68592603
-16653	256	1276	-1604	3485	1056	9084	209	65	746	3730	746	68592613
-16727	197	1200	-1441	3487	1024	9085	211	64	747	3735	747	68592627
-16780	37	1114	-1335	3488	1023	9086	214	62	748	3740	748	68592627
-16672	26	1140	-1299	3632	1124	9087	211	60	749	3745	749	68592627
-16630	52	1240	-1292	3809	1217	9088	207	57	750	3750	750	68592627
-16671	-7	1220	-1295	3872	1281	9089	208	58	751	3755	751	68592627
-16677	-45	1276	-1298	3894	1359	9090	210	60	752	3760	752	68592628
-16548	-10	1246	-1234	3860	1457	9091	211	58	753	3765	753	68592642
-16491	-44	1264	-1160	3748	1505	9092	213	55	754	3770	754	68592663
-16425	-83	1408	-1123	3651	1525	9093	213	55	755	3775	755	68592663
-16426	-98	1361	-1070	3668	1517	9094	212	54	756	3780	756	68592664
-16386	-138	1190	-965	3772	1502	9095	212	55	757	3785	757	68592664
-16312	-172	1269	-810	3906	1494	9096	211	57	758	3790	758	68592664
-16344	-187	1450	-664	4051	1500	9097	212	55	759	3795	759	68592675
-16364	-271	1700	-615	4177	1502	9098	213	53	760	3800	760	68592695
-16321	-429	1901	-713	4237	1487	9100	209	52	761	3805	761	68592700
-16234	-556	1912	-925	4185	1504	9101	205	51	762	3810	762	68592701
-16126	-708	1779	-1137	4126	1538	9102	209	48	763	3815	763	68592701
-16019	-912	1519	-1252	4171	1562	9103	212	46	764	3820	764	68592701
-15988	-1191	1207	-1253	4293	1552	9104	210	48	765	3825	765	68592701
-16091	-1394	869	-1228	4431	1512	9105	208	50	766	3830	766	68592706
-16129	-1558	642	-1228	4550	1461	9106	210	49	767	3835	767	68592721
-16096	-1704	600	-1278	4632	1406	9106	212	48	768	3840	768	68592731
-16133	-1797	583	-1469	4624	1364	9108	210	49	769	3845	769	68592731
-16244	-1828	330	-1829	4508	1345	9109	208	50	770	3850	770	68592731
-16474	-1826	112	-2275	4394	1333	9110	209	51	771	3855	771	68592731
-16718	-1850	-106	-2722	4381	1339	9111	209	51	772	3860	772	68592731
-16928	-1832	-278	-3090	4532	1353	9112	209	50	773	3865	773	68592731
-17112	-1742	-270	-3329	4804	1382	9113	209	49	774	3870	774	68592753
-17256	-1620	-386	-3435	5108	1446	9114	212	51	775	3875	775	68592768
-17372	-1464	-660	-3544	5374	1548	9115	214	52	776	3880	776	68592769
-17499	-1297	-870	-3761	5546	1691	9116	218	50	777	3885	777	68592769
-17630	-977	-916	-4114	5660	1858	9117	221	49	778	3890	778	68592769
-17865	-567	-1158	-4414	5694	2021	9118	219	47	779	3895	779	68592769
-18296	-70	-1289	-4602	5757	2217	9119	218	46	780	3900	780	68592790
-18891	640	-1306	-4746	5934	2411	9120	216	46	781	3905	781	68592804
-19491	1526	-924	-4863	6116	2633	9121	216	46	782	3910	782	68592806
-19651	2391	-427	-4878	6130	2851	9122	214	45	783	3915	783	68592807
-19344	3342	-138	-4722	5993	3089	9123	213	45	784	3920	784	68592807
-18683	3948	-55	-4321	5739	3303	9124	214	42	785	3925	785	68592808
-17782	3868	-95	-3617	5357	3424	9125	214	40	786	3930	786	68592808
-17262	3270	27	-2785	4864	3422	9126	217	42	787	3935	787	68592814
-16974	2280	140	-1819	4309	3363	9127	218	42	788	3940	788	68592838
-16645	1325	174	-824	3857	3231	9128	213	40	789	3945	789	68592844
-16338	569	202	49	3528	3048	9129	212	40	790	3950	790	68592844
-16038	186	80	730	3244	2855	9130	210	39	791	3955	791	68592844
-15808	179	16	1193	2988	2694	9131	209	39	792	3960	792	68592844
-15592	373	-21	1467	2741	2549	9132	210	37	793	3965	793	68592845
-15638	904	-168	1570	2368	2393	9133	210	36	794	3970	794	68592845
-15866	1442	-424	1585	2037	2311	9134	208	38	795	3975	795	68592859
-16302	1838	-644	1660	1666	2302	9135	208	38	796	3980	796	68592884
-16872	2204	-1040	1777	1315	2373	9136	214	30	797	3985	797	68592884
-17347	2427	-1460	1872	1085	2504	9137	214	30	798	3990	798	68592885
-17780	2586	-1930	1909	889	2685	9138	216	29	799	3995	799	68592885
-18091	2763	-2396	1877	709	2899	9139	217	29	800	4000	800	68592885
-18278	2938	-2973	1785	570	3065	9140	214	29	801	4005	801	68592885
-18188	3436	-3129	1558	508	3182	9141	213	29	802	4010	802	68592885
-17842	3940	-3394	1305	464	3217	9142	214	28	803	4015	803	68592923
-17470	4396	-3478	1106	355	3163	9143	214	28	804	4020	804	68592923
-17110	4712	-3734	1009	137	3060	9144	219	25	805	4025	805	68592924
-16700	5190	-4070	1153	-14	2917	9145	219	25	806	4030	806	68592924
-16342	5456	-4428	1539	-75	2716	9146	208	28	807	4035	807	68592924
-16042	5524	-4978	2063	-30	2481	9147	208	28	808	4040	808	68592924
-15860	5704	-5438	2566	167	2227	9148	216	28	809	4045	809	68592925
-15736	5502	-5790	3106	405	2030	9149	216	28	810	4050	810	68592945
-15843	5098	-6282	3805	358	1867	9150	214	28	811	4055	811	68592974
-15983	4687	-6670	4413	193	1793	9151	214	29	812	4060	812	68592975
-16078	4281	-7162	4976	11	1711	9152	215	31	813	4065	813	68592975
-16090	3916	-7612	5368	-114	1610	9153	215	31	814	4070	814	68592975
-16222	3658	-8168	5597	-169	1474	9154	215	23	815	4075	815	68592975
-16358	3626	-8758	5554	-69	1357	9155	215	23	816	4080	816	68592975
-16624	3656	-9070	5404	119	1279	9156	213	25	817	4085	817	68592975
-16974	3618	-9302	5264	387	1253	9157	213	25	818	4090	818	68592975
-17394	3748	-9438	5074	774	1248	9158	215	23	819	4095	819	68592992
-17806	3824	-10142	4778	1332	1234	9159	216	22	820	4100	820	68593013
-18200	3850	-10542	4518	1886	1223	9160	221	19	821	4105	821	68593016
-18592	3830	-10915	4267	2516	1205	9161	220	20	822	4110	822	68593016
-18838	3816	-11057	3976	3068	1169	9162	217	23	823	4115	823	68593017
-18982	3767	-11142	3724	3480	1100	9163	217	21	824	4120	824	68593017
-19025	3630	-10771	3641	3826	993	9164	217	15	825	4125	825	68593017
-18912	3402	-9968	3803	4065	874	9165	217	16	826	4130	826	68593017
-18710	3102	-8914	4193	4050	763	9166	216	20	827	4135	827	68593018
-18290	2703	-8191	4795	3724	608	9167	214	18	828	4140	828	68593019
-17856	2402	-7890	5322	3417	424	9168	211	13	829	4145	829	68593026
-17146	2300	-7876	5789	3168	136	9169	212	14	830	4150	830	68593044
-16307	2269	-7739	6035	2931	-170	9170	216	16	831	4155	831	68593044
-15308	2282	-7274	5999	2518	-461	9171	216	15	832	4160	832	68593045
-14428	2443	-6734	5706	1854	-722	9172	216	12	833	4165	833	68593045
-13998	2421	-6418	5504	1089	-970	9173	215	13	834	4170	834	68593045
-13765	2234	-6373	5673	441	-1201	9174	212	16	835	4175	835	68593045
-13485	1899	-6296	6162	-88	-1412	9175	213	14	836	4180	836	68593055
-13343	1474	-6411	6672	-796	-1538	9176	217	9	837	4185	837	68593085
-13450	1261	-6574	6831	-1571	-1587	9177	215	10	838	4190	838	68593085
-13670	1112	-6501	6553	-2316	-1566	9178	211	11	839	4195	839	68593085
-13933	1123	-6286	5884	-2892	-1503	9179	214	11	840	4200	840	68593086
-14164	1228	-6081	5023	-3277	-1405	9180	218	12	841	4205	841	68593086
-14194	1366	-5929	4131	-3455	-1260	9181	217	11	842	4210	842	68593097
-14014	1534	-5610	3302	-3434	-1097	9182	216	10	843	4215	843	68593117
-13645	1680	-5296	2480	-3287	-901	9184	215	10	844	4220	844	68593122
-13219	1756	-5057	1780	-3142	-731	9185	213	9	845	4225	845	68593123
-12928	1833	-5050	1250	-3027	-596	9185	213	8	846	4230	846	68593123
-12682	1896	-5460	854	-2904	-457	9186	214	6	847	4235	847	68593123
-12555	1917	-5868	589	-2685	-321	9187	215	7	848	4240	848	68593123
-12608	1892	-5830	197	-2351	-175	9188	217	9	849	4245	849	68593123
-12697	1863	-5438	-527	-2151	-4	9189	217	8	850	4250	850	68593124
-12939	1834	-4752	-1492	-2199	183	9190	217	7	851	4255	851	68593128
-13393	1699	-4056	-2699	-2294	399	9192	214	10	852	4260	852	68593147
-13714	1544	-3620	-3926	-2130	597	9193	211	13	853	4265	853	68593159
-13812	1351	-3096	-4881	-1800	745	9194	215	15	854	4270	854	68593159
-13816	1147	-2406	-5560	-1480	851	9195	218	16	855	4275	855	68593159
-13690	998	-1654	-5989	-1298	920	9196	215	17	856	4280	856	68593159
-13386	880	-965	-6291	-1307	952	9197	213	17	857	4285	857	68593160
-13079	856	-515	-6590	-1489	938	9198	215	14	858	4290	858	68593166
-12860	964	-318	-6896	-1846	893	9199	216	12	859	4295	859	68593216
-12760	1194	-346	-7117	-2309	839	9200	215	11	860	4300	860	68593246
-12884	1440	-516	-7099	-2693	806	9201	215	11	861	4305	861	68593246
-13040	1673	-813	-6751	-3040	801	9202	216	12	862	4310	862	68593247
-13035	1877	-919	-6254	-3574	813	9203	217	13	863	4315	863	68593247
-13026	2125	-953	-5955	-4327	860	9204	217	15	864	4320	864	68593247
-13227	2465	-981	-6000	-5160	936	9205	217	17	865	4325	865	68593247
-13524	2754	-988	-6211	-5904	1009	9206	216	18	866	4330	866	68593253
-13804	3018	-1016	-6347	-6405	1084	9207	216	18	867	4335	867	68593270
-14078	3245	-999	-6344	-6623	1166	9208	217	13	868	4340	868	68593279
-14436	3397	-994	-6159	-6689	1279	9209	218	10	869	4345	869	68593279
-14868	3550	-1188	-5823	-6772	1379	9210	219	19	870	4350	870	68593279
-15258	3662	-1302	-5460	-6845	1428	9211	219	21	871	4355	871	68593279
-15566	3792	-1392	-5173	-6898	1417	9212	218	20	872	4360	872	68593279
-15811	3937	-1756	-4933	-6990	1378	9213	218	20	873	4365	873	68593279
-15962	4140	-2100	-4634	-7137	1326	9214	223	22	874	4370	874	68593279
-16145	4186	-2434	-4246	-7338	1241	9215	224	22	875	4375	875	68593279
-16230	4202	-2782	-3809	-7566	1128	9216	220	24	876	4380	876	68593279
-16241	4191	-3111	-3377	-7754	1005	9217	219	25	877	4385	877	68593279
-16231	4181	-3557	-2795	-7989	816	9218	218	21	878	4390	878	68593279
-16358	4159	-3852	-2198	-8221	606	9219	217	19	879	4395	879	68593285
-16534	4348	-4303	-1529	-8418	366	9220	218	26	880	4400	880	68593286
-16712	4558	-4854	-637	-8465	113	9221	218	28	881	4405	881	68593286
-16831	4656	-4998	305	-8593	-78	9222	217	29	882	4410	882	68593286
-17129	4728	-4724	951	-8912	-158	9223	217	29	883	4415	883	68593296
-17417	5038	-3950	1074	-9186	-181	9224	221	33	884	4420	884	68593315
-17618	5550	-2835	844	-9231	-206	9225	222	34	885	4425	885	68593320
-17712	5960	-1500	720	-8995	-223	9226	213	39	886	4430	886	68593320
-17704	5882	-848	1136	-8620	-227	9227	213	39	887	4435	887	68593320
-17570	5710	-232	1670	-8168	-293	9228	218	32	888	4440	888	68593320
-17142	5394	22	1860	-7811	-374	9229	218	32	889	4445	889	68593321
-16678	5306	176	1817	-7581	-460	9230	221	41	890	4450	890	68593321
-16166	5164	392	1791	-7409	-514	9231	221	41	891	4455	891	68593342
-15874	5047	454	1855	-7394	-549	9232	225	37	892	4460	892	68593349
-15766	4850	312	1993	-7457	-582	9233	226	36	893	4465	893	68593352
-15722	4592	-100	2257	-7612	-593	9234	219	35	894	4470	894	68593353
-15874	4208	-484	2559	-7772	-589	9235	219	35	895	4475	895	68593353
-16068	3930	-920	2884	-7973	-530	9236	218	34	896	4480	896	68593383
-16094	3632	-1398	3085	-8112	-404	9237	218	34	897	4485	897	68593383
-16126	3532	-1610	3134	-8190	-250	9238	220	34	898	4490	898	68593383
-16124	3518	-1716	3159	-8241	-99	9239	220	34	899	4495	899	68593383
-16174	3428	-1454	3321	-8247	41	9240	222	36	900	4500	900	68593383
-16302	3360	-1394	3570	-8197	139	9241	222	36	901	4505	901	68593383
-16424	3316	-1300	3805	-8149	211	9242	217	39	902	4510	902	68593383
-16430	3200	-1170	4117	-8167	229	9243	218	39	903	4515	903	68593390
-16391	3093	-1256	4408	-8172	210	9244	220	38	904	4520	904	68593422
-16504	3020	-1475	4705	-8189	160	9245	220	37	905	4525	905	68593429
-16577	3006	-1681	4992	-8192	77	9246	219	35	906	4530	906	68593429
-16660	3018	-1806	5201	-8118	-11	9247	219	35	907	4535	907	68593429
-16636	2932	-1750	5342	-7984	-117	9248	218	40	908	4540	908	68593438
-16626	2852	-1852	5406	-7872	-212	9249	218	40	909	4545	909	68593450
-16446	2686	-1694	5405	-7787	-264	9250	217	33	910	4550	910	68593450
-16417	2509	-1287	5321	-7760	-300	9251	217	34	911	4555	911	68593450
-16359	2370	-913	5234	-7747	-311	9252	217	37	912	4560	912	68593450
-16340	2207	-460	5139	-7701	-324	9253	217	39	913	4565	913	68593451
-16327	2031	103	5070	-7676	-323	9254	215	45	914	4570	914	68593451
-16261	1877	482	4949	-7754	-312	9255	215	44	915	4575	915	68593451
-16151	1846	675	4789	-7917	-313	9256	217	39	916	4580	916	68593451
-16076	1941	628	4596	-8169	-303	9257	217	41	917	4585	917	68593452
-16101	2020	343	4365	-8404	-326	9258	219	49	918	4590	918	68593452
-16184	2186	-54	4136	-8531	-355	9259	220	47	919	4595	919	68593455
-16202	2571	-223	3956	-8518	-406	9260	221	41	920	4600	920	68593473
-16213	2852	-26	3880	-8438	-426	9261	219	43	921	4605	921	68593491
-16323	3029	318	3875	-8429	-385	9262	215	45	922	4610	922	68593498
-16437	3142	590	3924	-8555	-306	9263	216	47	923	4615	923	68593498
-16737	3268	947	4087	-8843	-189	9264	218	56	924	4620	924	68593498
-16997	3350	1045	4392	-9051	-95	9265	217	55	925	4625	925	68593498
-17177	3372	1125	4820	-9048	-51	9266	213	49	926	4630	926	68593498
-17266	3452	1063	5320	-8934	-69	9267	213	48	927	4635	927	68593498
-17178	3581	984	5763	-8911	-120	9268	213	45	928	4640	928	68593516
-17000	3661	874	6015	-8956	-186	9269	215	48	929	4645	929	68593544
-16934	3759	824	6142	-9073	-253	9270	217	53	930	4650	930	68593545
-16995	3894	738	6167	-9185	-338	9271	218	53	931	4655	931	68593545
-17138	4015	535	6148	-9156	-446	9272	220	54	932	4660	932	68593545
-17325	4035	264	6147	-8936	-586	9273	220	52	933	4665	933	68593545
-17507	3896	-474	6111	-8594	-714	9274	219	49	934	4670	934	68593545
-17986	3540	-1686	5943	-8223	-802	9275	218	51	935	4675	935	68593560
-18951	2963	-2969	5578	-7841	-831	9277	217	55	936	4680	936	68593582
-20086	2429	-3750	5105	-7613	-763	9278	217	54	937	4685	937	68593582
-21125	1956	-4104	4607	-7468	-641	9278	216	52	938	4690	938	68593582
-22135	1483	-3970	4055	-7268	-502	9279	216	52	939	4695	939	68593582
-22805	1032	-3546	3595	-6926	-440	9280	215	51	940	4700	940	68593582
-22867	647	-3150	3243	-6318	-522	9281	217	53	941	4705	941	68593582
-22170	544	-2716	2938	-5459	-728	9282	219	57	942	4710	942	68593586
-20970	754	-2216	2683	-4593	-960	9283	217	57	943	4715	943	68593602
-19588	1187	-1681	2496	-3984	-1131	9285	214	56	944	4720	944	68593619
-18430	1665	-1509	2365	-3848	-1144	9286	212	52	945	4725	945	68593619
-17646	1854	-1802	2193	-3942	-991	9287	210	50	946	4730	946	68593619
-17012	1802	-2256	1804	-3996	-705	9288	214	54	947	4735	947	68593619
-16454	1661	-2542	1045	-3933	-379	9289	216	56	948	4740	948	68593619
-15828	1583	-2312	-77	-3804	-57	9290	217	53	949	4745	949	68593620
-15224	1680	-1619	-1332	-3694	214	9291	217	51	950	4750	950	68593636
-15010	1488	-718	-2347	-3706	400	9292	213	54	951	4755	951	68593653
-14883	1182	253	-2985	-3786	522	9293	210	56	952	4760	952	68593657
-14718	911	1280	-3157	-3871	531	9294	213	57	953	4765	953	68593658
-14788	538	1977	-2817	-3994	417	9295	215	57	954	4770	954	68593658
-15130	110	2472	-2097	-4045	248	9296	217	58	955	4775	955	68593658
-15702	-316	2882	-1292	-3899	40	9297	218	58	956	4780	956	68593658
-16424	-540	3118	-698	-3519	-186	9298	216	56	957	4785	957	68593659
-16984	-567	3220	-448	-2963	-395	9299	215	55	958	4790	958	68593680
-17216	-368	3060	-563	-2401	-617	9300	214	58	959	4795	959	68593694
-17259	32	2768	-984	-2024	-843	9301	214	60	960	4800	960	68593694
-17121	520	2399	-1632	-1940	-1074	9302	210	51	961	4805	961	68593694
-16991	931	1864	-2139	-2110	-1228	9303	208	48	962	4810	962	68593694
-16920	1336	1438	-2464	-2269	-1341	9304	211	56	963	4815	963	68593694
-16833	1634	979	-2591	-2276	-1403	9305	212	58	964	4820	964	68593694
-16772	1955	737	-2514	-2191	-1430	9306	215	60	965	4825	965	68593701
-16700	2107	703	-2271	-2158	-1427	9307	216	60	966	4830	966	68593728
-16690	2352	731	-1838	-2237	-1382	9308	211	58	967	4835	967	68593734
-16719	2440	662	-1318	-2380	-1304	9309	210	58	968	4840	968	68593734
-16827	2503	713	-639	-2521	-1192	9310	213	57	969	4845	969	68593734
-16856	2497	841	-129	-2575	-1061	9311	214	56	970	4850	970	68593734
-16936	2423	978	91	-2509	-973	9312	209	59	971	4855	971	68593734
-16993	2481	1036	98	-2341	-913	9313	208	60	972	4860	972	68593734
-17023	2468	1154	-148	-2108	-869	9314	212	61	973	4865	973	68593762
-16980	2310	1336	-548	-1829	-781	9315	213	61	974	4870	974	68593769
-17203	2680	1712	-1082	-1714	-755	9316	215	60	975	4875	975	68593769
-17220	2646	2046	-1194	-1534	-729	9317	216	60	976	4880	976	68593769
-16904	2390	2366	-1132	-1374	-714	9318	211	62	977	4885	977	68593769
-15500	2658	2792	-1192	-1444	-1061	9319	210	62	978	4890	978	68593769
-17022	2158	2812	-1010	-1712	-1437	9320	210	60	979	4895	979	68593770
-17896	1284	2490	-801	-1881	-734	9321	210	60	980	4900	980	68593778
-17370	1812	2420	-1106	-1950	-634	9322	213	59	981	4905	981	68593805
-16902	1638	2508	-1153	-1531	-734	9323	213	59	982	4910	982	68593806
-16678	1434	2454	-1027	-1193	-793	9324	206	62	983	4915	983	68593806
-16596	1176	2536	-959	-1086	-834	9325	206	62	984	4920	984	68593807
-16546	999	2507	-927	-1088	-890	9326	212	66	985	4925	985	68593807
-16450	896	2542	-927	-1088	-959	9327	213	67	986	4930	986	68593807
-16538	794	2564	-941	-1056	-1023	9328	206	62	987	4935	987	68593808
-16464	778	2766	-957	-970	-1063	9329	206	62	988	4940	988	68593845
-16560	940	2980	-965	-843	-1112	9330	216	66	989	4945	989	68593845
-16394	1060	3152	-1071	-818	-1148	9331	216	66	990	4950	990	68593845
-16230	1344	3316	-1289	-958	-1171	9332	218	64	991	4955	991	68593845
-16382	1558	3276	-1522	-1193	-1135	9333	218	64	992	4960	992	68593845
-16548	1752	3198	-1603	-1360	-1108	9334	205	67	993	4965	993	68593846
-16574	1914	3128	-1473	-1392	-1062	9335	205	67	994	4970	994	68593846
-16662	2059	3049	-1225	-1262	-1041	9336	214	60	995	4975	995	68593859
-16619	2136	2960	-1083	-1141	-1038	9337	213	60	996	4980	996	68593877
-16644	2194	2832	-1074	-1028	-1011	9338	210	60	997	4985	997	68593877
-16616	2137	2663	-1150	-929	-980	9339	210	60	998	4990	998	68593877
-16546	2100	2763	-1242	-874	-958	9340	212	60	999	4995	999	68593877
-16485	2085	2863	-1282	-897	-947	9341	213	60	1000	5000	1000	68593877
-16500	2012	3178	-1256	-978	-936	9342	218	58	1001	5005	1001	68593877
-16434	1914	3182	-1145	-1084	-930	9343	218	58	1002	5010	1002	68593877
-16458	1853	3365	-954	-1113	-930	9344	213	63	1003	5015	1003	68593892
-16449	1724	3337	-770	-1076	-928	9345	213	62	1004	5020	1004	68593914
-16454	1542	3247	-605	-1026	-929	9346	212	56	1005	5025	1005	68593914
-16404	1352	3120	-538	-979	-931	9347	212	57	1006	5030	1006	68593914
-16444	1185	2937	-595	-929	-925	9348	211	63	1007	5035	1007	68593915
-16475	1009	2904	-715	-901	-922	9349	212	63	1008	5040	1008	68593915
-16531	944	2881	-892	-900	-908	9350	215	61	1009	5045	1009	68593922
-16607	889	2965	-1095	-879	-908	9351	214	62	1010	5050	1010	68593952
-16595	905	2971	-1238	-837	-913	9352	210	66	1011	5055	1011	68593952
-16517	944	3160	-1221	-858	-901	9353	212	66	1012	5060	1012	68593952
-16472	978	3240	-1108	-928	-876	9354	216	66	1013	5065	1013	68593952
-16545	1016	3306	-1010	-1023	-878	9355	214	66	1014	5070	1014	68593952
-16655	1120	3415	-943	-1085	-876	9356	210	66	1015	5075	1015	68593953
-16672	1159	3377	-874	-1082	-819	9357	210	66	1016	5080	1016	68593955
-16658	1159	3332	-846	-1008	-782	9358	209	65	1017	5085	1017	68593965
-16631	1203	3433	-874	-978	-752	9359	209	64	1018	5090	1018	68593983
-16614	1306	3462	-915	-998	-751	9360	208	60	1019	5095	1019	68593983
-16617	1343	3410	-987	-990	-755	9361	211	60	1020	5100	1020	68593983
-16632	1374	3320	-1073	-948	-770	9362	215	59	1021	5105	1021	68593983
-16662	1389	3127	-1182	-867	-772	9363	213	60	1022	5110	1022	68593984
-16652	1428	3023	-1269	-759	-781	9364	210	62	1023	5115	1023	68593984
-16628	1425	2958	-1325	-643	-782	9365	211	62	1024	5120	1024	68593998
-16566	1441	2862	-1356	-519	-776	9366	212	62	1025	5125	1025	68594020
-16474	1443	2909	-1357	-435	-767	9367	213	61	1026	5130	1026	68594020
-16434	1377	3063	-1288	-441	-742	9369	214	60	1027	5135	1027	68594021
-16491	1299	3094	-1168	-508	-723	9370	214	62	1028	5140	1028	68594021
