-15565	-2577	-2406	-3041	537	-1992	-489	91	-133	6412	32060	6412	68620974
-15276	-2693	-2392	-3203	512	-2069	-488	91	-132	6413	32065	6413	68620974
-15012	-2716	-2389	-3346	555	-2093	-486	90	-130	6414	32070	6414	68620974
-14788	-2758	-2352	-3473	627	-2075	-486	91	-130	6415	32075	6415	68620975
-14653	-2810	-2378	-3570	696	-2034	-487	93	-131	6416	32080	6416	68620975
-14492	-2787	-2441	-3656	744	-1964	-488	92	-131	6417	32085	6417	68620986
-14391	-2806	-2416	-3751	768	-1869	-490	90	-130	6418	32090	6418	68621005
-14321	-2833	-2464	-3805	723	-1736	-489	91	-130	6419	32095	6419	68621005
-14322	-2779	-2372	-3775	601	-1572	-484	94	-132	6420	32100	6420	68621005
-14352	-2773	-2342	-3683	397	-1351	-486	96	-131	6421	32105	6421	68621006
-14442	-2713	-2332	-3604	209	-1155	-488	98	-130	6422	32110	6422	68621006
-14642	-2678	-2435	-3492	50	-957	-486	96	-129	6423	32115	6423	68621006
-14795	-2700	-2560	-3345	-81	-741	-483	93	-127	6424	32120	6424	68621010
-14852	-2684	-2672	-3223	-215	-514	-484	92	-130	6425	32125	6425	68621026
-14998	-2597	-2758	-3125	-323	-294	-486	90	-134	6426	32130	6426	68621042
-15170	-2495	-2818	-3057	-366	-121	-485	90	-132	6427	32135	6427	68621042
-15277	-2441	-2790	-2985	-358	8	-483	89	-129	6428	32140	6428	68621042
-15391	-2350	-2824	-2866	-310	115	-485	90	-129	6429	32145	6429	68621043
-15510	-2218	-2829	-2725	-213	170	-486	90	-128	6430	32150	6430	68621044
-15658	-2177	-2844	-2589	-106	189	-486	94	-128	6431	32155	6431	68621044
-15764	-2160	-2955	-2468	6	181	-486	96	-128	6432	32160	6432	68621054
-15874	-2179	-3003	-2368	146	153	-484	95	-128	6433	32165	6433	68621072
-15964	-2161	-3000	-2267	300	126	-482	94	-128	6434	32170	6434	68621079
-15990	-2118	-3004	-2173	485	107	-484	93	-127	6435	32175	6435	68621079
-16070	-2149	-3032	-2096	653	97	-486	92	-126	6436	32180	6436	68621079
-16161	-2176	-3020	-2026	817	101	-486	92	-125	6437	32185	6437	68621079
-16221	-2164	-2963	-1962	965	146	-486	92	-124	6438	32190	6438	68621079
-16223	-2140	-2939	-1898	1049	218	-484	89	-123	6439	32195	6439	68621086
-16283	-2120	-2896	-1822	1092	316	-483	87	-123	6440	32200	6440	68621114
-16325	-2059	-2862	-1746	1103	444	-483	91	-122	6441	32205	6441	68621131
-16376	-2061	-2882	-1664	1103	585	-483	93	-121	6442	32210	6442	68621131
-16385	-2040	-2888	-1579	1114	747	-484	91	-126	6443	32215	6443	68621131
-16371	-2021	-2908	-1489	1135	924	-484	90	-130	6444	32220	6444	68621132
-16320	-1992	-2846	-1398	1146	1086	-485	91	-130	6445	32225	6445	68621132
-16218	-1866	-2771	-1298	1126	1254	-486	92	-130	6446	32230	6446	68621132
-16126	-1859	-2825	-1198	1073	1377	-488	90	-129	6447	32235	6447	68621137
-16030	-1770	-2821	-1105	1011	1464	-489	89	-129	6448	32240	6448	68621163
-16085	-1756	-2805	-1025	910	1513	-491	87	-129	6449	32245	6449	68621169
-16059	-1638	-2788	-965	803	1529	-491	87	-129	6450	32250	6450	68621170
-16091	-1645	-2672	-896	708	1507	-486	93	-131	6451	32255	6451	68621170
-16121	-1638	-2639	-843	611	1487	-485	95	-131	6452	32260	6452	68621170
-16184	-1621	-2531	-767	554	1435	-489	93	-129	6453	32265	6453	68621170
-16235	-1604	-2557	-665	521	1369	-490	92	-128	6454	32270	6454	68621171
-16188	-1651	-2631	-545	541	1306	-486	93	-129	6455	32275	6455	68621171
-16153	-1632	-2691	-458	605	1260	-485	93	-129	6456	32280	6456	68621171
-16068	-1661	-2641	-405	674	1227	-487	92	-123	6457	32285	6457	68621172
-15950	-1643	-2666	-355	727	1198	-488	92	-122	6458	32290	6458	68621172
-15784	-1401	-2391	-265	769	1162	-487	93	-126	6459	32295	6459	68621200
-15762	-1689	-2570	13	668	1154	-487	93	-127	6460	32300	6460	68621207
-15812	-1819	-2632	78	559	1191	-492	87	-132	6461	32305	6461	68621207
-15832	-1867	-2714	89	491	1217	-493	85	-133	6462	32310	6462	68621207
-15718	-2038	-2784	163	470	1271	-493	89	-125	6463	32315	6463	68621237
-15730	-2186	-2804	259	428	1358	-493	89	-125	6464	32320	6464	68621238
-15716	-2252	-2826	358	366	1428	-489	91	-133	6465	32325	6465	68621238
-15758	-2382	-2828	496	297	1482	-489	91	-133	6466	32330	6466	68621238
-15830	-2688	-2990	612	252	1556	-493	87	-127	6467	32335	6467	68621239
-15856	-2756	-3062	744	287	1595	-493	87	-127	6468	32340	6468	68621239
-15892	-2656	-3030	884	367	1613	-495	91	-133	6469	32345	6469	68621240
-15986	-3108	-3248	1179	445	1619	-495	91	-133	6470	32350	6470	68621240
-15994	-3214	-3421	1194	617	1649	-489	91	-127	6471	32355	6471	68621252
-15975	-3201	-3494	1136	781	1659	-490	91	-127	6472	32360	6472	68621274
-15912	-3264	-3516	1113	917	1660	-492	90	-126	6473	32365	6473	68621274
-15874	-3192	-3476	1126	1047	1670	-492	90	-126	6474	32370	6474	68621274
-15788	-3148	-3530	1113	1111	1683	-488	88	-126	6475	32375	6475	68621274
-15678	-3062	-3538	1089	1091	1702	-488	88	-126	6476	32380	6476	68621274
-15660	-2966	-3558	1038	1023	1706	-494	90	-128	6477	32385	6477	68621274
-15656	-2796	-3640	984	925	1709	-494	90	-128	6478	32390	6478	68621274
-15714	-2640	-3620	947	790	1718	-492	90	-128	6479	32395	6479	68621311
-15737	-2441	-3644	903	680	1707	-492	90	-128	6480	32400	6480	68621314
-15807	-2299	-3677	832	589	1721	-492	92	-128	6481	32405	6481	68621315
-15822	-2161	-3671	728	500	1730	-493	91	-128	6482	32410	6482	68621315
-15829	-1994	-3720	655	413	1726	-496	86	-126	6483	32415	6483	68621315
-15822	-1906	-3733	661	368	1732	-496	87	-127	6484	32420	6484	68621315
-15825	-1842	-3842	713	323	1743	-497	89	-129	6485	32425	6485	68621317
-15782	-1786	-3948	766	290	1759	-496	89	-128	6486	32430	6486	68621335
-15796	-1682	-4023	853	250	1783	-494	88	-126	6487	32435	6487	68621383
-15830	-1711	-4216	1055	197	1777	-497	89	-126	6488	32440	6488	68621384
-15834	-1789	-4396	1244	198	1776	-501	91	-125	6489	32445	6489	68621384
-15900	-1771	-4514	1424	268	1811	-501	91	-129	6490	32450	6490	68621385
-16035	-1815	-4598	1624	376	1830	-500	90	-134	6491	32455	6491	68621385
-16173	-1924	-4638	1836	492	1841	-499	90	-133	6492	32460	6492	68621385
-16361	-2048	-4474	2069	576	1873	-497	89	-131	6493	32465	6493	68621386
-16652	-2226	-4200	2237	552	1908	-497	90	-130	6494	32470	6494	68621394
-17032	-2415	-3878	2382	398	1942	-497	93	-125	6495	32475	6495	68621427
-17516	-2640	-3455	2534	83	1984	-498	90	-129	6496	32480	6496	68621435
-18018	-2907	-3128	2626	-263	1998	-500	86	-134	6497	32485	6497	68621435
-18492	-3202	-2787	2648	-623	1991	-502	87	-132	6498	32490	6498	68621435
-18979	-3454	-2439	2567	-950	1948	-506	88	-130	6499	32495	6499	68621435
-19440	-3651	-2031	2436	-1223	1864	-506	88	-127	6500	32500	6500	68621435
-19861	-3829	-1622	2285	-1448	1753	-506	88	-122	6501	32505	6501	68621439
-20265	-3999	-1244	2106	-1629	1601	-504	86	-124	6502	32510	6502	68621456
-20626	-4098	-864	1893	-1801	1419	-500	84	-126	6503	32515	6503	68621475
-21070	-4088	-390	1610	-2034	1192	-501	86	-127	6504	32520	6504	68621476
-21539	-4075	-2	1260	-2287	921	-502	88	-128	6505	32525	6505	68621476
-21914	-3990	201	895	-2448	645	-500	88	-129	6506	32530	6506	68621476
-22159	-3820	330	506	-2486	352	-498	88	-130	6507	32535	6507	68621476
-22273	-3587	361	107	-2401	45	-499	88	-130	6508	32540	6508	68621477
-22176	-3302	328	-304	-2211	-263	-500	88	-130	6509	32545	6509	68621477
-21984	-2972	261	-703	-1971	-512	-503	90	-131	6510	32550	6510	68621478
-21743	-2657	153	-1106	-1702	-749	-506	92	-132	6511	32555	6511	68621478
-21254	-2349	44	-1577	-1362	-1023	-505	88	-129	6512	32560	6512	68621478
-20662	-2111	-113	-2024	-1016	-1250	-503	83	-125	6513	32565	6513	68621479
-20115	-1863	-323	-2398	-718	-1440	-498	84	-125	6514	32570	6514	68621484
-19526	-1676	-443	-2764	-436	-1588	-495	85	-125	6515	32575	6515	68621488
-18971	-1619	-532	-3106	-162	-1677	-502	87	-127	6516	32580	6516	68621488
-18369	-1496	-744	-3404	85	-1754	-507	89	-129	6517	32585	6517	68621488
-17806	-1421	-848	-3657	292	-1807	-503	90	-128	6518	32590	6518	68621506
-17321	-1366	-898	-3864	441	-1811	-501	91	-127	6519	32595	6519	68621518
-16872	-1277	-972	-4029	526	-1761	-502	84	-128	6520	32600	6520	68621518
-16392	-1173	-1062	-4150	549	-1635	-502	80	-128	6521	32605	6521	68621518
-15936	-1128	-1073	-4200	483	-1445	-498	84	-127	6522	32610	6522	68621518
-15627	-1106	-1110	-4210	338	-1196	-497	85	-127	6523	32615	6523	68621518
-15367	-1075	-1102	-4179	82	-874	-500	90	-127	6524	32620	6524	68621518
-15074	-913	-1066	-4138	-248	-489	-501	91	-127	6525	32625	6525	68621525
-15006	-786	-964	-4051	-641	-70	-505	89	-126	6526	32630	6526	68621550
-15095	-538	-780	-3914	-1075	398	-506	88	-126	6527	32635	6527	68621556
-15123	-312	-668	-3682	-1501	876	-502	89	-125	6528	32640	6528	68621556
-15274	-104	-621	-3342	-1851	1333	-501	89	-125	6529	32645	6529	68621556
-15518	63	-531	-2903	-2076	1765	-499	87	-127	6530	32650	6530	68621557
-15805	332	-472	-2414	-2154	2144	-499	87	-127	6531	32655	6531	68621557
-16045	571	-286	-1893	-2119	2461	-503	88	-125	6532	32660	6532	68621557
-16191	850	-101	-1347	-2001	2722	-504	88	-124	6533	32665	6533	68621557
-16378	1161	201	-821	-1844	2920	-500	89	-123	6534	32670	6534	68621558
-16373	1458	482	-330	-1679	3061	-499	89	-123	6535	32675	6535	68621577
-16348	1713	853	116	-1539	3137	-503	87	-121	6536	32680	6536	68621591
-16330	1988	1233	501	-1453	3159	-504	86	-120	6537	32685	6537	68621593
-16216	2286	1746	885	-1395	3109	-503	87	-119	6538	32690	6538	68621593
-16236	2474	2004	1130	-1365	3037	-503	87	-119	6539	32695	6539	68621593
-16142	2706	2342	1302	-1372	2911	-506	88	-118	6540	32700	6540	68621593
-16044	2750	2504	1401	-1386	2743	-506	88	-118	6541	32705	6541	68621593
-16018	2788	2762	1375	-1390	2517	-506	84	-120	6542	32710	6542	68621622
-15958	2906	2800	1286	-1386	2259	-506	84	-120	6543	32715	6543	68621633
-15900	3108	2950	1160	-1358	1996	-501	93	-123	6544	32720	6544	68621633
-15846	3136	2964	1047	-1329	1735	-501	93	-123	6545	32725	6545	68621634
-15723	3180	2970	946	-1303	1471	-504	86	-126	6546	32730	6546	68621634
-15678	3125	2844	924	-1273	1307	-505	85	-126	6547	32735	6547	68621634
-15586	3120	2646	925	-1272	1196	-509	81	-127	6548	32740	6548	68621635
-15608	3022	2368	917	-1315	1088	-509	81	-127	6549	32745	6549	68621635
-15612	2864	2048	937	-1359	1011	-503	85	-121	6550	32750	6550	68621659
-15768	2746	1730	974	-1419	944	-503	85	-121	6551	32755	6551	68621670
-15910	2658	1542	1002	-1498	941	-503	87	-123	6552	32760	6552	68621670
-16142	2268	1350	1047	-1482	936	-503	87	-123	6553	32765	6553	68621670
-16342	2022	1225	974	-1357	967	-502	92	-120	6554	32770	6554	68621671
-16502	1788	1094	824	-1256	1012	-504	91	-119	6555	32775	6555	68621671
-16692	1646	1070	620	-1200	1088	-511	87	-117	6556	32780	6556	68621671
-16864	1446	965	372	-1190	1177	-509	87	-119	6557	32785	6557	68621671
-16990	1242	958	90	-1194	1265	-502	88	-126	6558	32790	6558	68621678
-17132	1075	910	-215	-1215	1358	-502	88	-125	6559	32795	6559	68621700
-17333	913	862	-511	-1259	1463	-502	86	-120	6560	32800	6560	68621700
-17452	695	865	-801	-1337	1565	-504	86	-122	6561	32805	6561	68621700
-17543	537	990	-1116	-1466	1647	-511	85	-129	6562	32810	6562	68621700
-17786	437	1107	-1434	-1671	1708	-511	85	-127	6563	32815	6563	68621700
-17994	275	1304	-1651	-1902	1732	-510	86	-124	6564	32820	6564	68621700
-18196	182	1433	-1825	-2185	1753	-509	87	-123	6565	32825	6565	68621716
-18426	152	1514	-1954	-2443	1754	-508	88	-122	6566	32830	6566	68621738
-18636	132	1558	-2037	-2619	1738	-507	88	-122	6567	32835	6567	68621738
-18857	114	1574	-2098	-2701	1718	-505	89	-121	6568	32840	6568	68621738
-18982	120	1454	-2113	-2610	1679	-506	88	-121	6569	32845	6569	68621738
-18906	223	1383	-2092	-2328	1616	-511	85	-119	6570	32850	6570	68621738
-18787	364	1161	-2041	-1845	1554	-509	85	-120	6571	32855	6571	68621742
-18564	553	1095	-1970	-1356	1480	-507	85	-121	6572	32860	6572	68621760
-18263	724	1027	-1862	-872	1421	-508	85	-120	6573	32865	6573	68621783
-17894	871	913	-1765	-438	1383	-509	85	-119	6574	32870	6574	68621789
-17541	1001	754	-1710	-101	1358	-509	85	-118	6575	32875	6575	68621789
-17167	1130	653	-1701	119	1353	-509	85	-117	6576	32880	6576	68621789
-16831	1284	595	-1727	240	1356	-511	83	-117	6577	32885	6577	68621790
-16530	1366	476	-1755	265	1345	-514	80	-116	6578	32890	6578	68621790
-16159	1469	385	-1795	214	1354	-511	82	-115	6579	32895	6579	68621802
-15918	1534	297	-1835	114	1373	-508	84	-114	6580	32900	6580	68621813
-15741	1595	164	-1870	15	1376	-512	83	-117	6581	32905	6581	68621813
-15582	1638	40	-1884	-86	1376	-515	83	-119	6582	32910	6582	68621813
-15455	1588	-83	-1893	-190	1367	-515	84	-117	6583	32915	6583	68621813
-15320	1591	-143	-1907	-286	1333	-515	85	-115	6584	32920	6584	68621813
-15277	1575	-135	-1889	-384	1292	-514	87	-116	6585	32925	6585	68621813
-15302	1487	-79	-1837	-509	1249	-512	88	-116	6586	32930	6586	68621813
-15345	1379	19	-1766	-699	1196	-511	89	-116	6587	32935	6587	68621828
-15444	1276	94	-1711	-941	1153	-510	90	-116	6588	32940	6588	68621850
-15613	1225	246	-1676	-1216	1116	-513	86	-114	6589	32945	6589	68621855
-15836	1168	433	-1645	-1512	1086	-515	83	-113	6590	32950	6590	68621855
-16078	1128	472	-1607	-1804	1072	-512	81	-116	6591	32955	6591	68621856
-16391	1114	522	-1598	-2049	1069	-510	80	-118	6592	32960	6592	68621856
-16674	1152	626	-1619	-2222	1077	-510	84	-118	6593	32965	6593	68621857
-16994	1211	656	-1641	-2310	1091	-510	86	-118	6594	32970	6594	68621861
-17284	1238	679	-1649	-2298	1111	-510	85	-116	6595	32975	6595	68621879
-17521	1400	767	-1654	-2177	1150	-510	84	-114	6596	32980	6596	68621890
-17722	1538	886	-1687	-1968	1184	-509	78	-112	6597	32985	6597	68621890
-17885	1627	884	-1736	-1690	1181	-509	77	-111	6598	32990	6598	68621890
-17921	1786	921	-1763	-1354	1150	-514	82	-111	6599	32995	6599	68621891
-17952	1939	961	-1790	-1027	1101	-515	83	-111	6600	33000	6600	68621891
-17896	2126	994	-1830	-713	1015	-513	85	-112	6601	33005	6601	68621891
-17800	2276	1005	-1897	-417	892	-512	86	-112	6602	33010	6602	68621905
-17676	2443	1011	-1994	-129	760	-515	83	-110	6603	33015	6603	68621923
-17406	2582	1042	-2182	220	585	-516	82	-110	6604	33020	6604	68621927
-17258	2624	1060	-2294	443	450	-518	89	-108	6605	33025	6605	68621927
-16994	2683	1000	-2404	656	291	-518	90	-108	6606	33030	6606	68621928
-16734	2706	966	-2520	840	125	-516	90	-108	6607	33035	6607	68621928
-16529	2687	991	-2594	978	-34	-516	90	-108	6608	33040	6608	68621929
-16420	2634	910	-2646	1034	-179	-514	88	-115	6609	33045	6609	68621935
-16357	2510	934	-2676	1019	-317	-513	87	-117	6610	33050	6610	68621971
-16253	2389	1066	-2673	939	-434	-513	79	-117	6611	33055	6611	68621981
-16321	2156	1096	-2651	851	-558	-513	77	-117	6612	33060	6612	68621981
-16396	2068	1028	-2605	776	-708	-513	75	-119	6613	33065	6613	68621981
-16438	1878	900	-2558	797	-826	-513	75	-119	6614	33070	6614	68621982
-16574	1684	936	-2542	875	-931	-509	79	-113	6615	33075	6615	68621982
-16562	1540	874	-2555	986	-1060	-509	79	-113	6616	33080	6616	68621982
-16528	1372	750	-2590	1140	-1172	-512	84	-112	6617	33085	6617	68622029
-16384	1200	638	-2622	1310	-1291	-512	84	-112	6618	33090	6618	68622029
-16342	1116	772	-2649	1452	-1417	-512	86	-118	6619	33095	6619	68622029
-16222	1016	758	-2660	1537	-1505	-512	86	-118	6620	33100	6620	68622029
-16145	922	790	-2710	1493	-1582	-512	86	-114	6621	33105	6621	68622029
-16161	877	723	-2732	1367	-1638	-513	86	-114	6622	33110	6622	68622029
-16157	813	729	-2769	1203	-1669	-517	85	-113	6623	33115	6623	68622029
-16202	758	662	-2808	1070	-1701	-517	85	-113	6624	33120	6624	68622029
-16328	724	516	-2890	954	-1760	-509	87	-113	6625	33125	6625	68622040
-16414	704	430	-2985	851	-1807	-509	87	-113	6626	33130	6626	68622060
-16498	642	324	-3098	773	-1846	-510	88	-114	6627	33135	6627	68622060
-16508	678	240	-3207	764	-1898	-510	88	-114	6628	33140	6628	68622060
-16574	651	44	-3310	884	-1969	-508	86	-112	6629	33145	6629	68622060
-16588	778	-55	-3365	1081	-2041	-509	87	-113	6630	33150	6630	68622060
-16552	780	-74	-3393	1317	-2113	-513	91	-115	6631	33155	6631	68622060
-16513	859	-145	-3380	1549	-2179	-512	89	-114	6632	33160	6632	68622060
-16392	935	-172	-3321	1756	-2262	-510	80	-110	6633	33165	6633	68622060
-16272	983	-169	-3259	1909	-2325	-510	80	-112	6634	33170	6634	68622060
-16114	1080	-295	-3218	1984	-2388	-512	82	-118	6635	33175	6635	68622060
-15958	1179	-302	-3204	1998	-2488	-512	82	-117	6636	33180	6636	68622062
-15758	1294	-192	-3237	1953	-2594	-510	84	-114	6637	33185	6637	68622076
-15592	1473	-202	-3319	1863	-2724	-511	84	-115	6638	33190	6638	68622096
-15504	1686	-131	-3420	1729	-2854	-512	84	-116	6639	33195	6639	68622097
-15524	1890	-57	-3549	1557	-2978	-512	85	-117	6640	33200	6640	68622097
-15642	2088	-63	-3710	1364	-3109	-513	87	-119	6641	33205	6641	68622097
-15890	2255	-25	-3897	1155	-3241	-512	86	-117	6642	33210	6642	68622098
-16139	2406	97	-4076	980	-3336	-510	84	-114	6643	33215	6643	68622098
-16433	2521	202	-4236	845	-3411	-510	84	-114	6644	33220	6644	68622102
-16923	2655	288	-4423	688	-3464	-509	83	-115	6645	33225	6645	68622120
-17572	2650	569	-4576	561	-3475	-508	84	-116	6646	33230	6646	68622131
-18204	2540	802	-4673	532	-3451	-507	85	-117	6647	33235	6647	68622131
-18834	2320	1004	-4730	623	-3391	-506	86	-116	6648	33240	6648	68622132
-19364	2053	1240	-4718	833	-3283	-505	87	-115	6649	33245	6649	68622132
-19746	1809	1386	-4609	1124	-3127	-503	89	-115	6650	33250	6650	68622132
-20032	1470	1550	-4394	1455	-2916	-499	91	-115	6651	33255	6651	68622142
-20132	1076	1731	-4061	1788	-2666	-501	86	-116	6652	33260	6652	68622159
-20094	696	1888	-3612	2083	-2396	-503	79	-117	6653	33265	6653	68622162
-19932	276	1915	-3057	2322	-2092	-504	81	-117	6654	33270	6654	68622162
-19666	-71	1776	-2531	2489	-1799	-505	83	-117	6655	33275	6655	68622162
-19302	-347	1654	-2128	2649	-1573	-506	85	-116	6656	33280	6656	68622163
-18844	-572	1585	-1811	2859	-1374	-506	86	-116	6657	33285	6657	68622163
-18298	-654	1517	-1586	3120	-1230	-505	87	-117	6658	33290	6658	68622163
-17654	-676	1407	-1428	3395	-1147	-505	87	-117	6659	33295	6659	68622185
-17007	-690	1316	-1351	3634	-1076	-508	86	-114	6660	33300	6660	68622199
-16321	-648	1260	-1365	3806	-1018	-510	86	-112	6661	33305	6661	68622199
-15604	-583	1226	-1445	3868	-970	-509	84	-116	6662	33310	6662	68622199
-15026	-537	1148	-1577	3795	-924	-508	82	-118	6663	33315	6663	68622199
-14512	-385	1088	-1739	3601	-869	-503	86	-119	6664	33320	6664	68622206
-14071	-292	964	-1901	3294	-819	-499	89	-119	6665	33325	6665	68622226
-13780	-194	814	-2045	2918	-778	-503	87	-117	6666	33330	6666	68622237
-13642	-50	661	-2158	2498	-745	-505	85	-115	6667	33335	6667	68622237
-13632	22	563	-2215	2065	-726	-501	86	-118	6668	33340	6668	68622238
-13736	80	508	-2210	1668	-715	-498	86	-120	6669	33345	6669	68622238
-13903	115	425	-2142	1352	-705	-502	85	-119	6670	33350	6670	68622238
-14202	76	302	-2008	1063	-690	-504	84	-118	6671	33355	6671	68622251
-14590	51	285	-1846	855	-684	-502	83	-119	6672	33360	6672	68622270
-14950	-58	339	-1685	680	-678	-501	83	-119	6673	33365	6673	68622275
-15396	-146	251	-1550	521	-650	-503	84	-117	6674	33370	6674	68622275
-15794	-200	300	-1459	394	-630	-504	84	-116	6675	33375	6675	68622275
-16204	-335	384	-1418	296	-633	-503	88	-120	6676	33380	6676	68622275
-16598	-467	454	-1438	252	-649	-503	89	-121	6677	33385	6677	68622276
-16871	-558	569	-1527	250	-657	-501	88	-120	6678	33390	6678	68622283
-17324	-560	658	-1689	264	-661	-500	88	-120	6679	33395	6679	68622314
-17592	-644	862	-1855	288	-645	-505	81	-121	6680	33400	6680	68622315
-17832	-681	917	-2001	342	-622	-505	81	-121	6681	33405	6681	68622315
-18035	-766	995	-2181	452	-593	-500	84	-119	6682	33410	6682	68622315
-18104	-802	1054	-2359	610	-559	-499	85	-119	6683	33415	6683	68622315
-18130	-780	1190	-2524	793	-514	-500	89	-117	6684	33420	6684	68622316
-18076	-785	1182	-2662	996	-494	-500	90	-116	6685	33425	6685	68622316
-17932	-777	1110	-2759	1204	-480	-499	89	-118	6686	33430	6686	68622321
-17770	-726	1132	-2795	1414	-446	-499	89	-119	6687	33435	6687	68622347
-17571	-713	1100	-2778	1613	-444	-501	85	-119	6688	33440	6688	68622353
-17362	-712	1048	-2750	1809	-451	-504	80	-120	6689	33445	6689	68622353
-17178	-666	1038	-2677	1909	-465	-501	83	-119	6690	33450	6690	68622353
-16942	-546	986	-2587	1953	-505	-501	83	-119	6691	33455	6691	68622353
-16862	-550	970	-2492	1945	-535	-499	85	-119	6692	33460	6692	68622353
-16698	-460	816	-2404	1913	-581	-499	85	-119	6693	33465	6693	68622353
-16660	-384	732	-2308	1850	-605	-505	85	-121	6694	33470	6694	68622390
-16542	-324	652	-2226	1783	-605	-505	85	-121	6695	33475	6695	68622390
-16489	-290	560	-2164	1706	-632	-505	89	-123	6696	33480	6696	68622390
-16445	-263	492	-2164	1606	-670	-504	89	-122	6697	33485	6697	68622390
-16508	-223	357	-2198	1497	-696	-500	88	-120	6698	33490	6698	68622390
-16511	-187	299	-2277	1383	-723	-500	87	-120	6699	33495	6699	68622391
-16496	-114	262	-2362	1276	-749	-497	81	-117	6700	33500	6700	68622391
-16540	-126	232	-2449	1171	-770	-497	81	-117	6701	33505	6701	68622391
-16496	-198	88	-2534	1069	-797	-498	88	-122	6702	33510	6702	68622399
-16500	-240	154	-2630	976	-826	-498	88	-122	6703	33515	6703	68622428
-16533	-258	160	-2735	860	-868	-506	86	-126	6704	33520	6704	68622428
-16667	-303	200	-2803	752	-896	-505	86	-125	6705	33525	6705	68622429
-16773	-370	243	-2838	610	-914	-499	87	-121	6706	33530	6706	68622429
-16894	-444	322	-2813	472	-899	-500	87	-121	6707	33535	6707	68622429
-16906	-514	317	-2757	356	-871	-503	87	-119	6708	33540	6708	68622429
-16874	-647	357	-2689	264	-846	-503	86	-119	6709	33545	6709	68622437
-16919	-658	250	-2624	234	-800	-502	82	-118	6710	33550	6710	68622465
-16878	-646	278	-2543	229	-759	-502	82	-119	6711	33555	6711	68622465
-16905	-632	248	-2444	257	-695	-501	83	-125	6712	33560	6712	68622465
-16858	-630	194	-2374	267	-600	-502	83	-124	6713	33565	6713	68622465
-16794	-602	185	-2347	259	-532	-503	83	-123	6714	33570	6714	68622466
-16691	-578	213	-2354	242	-477	-502	84	-123	6715	33575	6715	68622466
-16621	-501	300	-2394	211	-438	-500	86	-124	6716	33580	6716	68622470
-16561	-456	335	-2464	152	-420	-502	88	-122	6717	33585	6717	68622487
-16452	-424	390	-2545	57	-405	-504	90	-120	6718	33590	6718	68622506
-16355	-385	429	-2613	-64	-396	-502	88	-120	6719	33595	6719	68622507
-16333	-377	484	-2675	-210	-388	-499	85	-119	6720	33600	6720	68622507
-16309	-389	500	-2776	-401	-368	-499	86	-118	6721	33605	6721	68622507
-16284	-338	482	-2852	-563	-352	-499	87	-117	6722	33610	6722	68622508
-16280	-337	412	-2932	-703	-348	-500	85	-119	6723	33615	6723	68622508
-16223	-350	457	-3006	-821	-355	-501	81	-123	6724	33620	6724	68622521
-16248	-391	454	-3048	-911	-380	-502	81	-121	6725	33625	6725	68622540
-16250	-416	430	-3081	-985	-418	-503	81	-119	6726	33630	6726	68622540
-16202	-390	444	-3121	-1051	-456	-502	81	-117	6727	33635	6727	68622540
-16237	-431	475	-3147	-1121	-508	-501	81	-115	6728	33640	6728	68622540
-16252	-489	498	-3158	-1217	-564	-502	83	-118	6729	33645	6729	68622541
-16272	-540	527	-3154	-1339	-607	-503	85	-121	6730	33650	6730	68622541
-16312	-634	682	-3145	-1477	-654	-502	85	-121	6731	33655	6731	68622548
-16362	-739	826	-3127	-1634	-689	-501	85	-121	6732	33660	6732	68622569
-16456	-786	850	-3115	-1796	-713	-503	84	-119	6733	33665	6733	68622580
-16549	-893	831	-3116	-1952	-754	-505	83	-117	6734	33670	6734	68622581
-16664	-1001	907	-3132	-2098	-803	-503	81	-121	6735	33675	6735	68622581
-16810	-1104	976	-3148	-2226	-855	-502	80	-124	6736	33680	6736	68622581
-16876	-1238	1067	-3162	-2372	-924	-503	85	-117	6737	33685	6737	68622581
-16937	-1273	1138	-3188	-2482	-1002	-503	87	-115	6738	33690	6738	68622581
-16989	-1296	1240	-3212	-2583	-1089	-501	88	-117	6739	33695	6739	68622597
-17047	-1350	1348	-3236	-2681	-1186	-500	88	-118	6740	33700	6740	68622614
-17113	-1430	1402	-3245	-2753	-1267	-499	85	-119	6741	33705	6741	68622618
-17106	-1494	1419	-3266	-2802	-1344	-499	83	-119	6742	33710	6742	68622618
-17067	-1492	1462	-3315	-2835	-1425	-500	80	-116	6743	33715	6743	68622618
-16995	-1527	1429	-3379	-2865	-1495	-500	78	-114	6744	33720	6744	68622618
-16878	-1537	1433	-3457	-2899	-1564	-497	82	-113	6745	33725	6745	68622618
-16704	-1555	1423	-3547	-2958	-1652	-495	85	-113	6746	33730	6746	68622618
-16595	-1558	1357	-3615	-3055	-1725	-497	83	-112	6747	33735	6747	68622667
-16524	-1554	1270	-3668	-3164	-1781	-498	82	-112	6748	33740	6748	68622697
-16491	-1559	1167	-3714	-3291	-1828	-500	79	-118	6749	33745	6749	68622702
-16345	-1619	1077	-3740	-3366	-1856	-500	78	-120	6750	33750	6750	68622702
-16267	-1632	1090	-3789	-3377	-1883	-500	80	-115	6751	33755	6751	68622702
-16107	-1658	1056	-3832	-3311	-1928	-500	80	-114	6752	33760	6752	68622702
-15926	-1632	1081	-3852	-3193	-1981	-497	80	-114	6753	33765	6753	68622702
-15606	-1670	968	-3842	-3017	-2057	-496	80	-114	6754	33770	6754	68622702
-15500	-1810	702	-3867	-2882	-2129	-497	81	-113	6755	33775	6755	68622741
-15346	-1970	456	-3912	-2723	-2185	-497	81	-113	6756	33780	6756	68622741
-15228	-2020	344	-3933	-2588	-2253	-499	88	-115	6757	33785	6757	68622741
-15154	-2080	202	-3915	-2466	-2312	-499	89	-115	6758	33790	6758	68622741
-15110	-2217	158	-3869	-2358	-2342	-493	88	-113	6759	33795	6759	68622741
-15134	-2258	71	-3778	-2276	-2366	-492	88	-112	6760	33800	6760	68622741
-15248	-2420	122	-3625	-2263	-2369	-496	84	-113	6761	33805	6761	68622741
-15455	-2527	154	-3403	-2318	-2350	-497	83	-113	6762	33810	6762	68622741
-15772	-2612	66	-3092	-2437	-2305	-497	81	-109	6763	33815	6763	68622742
-16116	-2632	180	-2845	-2580	-2221	-497	81	-109	6764	33820	6764	68622742
-16486	-2652	112	-2571	-2739	-2111	-496	82	-108	6765	33825	6765	68622742
-16922	-2638	32	-2290	-2908	-1995	-496	82	-108	6766	33830	6766	68622742
-17378	-2480	62	-1978	-2999	-1852	-492	84	-110	6767	33835	6767	68622742
-17820	-2384	32	-1649	-3020	-1688	-492	84	-110	6768	33840	6768	68622752
-18210	-2324	-24	-1352	-2972	-1543	-492	82	-104	6769	33845	6769	68622752
-18536	-2254	-134	-1071	-2869	-1361	-492	82	-104	6770	33850	6770	68622752
-18934	-2126	-127	-772	-2692	-1153	-495	85	-107	6771	33855	6771	68622770
-19175	-2053	-72	-562	-2520	-1011	-495	85	-107	6772	33860	6772	68622785
-19450	-1968	-48	-413	-2351	-885	-496	86	-106	6773	33865	6773	68622785
-19538	-1964	136	-262	-2179	-803	-495	85	-106	6774	33870	6774	68622785
-19638	-2058	252	-125	-2003	-742	-491	83	-107	6775	33875	6775	68622786
-19613	-2055	320	-30	-1816	-719	-492	83	-107	6776	33880	6776	68622786
-19560	-2192	432	45	-1672	-697	-495	83	-105	6777	33885	6777	68622786
-19392	-2198	682	70	-1458	-734	-495	83	-105	6778	33890	6778	68622787
-19022	-2347	773	90	-1096	-786	-492	80	-108	6779	33895	6779	68622794
-18598	-2534	811	58	-742	-860	-492	81	-108	6780	33900	6780	68622820
-18204	-2711	831	-67	-346	-964	-494	86	-106	6781	33905	6781	68622821
-17704	-2818	778	-257	46	-1099	-494	84	-106	6782	33910	6782	68622821
-17195	-3000	812	-456	427	-1250	-492	78	-104	6783	33915	6783	68622821
-16763	-3152	854	-658	763	-1411	-493	79	-103	6784	33920	6784	68622821
-16299	-3319	962	-827	1010	-1547	-495	81	-101	6785	33925	6785	68622821
-15934	-3504	986	-987	1154	-1665	-495	81	-102	6786	33930	6786	68622821
-15518	-3653	995	-1167	1259	-1760	-495	79	-105	6787	33935	6787	68622824
-15221	-3718	1048	-1339	1302	-1809	-494	79	-108	6788	33940	6788	68622842
-15000	-3838	1066	-1453	1272	-1816	-492	80	-112	6789	33945	6789	68622858
-14856	-3868	1074	-1564	1188	-1779	-492	82	-109	6790	33950	6790	68622858
-14764	-3827	1014	-1648	1052	-1714	-493	85	-105	6791	33955	6791	68622858
-14732	-3852	955	-1662	868	-1619	-491	85	-106	6792	33960	6792	68622859
-14730	-3827	952	-1670	655	-1507	-489	85	-107	6793	33965	6793	68622859
-14815	-3736	1017	-1663	433	-1381	-490	86	-108	6794	33970	6794	68622859
-14924	-3634	1067	-1646	219	-1241	-491	87	-109	6795	33975	6795	68622865
-15107	-3544	1094	-1646	11	-1082	-489	84	-107	6796	33980	6796	68622882
-15372	-3444	1121	-1654	-191	-922	-487	79	-103	6797	33985	6797	68622898
-15600	-3374	1101	-1678	-373	-787	-488	80	-104	6798	33990	6798	68622898
-15845	-3250	1093	-1722	-525	-682	-489	81	-105	6799	33995	6799	68622898
-16144	-3122	1128	-1769	-648	-615	-491	80	-105	6800	34000	6800	68622899
-16449	-3022	1183	-1808	-741	-549	-495	79	-105	6801	34005	6801	68622899
-16725	-2942	1265	-1830	-787	-485	-493	81	-103	6802	34010	6802	68622899
-17035	-2831	1429	-1804	-780	-453	-489	83	-101	6803	34015	6803	68622915
-17331	-2739	1582	-1712	-716	-463	-491	84	-105	6804	34020	6804	68622939
-17579	-2726	1680	-1530	-593	-469	-492	84	-108	6805	34025	6805	68622939
-17760	-2734	1747	-1358	-421	-480	-493	78	-110	6806	34030	6806	68622939
-17877	-2767	1806	-1275	-211	-492	-494	74	-112	6807	34035	6807	68622939
-17921	-2754	1877	-1247	15	-508	-495	82	-110	6808	34040	6808	68622939
-17922	-2783	2010	-1201	242	-517	-496	88	-108	6809	34045	6809	68622940
-17816	-2814	2176	-1162	467	-504	-495	83	-110	6810	34050	6810	68622940
-17709	-2852	2198	-1159	679	-457	-495	79	-111	6811	34055	6811	68622963
-17534	-2854	2165	-1192	925	-392	-496	81	-106	6812	34060	6812	68622980
-17366	-2953	2202	-1286	1140	-289	-496	82	-104	6813	34065	6813	68622981
-17152	-3013	2189	-1376	1305	-187	-493	81	-103	6814	34070	6814	68622982
-16908	-3086	2195	-1494	1454	-61	-491	81	-103	6815	34075	6815	68622982
-16633	-3152	2277	-1637	1579	79	-490	81	-108	6816	34080	6816	68622983
-16326	-3219	2289	-1789	1677	234	-489	81	-111	6817	34085	6817	68622983
-16066	-3260	2294	-1946	1709	343	-491	85	-107	6818	34090	6818	68622983
-15880	-3356	2232	-2095	1656	438	-492	88	-104	6819	34095	6819	68622988
-15678	-3418	2216	-2212	1569	545	-493	84	-107	6820	34100	6820	68623005
-15483	-3569	2278	-2316	1433	656	-493	81	-109	6821	34105	6821	68623015
-15411	-3655	2352	-2411	1259	725	-494	82	-100	6822	34110	6822	68623015
-15348	-3720	2416	-2498	1098	788	-494	82	-98	6823	34115	6823	68623015
-15360	-3731	2425	-2565	945	832	-492	83	-112	6824	34120	6824	68623015
-15406	-3810	2472	-2648	812	850	-491	83	-115	6825	34125	6825	68623015
-15474	-3838	2604	-2729	665	850	-491	86	-109	6826	34130	6826	68623015
-15592	-3874	2688	-2807	499	818	-491	87	-107	6827	34135	6827	68623037
-15762	-3876	2697	-2878	306	791	-496	85	-107	6828	34140	6828	68623051
-16034	-3824	2690	-2980	65	762	-497	85	-107	6829	34145	6829	68623053
-16248	-3714	2794	-3087	-80	726	-493	89	-99	6830	34150	6830	68623053
-16576	-3616	2742	-3204	-180	666	-493	89	-99	6831	34155	6831	68623053
-16838	-3464	2876	-3325	-228	638	-490	90	-110	6832	34160	6832	68623053
-16990	-3261	3004	-3412	-233	621	-490	90	-110	6833	34165	6833	68623053
-17186	-3122	3126	-3503	-235	617	-492	84	-102	6834	34170	6834	68623061
-17367	-2892	3102	-3561	-207	640	-492	82	-100	6835	34175	6835	68623086
-17527	-2672	3124	-3588	-161	678	-490	81	-104	6836	34180	6836	68623092
-17612	-2526	3204	-3635	-81	724	-489	81	-105	6837	34185	6837	68623092
-17616	-2360	3200	-3690	78	770	-489	77	-111	6838	34190	6838	68623092
-17608	-2220	3224	-3675	264	817	-489	77	-111	6839	34195	6839	68623093
-17410	-2154	3370	-3643	483	886	-490	86	-106	6840	34200	6840	68623093
-17214	-2084	3362	-3596	695	957	-490	86	-106	6841	34205	6841	68623093
-16988	-1992	3506	-3582	872	1053	-493	87	-103	6842	34210	6842	68623117
-16796	-1946	3480	-3571	1009	1126	-493	87	-103	6843	34215	6843	68623143
-16630	-2002	3642	-3530	1083	1174	-494	82	-112	6844	34220	6844	68623143
-16396	-2036	3590	-3507	1115	1233	-494	82	-112	6845	34225	6845	68623143
-16225	-2020	3676	-3430	1085	1285	-492	88	-110	6846	34230	6846	68623143
-16148	-2065	3721	-3322	1026	1307	-492	87	-110	6847	34235	6847	68623143
-16046	-2073	3660	-3183	940	1325	-492	84	-112	6848	34240	6848	68623143
-15994	-2172	3609	-3042	854	1332	-492	84	-111	6849	34245	6849	68623151
-15859	-2236	3654	-2921	830	1330	-492	82	-106	6850	34250	6850	68623181
-15790	-2280	3596	-2821	839	1353	-492	83	-107	6851	34255	6851	68623181
-15700	-2378	3574	-2732	873	1381	-490	88	-110	6852	34260	6852	68623182
-15712	-2380	3502	-2644	914	1409	-490	88	-110	6853	34265	6853	68623182
-15660	-2429	3494	-2572	987	1416	-490	86	-108	6854	34270	6854	68623182
-15653	-2412	3540	-2540	1044	1425	-490	86	-108	6855	34275	6855	68623183
-15620	-2451	3561	-2524	1080	1424	-490	86	-108	6856	34280	6856	68623183
-15622	-2433	3488	-2495	1131	1432	-490	86	-108	6857	34285	6857	68623183
-15586	-2414	3598	-2473	1165	1444	-491	85	-109	6858	34290	6858	68623184
-15639	-2409	3594	-2459	1141	1441	-491	84	-109	6859	34295	6859	68623186
-15642	-2396	3641	-2448	1055	1456	-491	81	-107	6860	34300	6860	68623200
-15714	-2380	3628	-2463	907	1474	-492	82	-108	6861	34305	6861	68623225
-15826	-2336	3538	-2474	709	1475	-496	84	-114	6862	34310	6862	68623225
-15998	-2267	3443	-2472	505	1464	-496	86	-112	6863	34315	6863	68623225
-16166	-2180	3390	-2444	376	1444	-495	89	-109	6864	34320	6864	68623225
-16381	-2083	3246	-2380	333	1422	-495	86	-109	6865	34325	6865	68623225
-16523	-2012	3052	-2291	396	1410	-494	82	-110	6866	34330	6866	68623226
-16546	-1944	2915	-2203	561	1413	-492	84	-110	6867	34335	6867	68623234
-16542	-1917	2760	-2153	789	1428	-489	87	-111	6868	34340	6868	68623248
-16494	-1888	2607	-2152	1045	1443	-489	86	-112	6869	34345	6869	68623253
-16466	-1789	2458	-2200	1282	1432	-490	84	-114	6870	34350	6870	68623253
-16424	-1716	2382	-2280	1494	1403	-490	86	-112	6871	34355	6871	68623254
-16339	-1666	2366	-2371	1695	1372	-490	88	-110	6872	34360	6872	68623254
-16177	-1677	2392	-2453	1882	1342	-492	87	-110	6873	34365	6873	68623254
-15971	-1741	2413	-2509	2062	1315	-495	85	-111	6874	34370	6874	68623254
-15675	-1854	2421	-2538	2190	1299	-497	84	-111	6875	34375	6875	68623260
-15325	-2013	2532	-2571	2211	1302	-499	83	-111	6876	34380	6876	68623278
-14956	-2151	2721	-2605	2109	1324	-499	85	-111	6877	34385	6877	68623294
-14636	-2277	2857	-2633	1887	1354	-498	88	-110	6878	34390	6878	68623294
-14368	-2441	2986	-2620	1528	1386	-498	86	-108	6879	34395	6879	68623294
-14189	-2682	3150	-2534	1057	1428	-498	84	-106	6880	34400	6880	68623294
-14134	-2824	3289	-2396	578	1454	-496	88	-108	6881	34405	6881	68623294
-14190	-2934	3333	-2204	81	1479	-495	91	-109	6882	34410	6882	68623302
-14404	-2998	3390	-1993	-437	1513	-496	87	-113	6883	34415	6883	68623327
-14803	-2964	3377	-1789	-991	1538	-497	85	-115	6884	34420	6884	68623340
-15323	-2902	3226	-1624	-1566	1530	-499	85	-116	6885	34425	6885	68623341
-15960	-2700	3081	-1509	-2117	1484	-501	85	-117	6886	34430	6886	68623341
-16819	-2472	2812	-1432	-2632	1404	-497	87	-109	6887	34435	6887	68623341
-17634	-2191	2564	-1433	-2906	1335	-496	88	-106	6888	34440	6888	68623341
-18286	-2002	2325	-1496	-2999	1280	-499	85	-109	6889	34445	6889	68623341
-18924	-1781	2071	-1602	-2992	1200	-501	83	-111	6890	34450	6890	68623354
-19534	-1539	1864	-1763	-2874	1103	-498	82	-109	6891	34455	6891	68623367
-20050	-1291	1588	-1958	-2673	1003	-496	82	-108	6892	34460	6892	68623370
-20423	-1001	1362	-2173	-2403	881	-499	86	-107	6893	34465	6893	68623370
-20704	-754	1285	-2360	-2097	739	-501	89	-107	6894	34470	6894	68623370
-20982	-510	1318	-2462	-1800	598	-500	90	-106	6895	34475	6895	68623370
-21233	-258	1456	-2437	-1515	459	-500	90	-106	6896	34480	6896	68623370
-21371	-109	1578	-2276	-1340	338	-498	84	-109	6897	34485	6897	68623370
-21516	-52	1818	-1994	-1234	238	-498	82	-110	6898	34490	6898	68623393
-21732	-34	2011	-1607	-1132	141	-495	85	-108	6899	34495	6899	68623406
-21956	-138	2227	-1175	-1026	64	-494	86	-108	6900	34500	6900	68623408
-22096	-201	2304	-737	-827	-5	-496	88	-108	6901	34505	6901	68623408
-22114	-244	2270	-304	-484	-61	-496	88	-108	6902	34510	6902	68623408
-22088	-326	2254	100	-29	-95	-493	86	-108	6903	34515	6903	68623408
-22014	-464	2072	515	601	-155	-492	86	-108	6904	34520	6904	68623408
-21942	-550	1870	796	1180	-167	-499	87	-107	6905	34525	6905	68623408
-21800	-508	1544	908	1789	-139	-499	87	-107	6906	34530	6906	68623437
-21674	-494	1056	868	2397	-86	-494	86	-114	6907	34535	6907	68623446
-21459	-371	619	766	2961	-36	-494	86	-114	6908	34540	6908	68623459
-21091	-167	222	615	3678	49	-497	88	-111	6909	34545	6909	68623463
-20541	84	-208	443	4406	177	-498	88	-110	6910	34550	6910	68623463
-19797	386	-579	198	5062	337	-498	91	-108	6911	34555	6911	68623464
-19010	731	-1072	-33	5604	538	-498	92	-108	6912	34560	6912	68623466
-18076	1062	-1462	-217	6047	745	-498	92	-114	6913	34565	6913	68623466
-17358	1342	-1916	-273	6227	775	-498	92	-114	6914	34570	6914	68623482
-16678	1478	-2290	-413	6259	846	-497	97	-117	6915	34575	6915	68623482
-16216	1732	-2552	-589	6171	888	-497	97	-117	6916	34580	6916	68623483
-15692	1712	-2752	-699	5999	922	-496	84	-110	6917	34585	6917	68623483
-15302	1788	-3168	-820	5600	1015	-496	84	-110	6918	34590	6918	68623483
-14928	1876	-3388	-987	5090	1090	-499	91	-117	6919	34595	6919	68623483
-14820	1720	-3788	-1084	4613	1051	-499	91	-117	6920	34600	6920	68623483
-14644	1254	-4280	-1167	4150	1015	-499	87	-121	6921	34605	6921	68623520
-14438	1007	-4611	-1327	3815	921	-499	87	-120	6922	34610	6922	68623521
-14331	740	-4876	-1523	3467	737	-499	87	-117	6923	34615	6923	68623521
-14261	492	-5010	-1689	3115	535	-498	89	-116	6924	34620	6924	68623521
-14348	420	-5044	-1744	2755	313	-495	95	-113	6925	34625	6925	68623521
-14571	382	-4977	-1604	2409	71	-495	95	-114	6926	34630	6926	68623522
-14538	-278	-4972	-1387	2129	-11	-495	95	-117	6927	34635	6927	68623522
-14832	-238	-4734	-1631	1577	-93	-495	95	-117	6928	34640	6928	68623531
-15185	-327	-4179	-1597	850	-115	-498	90	-118	6929	34645	6929	68623557
-15604	-316	-3833	-1373	234	-84	-498	91	-118	6930	34650	6930	68623557
-16128	-338	-3465	-1049	-317	10	-499	97	-119	6931	34655	6931	68623557
-16670	-266	-3343	-670	-749	146	-498	96	-119	6932	34660	6932	68623558
-17224	-133	-3136	-289	-1018	311	-492	94	-118	6933	34665	6933	68623558
-17791	43	-3024	-3	-1111	518	-493	93	-118	6934	34670	6934	68623558
-18354	350	-2829	230	-1007	734	-499	87	-119	6935	34675	6935	68623566
-18794	666	-2687	437	-711	953	-499	89	-119	6936	34680	6936	68623596
-19248	984	-2814	628	-250	1171	-498	96	-118	6937	34685	6937	68623597
-19623	1219	-2845	721	319	1397	-498	93	-119	6938	34690	6938	68623597
-19804	1391	-2870	712	812	1582	-497	89	-121	6939	34695	6939	68623597
-19922	1542	-2866	642	1250	1745	-499	91	-119	6940	34700	6940	68623597
-19998	1666	-2930	513	1633	1886	-501	93	-117	6941	34705	6941	68623597
-20015	1679	-3056	328	1980	1988	-498	92	-118	6942	34710	6942	68623600
-19901	1639	-3193	120	2291	2044	-493	91	-119	6943	34715	6943	68623618
-19610	1510	-3352	-65	2592	2074	-494	92	-121	6944	34720	6944	68623638
-19301	1325	-3514	-208	2882	2071	-495	93	-123	6945	34725	6945	68623638
-18934	1067	-3639	-305	3150	2025	-495	94	-124	6946	34730	6946	68623639
-18516	694	-3616	-422	3366	1963	-496	96	-126	6947	34735	6947	68623639
-18109	409	-3584	-584	3499	1847	-497	95	-127	6948	34740	6948	68623640
-17698	103	-3540	-695	3545	1687	-499	93	-129	6949	34745	6949	68623640
-17305	-269	-3457	-746	3492	1508	-496	96	-125	6950	34750	6950	68623644
-16964	-668	-3400	-797	3310	1316	-492	100	-120	6951	34755	6951	68623661
-16631	-1000	-3342	-914	3032	1116	-493	96	-123	6952	34760	6952	68623678
-16347	-1284	-3251	-1102	2706	904	-494	90	-128	6953	34765	6953	68623678
-16156	-1542	-3151	-1352	2324	676	-496	94	-124	6954	34770	6954	68623678
-15966	-1804	-3164	-1653	1961	492	-498	98	-120	6955	34775	6955	68623678
-15770	-1940	-3116	-1970	1634	368	-499	95	-124	6956	34780	6956	68623678
-15628	-2051	-3037	-2284	1314	269	-499	93	-127	6957	34785	6957	68623678
-15546	-2134	-2971	-2572	1045	199	-499	94	-126	6958	34790	6958	68623682
-15430	-2184	-2846	-2835	824	147	-499	95	-125	6959	34795	6959	68623705
-15288	-2131	-2875	-3069	648	115	-495	95	-127	6960	34800	6960	68623718
-15174	-2096	-2808	-3275	522	111	-493	95	-129	6961	34805	6961	68623718
-15038	-2022	-2716	-3484	412	125	-498	90	-130	6962	34810	6962	68623718
-14958	-1820	-2621	-3673	334	149	-500	88	-130	6963	34815	6963	68623718
-14877	-1652	-2586	-3823	282	197	-500	95	-127	6964	34820	6964	68623718
-14751	-1394	-2556	-3970	243	257	-500	98	-126	6965	34825	6965	68623718
-14670	-1078	-2475	-4116	198	333	-499	96	-126	6966	34830	6966	68623718
-14646	-760	-2440	-4244	146	426	-498	94	-126	6967	34835	6967	68623736
-14652	-388	-2411	-4345	105	513	-496	95	-122	6968	34840	6968	68623753
-14664	-17	-2369	-4414	76	592	-495	95	-119	6969	34845	6969	68623757
-14664	322	-2276	-4471	62	670	-497	94	-126	6970	34850	6970	68623758
-14602	707	-2248	-4530	44	736	-498	94	-130	6971	34855	6971	68623758
-14672	1099	-2230	-4559	18	772	-495	94	-124	6972	34860	6972	68623758
-14670	1403	-2162	-4561	-6	794	-494	94	-122	6973	34865	6973	68623758
-14744	1636	-2140	-4538	-45	794	-495	95	-118	6974	34870	6974	68623758
-14774	1885	-2114	-4488	-88	781	-495	95	-117	6975	34875	6975	68623796
-14845	2101	-2084	-4399	-147	748	-495	93	-120	6976	34880	6976	68623807
-14872	2324	-2144	-4274	-243	698	-495	93	-121	6977	34885	6977	68623811
-14989	2442	-2102	-4154	-355	627	-500	90	-127	6978	34890	6978	68623812
-15016	2468	-2136	-4012	-510	531	-501	89	-129	6979	34895	6979	68623812
-15172	2608	-2156	-3880	-600	423	-491	95	-125	6980	34900	6980	68623812
-15236	2524	-2168	-3722	-673	309	-491	95	-125	6981	34905	6981	68623813
-15432	2494	-2118	-3535	-700	195	-495	91	-123	6982	34910	6982	68623813
-15489	2372	-2211	-3380	-703	82	-495	91	-123	6983	34915	6983	68623831
-15578	2250	-2158	-3219	-690	-22	-497	94	-120	6984	34920	6984	68623835
-15686	2082	-2207	-3053	-648	-108	-497	95	-119	6985	34925	6985	68623835
-15841	1801	-2314	-2896	-611	-178	-500	95	-122	6986	34930	6986	68623835
-15920	1590	-2299	-2743	-574	-238	-501	95	-123	6987	34935	6987	68623835
-16028	1304	-2310	-2567	-537	-275	-493	97	-121	6988	34940	6988	68623835
-16148	1108	-2244	-2423	-520	-303	-493	97	-121	6989	34945	6989	68623835
-16232	850	-2158	-2296	-548	-307	-495	97	-123	6990	34950	6990	68623835
-16556	642	-2004	-2114	-614	-280	-495	97	-123	6991	34955	6991	68623872
-16698	428	-1852	-1970	-712	-259	-495	93	-125	6992	34960	6992	68623873
-16900	254	-1718	-1879	-813	-245	-495	93	-125	6993	34965	6993	68623873
-17090	142	-1630	-1833	-922	-224	-492	98	-122	6994	34970	6994	68623873
-17250	144	-1524	-1855	-996	-212	-492	98	-122	6995	34975	6995	68623873
-17440	110	-1326	-1907	-1102	-202	-497	97	-125	6996	34980	6996	68623873
-17603	148	-1214	-1986	-1173	-209	-497	97	-125	6997	34985	6997	68623873
-17685	260	-971	-2094	-1211	-209	-497	97	-123	6998	34990	6998	68623887
-17792	346	-860	-2215	-1215	-197	-497	98	-123	6999	34995	6999	68623942
-17760	482	-739	-2289	-1199	-200	-497	101	-123	7000	35000	7000	68623942
-17760	554	-821	-2342	-1162	-200	-498	100	-123	7001	35005	7001	68623942
-17708	624	-808	-2422	-1087	-172	-500	92	-124	7002	35010	7002	68623943
-17642	714	-910	-2537	-964	-142	-500	92	-124	7003	35015	7003	68623943
-17412	855	-992	-2663	-810	-103	-498	98	-120	7004	35020	7004	68623943
-17122	960	-1017	-2735	-701	-58	-497	98	-120	7005	35025	7005	68623947
-16917	1040	-956	-2726	-616	-26	-491	99	-119	7006	35030	7006	68623968
-16699	1035	-972	-2663	-567	2	-492	99	-120	7007	35035	7007	68623993
-16513	1050	-951	-2558	-554	39	-494	98	-126	7008	35040	7008	68623993
-16320	1056	-1050	-2450	-553	70	-494	98	-125	7009	35045	7009	68623993
-16107	1065	-1141	-2362	-586	87	-494	100	-120	7010	35050	7010	68623993
-15983	1127	-1136	-2244	-622	90	-495	99	-120	7011	35055	7011	68623994
-15886	1131	-1216	-2075	-677	85	-498	94	-118	7012	35060	7012	68623994
-15794	1088	-1315	-1888	-725	49	-497	93	-119	7013	35065	7013	68623998
-15766	992	-1430	-1740	-755	25	-495	91	-121	7014	35070	7014	68624021
-15725	948	-1557	-1666	-756	-8	-495	95	-121	7015	35075	7015	68624045
-15720	932	-1594	-1646	-737	-51	-494	102	-120	7016	35080	7016	68624045
-15782	928	-1598	-1645	-726	-77	-493	99	-119	7017	35085	7017	68624046
-15809	982	-1504	-1681	-753	-95	-492	94	-118	7018	35090	7018	68624046
-15872	1000	-1414	-1676	-835	-89	-493	94	-120	7019	35095	7019	68624047
-16048	1014	-1401	-1644	-957	-61	-494	94	-124	7020	35100	7020	68624047
-16195	1046	-1246	-1633	-1108	-19	-493	96	-122	7021	35105	7021	68624047
-16431	1054	-1063	-1614	-1271	29	-492	98	-120	7022	35110	7022	68624047
-16650	1131	-1006	-1626	-1372	79	-492	96	-118	7023	35115	7023	68624048
-16774	1262	-994	-1669	-1355	95	-492	94	-114	7024	35120	7024	68624048
-16826	1423	-1025	-1716	-1222	82	-492	96	-116	7025	35125	7025	68624048
-16864	1516	-1104	-1758	-998	49	-493	99	-119	7026	35130	7026	68624048
-16784	1636	-1155	-1800	-733	11	-495	98	-118	7027	35135	7027	68624048
-16650	1786	-1192	-1823	-473	-47	-498	96	-116	7028	35140	7028	68624048
-16574	1710	-1310	-1826	-183	-138	-497	96	-118	7029	35145	7029	68624062
-16515	1716	-1233	-1857	81	-209	-495	95	-119	7030	35150	7030	68624075
-16391	1735	-1290	-1851	212	-277	-497	95	-117	7031	35155	7031	68624075
-16360	1689	-1353	-1804	207	-343	-499	95	-115	7032	35160	7032	68624076
-16453	1559	-1396	-1750	130	-405	-498	94	-117	7033	35165	7033	68624076
-16470	1482	-1448	-1727	15	-451	-497	93	-119	7034	35170	7034	68624076
-16472	1438	-1512	-1738	-110	-518	-498	93	-118	7035	35175	7035	68624076
-16480	1349	-1557	-1764	-201	-606	-499	93	-117	7036	35180	7036	68624076
-16505	1245	-1647	-1818	-275	-714	-499	98	-119	7037	35185	7037	68624076
-16453	1219	-1543	-1872	-316	-833	-499	99	-119	7038	35190	7038	68624114
-16466	1194	-1442	-1908	-348	-932	-498	100	-116	7039	35195	7039	68624124
-16466	1136	-1403	-1929	-384	-1035	-498	100	-114	7040	35200	7040	68624124
-16464	1020	-1357	-1959	-438	-1136	-500	99	-119	7041	35205	7041	68624124
-16571	984	-1263	-2017	-510	-1202	-502	98	-122	7042	35210	7042	68624124
-16787	927	-1216	-2078	-571	-1248	-500	95	-120	7043	35215	7043	68624124
-16978	782	-1119	-2132	-591	-1285	-499	93	-119	7044	35220	7044	68624124
-17071	759	-866	-2161	-564	-1280	-495	95	-118	7045	35225	7045	68624129
-17245	637	-631	-2155	-555	-1233	-492	96	-118	7046	35230	7046	68624165
-17358	496	-381	-2136	-569	-1132	-496	94	-114	7047	35235	7047	68624175
-17516	509	-168	-2091	-566	-1027	-497	93	-113	7048	35240	7048	68624176
-17624	465	54	-2027	-518	-933	-495	96	-115	7049	35245	7049	68624176
-17610	337	198	-1941	-395	-854	-495	97	-115	7050	35250	7050	68624176
-17674	287	291	-1855	-217	-781	-495	97	-115	7051	35255	7051	68624176
-17614	176	281	-1781	39	-723	-495	97	-115	7052	35260	7052	68624177
-17484	110	138	-1749	333	-686	-493	96	-117	7053	35265	7053	68624185
-17424	78	-28	-1712	715	-669	-492	96	-118	7054	35270	7054	68624213
-17358	16	-150	-1664	1040	-683	-498	94	-120	7055	35275	7055	68624213
-17164	-90	-194	-1638	1354	-708	-498	94	-120	7056	35280	7056	68624213
-17042	-235	-237	-1646	1579	-716	-499	98	-116	7057	35285	7057	68624213
-16908	-363	-276	-1679	1724	-748	-499	99	-115	7058	35290	7058	68624213
-16768	-506	-249	-1725	1652	-760	-498	95	-117	7059	35295	7059	68624213
-16908	-715	-248	-1768	1374	-748	-498	94	-118	7060	35300	7060	68624213
-17182	-1045	-164	-1802	984	-741	-494	98	-119	7061	35305	7061	68624213
-17477	-1396	-16	-1826	536	-683	-493	99	-119	7062	35310	7062	68624213
-17820	-1764	218	-1855	94	-595	-500	94	-118	7063	35315	7063	68624213
-18206	-2024	128	-1890	-75	-533	-500	94	-118	7064	35320	7064	68624232
-18272	-2232	98	-1898	-69	-477	-495	91	-113	7065	35325	7065	68624254
-18380	-2392	96	-1872	164	-431	-495	91	-113	7066	35330	7066	68624255
-18280	-2526	90	-1818	603	-400	-494	98	-118	7067	35335	7067	68624255
-18038	-2516	2	-1755	1135	-376	-494	98	-118	7068	35340	7068	68624256
-17644	-2564	-26	-1716	1701	-349	-492	90	-114	7069	35345	7069	68624256
-17172	-2464	-52	-1721	2264	-339	-492	90	-114	7070	35350	7070	68624257
-16615	-2325	-93	-1788	2784	-310	-499	99	-119	7071	35355	7071	68624257
-16062	-2181	-157	-1905	3072	-267	-499	98	-119	7072	35360	7072	68624257
-15562	-2027	-210	-2058	3183	-219	-498	94	-118	7073	35365	7073	68624257
-15102	-1844	-359	-2239	3095	-147	-497	94	-118	7074	35370	7074	68624264
-14716	-1692	-301	-2429	2834	-74	-495	95	-119	7075	35375	7075	68624282
-14465	-1510	-263	-2611	2423	-28	-495	95	-119	7076	35380	7076	68624282
-14338	-1438	-166	-2744	2011	15	-495	95	-119	7077	35385	7077	68624282
-14312	-1256	-276	-2907	1483	31	-495	95	-119	7078	35390	7078	68624283
-14557	-1171	-330	-3061	872	45	-498	96	-116	7079	35395	7079	68624283
-14871	-1060	-489	-3164	448	26	-497	96	-117	7080	35400	7080	68624283
-15211	-1077	-537	-3228	145	-34	-493	95	-119	7081	35405	7081	68624285
-15643	-1091	-723	-3278	-24	-113	-494	94	-120	7082	35410	7082	68624297
-16076	-1132	-788	-3321	-57	-208	-496	90	-122	7083	35415	7083	68624320
-16552	-1158	-836	-3366	27	-323	-496	90	-122	7084	35420	7084	68624320
-17018	-1232	-934	-3404	214	-462	-497	91	-121	7085	35425	7085	68624320
-17352	-1336	-832	-3452	477	-592	-498	92	-121	7086	35430	7086	68624320
-17728	-1414	-740	-3529	756	-715	-502	96	-122	7087	35435	7087	68624320
-17995	-1531	-585	-3649	1055	-828	-498	96	-123	7088	35440	7088	68624323
-18171	-1539	-438	-3775	1268	-901	-492	96	-124	7089	35445	7089	68624340
-18256	-1579	-306	-3919	1457	-948	-494	93	-124	7090	35450	7090	68624358
-18214	-1679	-255	-4065	1630	-965	-498	88	-124	7091	35455	7091	68624358
-18134	-1715	-186	-4198	1783	-955	-497	90	-124	7092	35460	7092	68624361
-18012	-1677	-121	-4311	1937	-947	-495	93	-123	7093	35465	7093	68624373
-17827	-1604	-125	-4384	2079	-924	-496	93	-123	7094	35470	7094	68624384
-17565	-1517	-92	-4403	2206	-897	-498	92	-122	7095	35475	7095	68624385
-17298	-1430	-67	-4371	2321	-866	-496	93	-122	7096	35480	7096	68624386
-17088	-1371	-132	-4303	2406	-816	-493	95	-123	7097	35485	7097	68624386
-16826	-1308	-213	-4202	2438	-758	-495	97	-125	7098	35490	7098	68624387
-16570	-1218	-225	-4080	2429	-714	-499	99	-127	7099	35495	7099	68624387
-16406	-1096	-311	-3955	2387	-671	-498	97	-127	7100	35500	7100	68624401
-16256	-984	-389	-3824	2326	-637	-497	95	-127	7101	35505	7101	68624421
-16138	-956	-519	-3705	2249	-609	-495	96	-126	7102	35510	7102	68624421
-16080	-884	-604	-3602	2166	-580	-492	98	-124	7103	35515	7103	68624421
-16070	-817	-687	-3498	2075	-549	-492	96	-125	7104	35520	7104	68624422
-16092	-780	-758	-3418	1979	-517	-492	94	-126	7105	35525	7105	68624422
-16132	-763	-763	-3355	1883	-487	-494	95	-125	7106	35530	7106	68624422
-16210	-747	-760	-3285	1778	-454	-496	96	-124	7107	35535	7107	68624429
-16306	-721	-716	-3207	1692	-419	-495	96	-128	7108	35540	7108	68624448
