-16576	1302	3284	119	-552	-162	4751	193	-38	2600	13000	2600	71334105
-16597	1276	3320	96	-525	-167	4752	194	-36	2601	13005	2601	71334105
-16571	1250	3306	97	-494	-163	4753	193	-35	2602	13010	2602	71334105
-16554	1214	3308	100	-480	-163	4754	192	-34	2603	13015	2603	71334105
-16554	1206	3296	74	-462	-168	4755	193	-33	2604	13020	2604	71334109
-16530	1201	3255	28	-452	-163	4756	194	-32	2605	13025	2605	71334126
-16534	1189	3283	-34	-454	-161	4757	197	-31	2606	13030	2606	71334142
-16566	1195	3357	-86	-467	-166	4758	201	-29	2607	13035	2607	71334142
-16583	1195	3316	-96	-509	-175	4759	201	-32	2608	13040	2608	71334142
-16571	1254	3284	-71	-539	-172	4760	200	-36	2609	13045	2609	71334142
-16520	1305	3357	-26	-524	-168	4761	196	-35	2610	13050	2610	71334143
-16537	1265	3365	8	-504	-164	4762	191	-33	2611	13055	2611	71334143
-16515	1221	3332	7	-490	-162	4763	192	-31	2612	13060	2612	71334143
-16497	1198	3360	-16	-491	-165	4764	193	-29	2613	13065	2613	71334143
-16526	1240	3304	-68	-509	-159	4765	194	-30	2614	13070	2614	71334143
-16542	1276	3361	-112	-522	-159	4767	196	-32	2615	13075	2615	71334164
-16550	1271	3354	-131	-519	-163	4768	195	-30	2616	13080	2616	71334184
-16521	1272	3290	-115	-500	-163	4769	195	-29	2617	13085	2617	71334184
-16533	1269	3273	-64	-474	-174	4770	191	-28	2618	13090	2618	71334185
-16536	1233	3332	0	-428	-187	4771	188	-28	2619	13095	2619	71334185
-16512	1221	3384	52	-394	-200	4772	190	-32	2620	13100	2620	71334185
-16498	1230	3378	88	-382	-215	4773	191	-35	2621	13105	2621	71334186
-16467	1295	3373	134	-387	-218	4774	195	-35	2622	13110	2622	71334190
-16450	1350	3354	206	-415	-222	4775	197	-35	2623	13115	2623	71334214
-16439	1383	3345	248	-462	-208	4776	196	-31	2624	13120	2624	71334221
-16465	1355	3232	261	-487	-202	4777	195	-29	2625	13125	2625	71334221
-16528	1355	3163	245	-497	-199	4778	195	-35	2626	13130	2626	71334221
-16591	1363	3161	207	-477	-191	4779	195	-39	2627	13135	2627	71334221
-16589	1355	3162	163	-437	-185	4780	191	-34	2628	13140	2628	71334221
-16583	1277	3168	125	-396	-187	4781	189	-31	2629	13145	2629	71334221
-16564	1263	3267	85	-346	-193	4782	195	-31	2630	13150	2630	71334221
-16491	1320	3314	61	-313	-202	4783	199	-31	2631	13155	2631	71334277
-16411	1305	3353	22	-307	-196	4784	193	-33	2632	13160	2632	71334315
-16468	1292	3370	-23	-362	-191	4785	191	-33	2633	13165	2633	71334315
-16473	1322	3368	-56	-455	-180	4786	192	-29	2634	13170	2634	71334315
-16556	1322	3454	-45	-541	-182	4787	192	-28	2635	13175	2635	71334316
-16586	1291	3439	-1	-561	-182	4788	195	-28	2636	13180	2636	71334316
-16588	1338	3436	38	-500	-192	4789	196	-28	2637	13185	2637	71334316
-16553	1250	3419	59	-423	-209	4790	196	-34	2638	13190	2638	71334317
-16498	1184	3401	36	-370	-229	4791	196	-36	2639	13195	2639	71334346
-16454	1228	3356	-57	-369	-239	4792	194	-30	2640	13200	2640	71334353
-16502	1208	3388	-124	-392	-246	4793	194	-30	2641	13205	2641	71334353
-16510	1213	3333	-157	-409	-251	4794	192	-38	2642	13210	2642	71334353
-16530	1270	3445	-170	-414	-245	4795	192	-40	2643	13215	2643	71334353
-16513	1295	3514	-148	-398	-234	4796	196	-33	2644	13220	2644	71334353
-16466	1346	3393	-115	-401	-229	4797	197	-31	2645	13225	2645	71334353
-16442	1358	3421	-107	-392	-207	4798	192	-31	2646	13230	2646	71334353
-16422	1396	3420	-121	-409	-191	4799	191	-31	2647	13235	2647	71334353
-16480	1354	3506	-133	-474	-176	4800	195	-27	2648	13240	2648	71334353
-16474	1356	3350	-133	-547	-157	4801	195	-27	2649	13245	2649	71334353
-16554	1332	3376	-121	-577	-157	4802	197	-31	2650	13250	2650	71334353
-16512	1438	3386	-81	-559	-168	4803	197	-31	2651	13255	2651	71334361
-16436	1396	3390	-44	-508	-167	4804	194	-34	2652	13260	2652	71334362
-16412	1424	3324	-44	-474	-163	4805	194	-34	2653	13265	2653	71334362
-16506	1376	3250	-35	-502	-136	4806	199	-37	2654	13270	2654	71334370
-16408	1352	3398	-60	-539	-128	4807	199	-37	2655	13275	2655	71334393
-16442	1318	3430	-72	-582	-115	4808	192	-34	2656	13280	2656	71334394
-16518	1331	3398	-106	-587	-130	4809	191	-34	2657	13285	2657	71334394
-16488	1354	3475	-129	-578	-132	4810	189	-33	2658	13290	2658	71334395
-16496	1404	3541	-141	-595	-135	4811	190	-34	2659	13295	2659	71334395
-16448	1426	3564	-128	-608	-137	4812	192	-38	2660	13300	2660	71334395
-16406	1450	3496	-88	-671	-138	4813	192	-38	2661	13305	2661	71334395
-16394	1446	3526	-52	-728	-129	4814	193	-35	2662	13310	2662	71334395
-16450	1472	3520	-64	-765	-111	4815	193	-35	2663	13315	2663	71334430
-16480	1400	3592	-64	-790	-97	4816	194	-38	2664	13320	2664	71334430
-16475	1431	3470	-72	-755	-96	4817	194	-38	2665	13325	2665	71334430
-16472	1412	3435	-49	-738	-97	4818	194	-38	2666	13330	2666	71334430
-16470	1348	3450	-11	-738	-99	4819	193	-35	2667	13335	2667	71334430
-16464	1349	3409	-16	-744	-103	4820	187	-23	2668	13340	2668	71334431
-16509	1326	3314	-31	-767	-102	4821	189	-26	2669	13345	2669	71334431
-16549	1346	3336	-48	-785	-108	4822	196	-38	2670	13350	2670	71334431
-16502	1330	3368	-34	-776	-108	4823	195	-37	2671	13355	2671	71334431
-16521	1306	3408	13	-781	-113	4824	193	-33	2672	13360	2672	71334433
-16517	1360	3456	68	-776	-108	4825	193	-34	2673	13365	2673	71334447
-16463	1334	3487	128	-760	-116	4826	191	-37	2674	13370	2674	71334469
-16438	1409	3532	142	-754	-118	4827	194	-34	2675	13375	2675	71334469
-16432	1460	3584	153	-780	-116	4828	198	-30	2676	13380	2676	71334469
-16445	1467	3484	144	-813	-119	4829	194	-32	2677	13385	2677	71334469
-16414	1434	3446	124	-838	-108	4830	187	-37	2678	13390	2678	71334469
-16462	1402	3508	108	-883	-99	4831	188	-36	2679	13395	2679	71334470
-16431	1394	3564	85	-909	-95	4832	193	-31	2680	13400	2680	71334472
-16450	1396	3455	52	-912	-90	4833	193	-32	2681	13405	2681	71334486
-16504	1376	3411	19	-920	-79	4834	192	-34	2682	13410	2682	71334508
-16496	1352	3384	3	-915	-78	4835	194	-31	2683	13415	2683	71334508
-16454	1375	3444	1	-908	-72	4836	196	-26	2684	13420	2684	71334508
-16456	1329	3513	13	-902	-67	4837	195	-30	2685	13425	2685	71334508
-16428	1281	3498	23	-911	-54	4838	193	-35	2686	13430	2686	71334508
-16398	1310	3496	26	-935	-43	4839	193	-34	2687	13435	2687	71334508
-16429	1332	3479	37	-973	-35	4840	193	-33	2688	13440	2688	71334520
-16441	1374	3512	43	-996	-23	4841	194	-34	2689	13445	2689	71334539
-16431	1414	3561	41	-986	-16	4843	195	-35	2690	13450	2690	71334539
-16391	1418	3518	26	-975	-9	4844	193	-28	2691	13455	2691	71334539
-16362	1400	3520	16	-982	-1	4845	192	-24	2692	13460	2692	71334540
-16401	1360	3546	-2	-997	7	4846	194	-31	2693	13465	2693	71334540
-16433	1347	3600	-25	-1022	17	4847	195	-35	2694	13470	2694	71334540
-16452	1335	3673	-28	-1040	16	4848	195	-37	2695	13475	2695	71334540
-16476	1329	3674	-21	-1044	10	4848	195	-39	2696	13480	2696	71334548
-16483	1334	3564	-17	-1049	7	4849	197	-37	2697	13485	2697	71334570
-16486	1307	3511	4	-1053	10	4851	199	-35	2698	13490	2698	71334586
-16500	1287	3482	13	-1049	5	4852	198	-33	2699	13495	2699	71334587
-16485	1286	3531	-5	-1047	5	4853	197	-31	2700	13500	2700	71334588
-16465	1275	3517	-32	-1059	14	4854	194	-34	2701	13505	2701	71334589
-16439	1234	3597	-60	-1084	24	4855	192	-36	2702	13510	2702	71334589
-16427	1241	3660	-77	-1107	28	4856	193	-36	2703	13515	2703	71334606
-16426	1306	3592	-96	-1120	23	4857	194	-36	2704	13520	2704	71334617
-16452	1368	3617	-102	-1137	22	4858	189	-32	2705	13525	2705	71334617
-16416	1426	3647	-97	-1161	31	4859	186	-30	2706	13530	2706	71334617
-16412	1391	3534	-73	-1218	36	4860	191	-33	2707	13535	2707	71334617
-16436	1354	3597	-7	-1274	45	4861	192	-34	2708	13540	2708	71334617
-16464	1332	3620	55	-1285	53	4862	194	-31	2709	13545	2709	71334617
-16480	1320	3630	113	-1252	59	4863	194	-30	2710	13550	2710	71334627
-16472	1344	3586	157	-1206	56	4864	195	-31	2711	13555	2711	71334650
-16503	1317	3591	176	-1180	48	4865	195	-31	2712	13560	2712	71334655
-16526	1286	3565	164	-1149	50	4866	194	-28	2713	13565	2713	71334655
-16559	1310	3554	124	-1128	44	4867	194	-26	2714	13570	2714	71334656
-16515	1388	3571	101	-1117	29	4868	193	-25	2715	13575	2715	71334656
-16523	1427	3476	108	-1097	29	4869	193	-25	2716	13580	2716	71334657
-16527	1416	3418	116	-1074	27	4870	196	-31	2717	13585	2717	71334657
-16518	1422	3434	128	-1031	28	4871	197	-33	2718	13590	2718	71334665
-16481	1448	3445	140	-1009	23	4872	194	-33	2719	13595	2719	71334687
-16414	1473	3454	152	-1013	26	4873	193	-33	2720	13600	2720	71334692
-16446	1433	3576	186	-1054	33	4874	195	-26	2721	13605	2721	71334693
-16463	1448	3598	200	-1102	48	4875	196	-24	2722	13610	2722	71334693
-16518	1416	3574	193	-1133	53	4876	196	-36	2723	13615	2723	71334693
-16464	1402	3578	165	-1140	39	4877	196	-36	2724	13620	2724	71334694
-16482	1382	3532	148	-1104	25	4878	190	-26	2725	13625	2725	71334694
-16418	1320	3482	135	-1060	42	4879	190	-26	2726	13630	2726	71334729
-16468	1376	3586	122	-1017	28	4880	195	-33	2727	13635	2727	71334729
-16456	1374	3550	111	-983	20	4881	195	-33	2728	13640	2728	71334729
-16466	1390	3578	99	-965	18	4882	190	-34	2729	13645	2729	71334730
-16533	1345	3581	104	-955	9	4883	190	-34	2730	13650	2730	71334730
-16541	1280	3492	106	-962	4	4884	191	-27	2731	13655	2731	71334730
-16570	1224	3448	98	-948	-7	4885	191	-25	2732	13660	2732	71334730
-16612	1210	3488	114	-924	-17	4886	194	-32	2733	13665	2733	71334742
-16550	1232	3310	125	-855	-30	4887	194	-32	2734	13670	2734	71334767
-16607	1259	3300	123	-787	-46	4888	196	-33	2735	13675	2735	71334767
-16664	1286	3290	121	-718	-61	4889	197	-33	2736	13680	2736	71334767
-16538	1320	3324	121	-700	-74	4890	196	-32	2737	13685	2737	71334767
-16516	1316	3386	152	-729	-72	4891	196	-32	2738	13690	2738	71334767
-16398	1246	3408	201	-798	-60	4892	195	-33	2739	13695	2739	71334767
-16513	1288	3610	274	-907	-52	4893	194	-32	2740	13700	2740	71334772
-16530	1246	3649	339	-942	-50	4894	190	-30	2741	13705	2741	71334795
-16607	1302	3564	363	-917	-62	4895	191	-31	2742	13710	2742	71334799
-16546	1317	3485	347	-844	-73	4896	197	-35	2743	13715	2743	71334799
-16464	1335	3553	296	-784	-89	4897	196	-34	2744	13720	2744	71334799
-16512	1336	3541	214	-772	-98	4898	191	-31	2745	13725	2745	71334799
-16503	1382	3493	163	-751	-110	4899	191	-31	2746	13730	2746	71334800
-16480	1348	3414	138	-757	-112	4900	192	-30	2747	13735	2747	71334800
-16512	1345	3383	125	-769	-115	4901	193	-30	2748	13740	2748	71334805
-16581	1356	3315	128	-751	-121	4902	196	-32	2749	13745	2749	71334829
-16557	1326	3330	119	-708	-134	4903	196	-31	2750	13750	2750	71334836
-16476	1331	3414	103	-677	-128	4904	194	-26	2751	13755	2751	71334837
-16482	1348	3445	97	-701	-125	4905	194	-27	2752	13760	2752	71334837
-16484	1316	3499	115	-748	-117	4906	195	-31	2753	13765	2753	71334837
-16507	1358	3469	116	-779	-100	4907	195	-31	2754	13770	2754	71334844
-16532	1380	3464	96	-794	-86	4908	197	-33	2755	13775	2755	71334873
-16542	1353	3461	76	-778	-80	4909	195	-33	2756	13780	2756	71334873
-16463	1392	3532	98	-742	-76	4910	190	-34	2757	13785	2757	71334874
-16390	1372	3659	137	-715	-78	4911	193	-35	2758	13790	2758	71334875
-16349	1342	3742	192	-718	-85	4912	198	-36	2759	13795	2759	71334875
-16390	1347	3811	235	-744	-86	4913	197	-34	2760	13800	2760	71334875
-16431	1329	3812	239	-766	-85	4914	196	-30	2761	13805	2761	71334879
-16400	1380	3742	200	-774	-90	4915	197	-31	2762	13810	2762	71334896
-16350	1413	3707	128	-772	-100	4916	199	-33	2763	13815	2763	71334913
-16340	1421	3695	62	-766	-103	4917	197	-33	2764	13820	2764	71334914
-16344	1467	3681	21	-756	-96	4919	195	-33	2765	13825	2765	71334914
-16352	1427	3594	19	-757	-94	4920	197	-31	2766	13830	2766	71334914
-16410	1404	3478	44	-764	-85	4920	198	-28	2767	13835	2767	71334914
-16429	1402	3413	60	-774	-69	4921	197	-28	2768	13840	2768	71334914
-16432	1362	3429	45	-783	-63	4922	196	-28	2769	13845	2769	71334917
-16472	1362	3427	41	-788	-52	4923	194	-28	2770	13850	2770	71334938
-16463	1407	3427	48	-790	-48	4924	190	-28	2771	13855	2771	71334961
-16424	1394	3493	66	-783	-50	4925	193	-28	2772	13860	2772	71334961
-16424	1366	3512	100	-786	-43	4927	198	-28	2773	13865	2773	71334962
-16400	1402	3567	127	-811	-36	4928	196	-29	2774	13870	2774	71334962
-16412	1430	3654	158	-838	-34	4929	194	-30	2775	13875	2775	71334962
-16429	1420	3783	202	-872	-28	4930	193	-30	2776	13880	2776	71334962
-16410	1414	3887	226	-906	-25	4931	192	-30	2777	13885	2777	71334967
-16402	1444	3881	239	-921	-22	4932	193	-32	2778	13890	2778	71334987
-16462	1490	3889	269	-907	-21	4933	194	-34	2779	13895	2779	71334998
-16525	1462	3852	281	-897	-30	4934	196	-30	2780	13900	2780	71334998
-16494	1408	3824	274	-885	-41	4935	197	-27	2781	13905	2781	71334998
-16431	1427	3749	261	-878	-48	4936	200	-32	2782	13910	2782	71334998
-16426	1460	3820	247	-886	-62	4937	201	-33	2783	13915	2783	71334998
-16467	1446	3757	254	-893	-70	4938	198	-30	2784	13920	2784	71334998
-16490	1424	3618	268	-889	-65	4939	196	-28	2785	13925	2785	71335023
-16481	1403	3582	270	-873	-65	4940	198	-29	2786	13930	2786	71335039
-16475	1417	3493	243	-863	-70	4941	199	-29	2787	13935	2787	71335039
-16460	1450	3428	226	-852	-65	4942	197	-34	2788	13940	2788	71335044
-16461	1473	3445	221	-844	-63	4943	195	-37	2789	13945	2789	71335048
-16432	1504	3507	260	-829	-62	4944	192	-34	2790	13950	2790	71335049
-16441	1426	3490	320	-808	-62	4945	191	-33	2791	13955	2791	71335049
-16414	1498	3575	384	-817	-72	4946	194	-28	2792	13960	2792	71335049
-16396	1532	3632	430	-844	-68	4947	195	-27	2793	13965	2793	71335049
-16357	1508	3632	434	-892	-50	4948	194	-29	2794	13970	2794	71335050
-16415	1512	3748	395	-939	-43	4949	194	-30	2795	13975	2795	71335071
-16475	1496	3700	351	-970	-47	4950	194	-30	2796	13980	2796	71335076
-16457	1502	3790	302	-961	-52	4951	194	-30	2797	13985	2797	71335076
-16452	1508	3790	282	-905	-47	4952	195	-25	2798	13990	2798	71335076
-16436	1520	3906	303	-879	-49	4953	195	-25	2799	13995	2799	71335076
