-16702	-994	1794	272	-353	-482	86	480	36	844	4220	844	69814883
-16706	-1008	1774	263	-354	-470	86	480	36	845	4225	845	69814883
-16770	-1001	1840	288	-351	-487	90	474	34	846	4230	846	69814885
-16712	-982	1756	288	-346	-480	90	475	35	847	4235	847	69814898
-16729	-1025	1779	286	-333	-480	91	479	37	848	4240	848	69814920
-16694	-1052	1844	277	-336	-488	91	479	37	849	4245	849	69814921
-16754	-1036	1752	286	-339	-482	89	475	37	850	4250	850	69814921
-16706	-1026	1760	297	-323	-476	89	475	37	851	4255	851	69814921
-16648	-1018	1866	291	-327	-473	86	476	40	852	4260	852	69814921
-16738	-1022	1810	287	-331	-474	86	476	40	853	4265	853	69814922
-16664	-1025	1795	299	-328	-476	89	479	37	854	4270	854	69814926
-16696	-1042	1788	290	-321	-476	88	478	37	855	4275	855	69814944
-16694	-978	1794	291	-327	-467	82	474	36	856	4280	856	69814957
-16678	-1035	1854	280	-317	-460	83	474	36	857	4285	857	69814958
-16680	-967	1820	281	-313	-462	87	475	37	858	4290	858	69814958
-16656	-980	1794	287	-307	-464	87	475	37	859	4295	859	69814958
-16686	-1012	1846	289	-305	-465	87	473	35	860	4300	860	69814958
-16674	-1022	1790	283	-299	-462	88	473	35	861	4305	861	69814960
-16693	-1032	1800	282	-291	-458	90	472	34	862	4310	862	69814976
-16722	-1026	1800	282	-296	-446	91	473	35	863	4315	863	69815003
-16698	-974	1802	294	-287	-451	96	476	38	864	4320	864	69815003
-16725	-970	1784	277	-281	-444	95	476	37	865	4325	865	69815003
-16740	-989	1825	281	-281	-443	93	475	35	866	4330	866	69815003
-16755	-1036	1877	282	-270	-436	92	475	35	867	4335	867	69815003
-16769	-1041	1770	280	-262	-435	86	476	36	868	4340	868	69815003
-16713	-1026	1750	294	-264	-434	86	475	36	869	4345	869	69815005
-16713	-1065	1812	292	-267	-424	88	472	34	870	4350	870	69815019
-16736	-1073	1824	288	-256	-422	89	474	34	871	4355	871	69815041
-16700	-1024	1833	285	-253	-411	91	477	33	872	4360	872	69815041
-16735	-1028	1813	284	-249	-404	90	480	35	873	4365	873	69815041
-16734	-1031	1771	279	-236	-402	88	484	38	874	4370	874	69815041
-16676	-1052	1774	285	-226	-394	89	483	37	875	4375	875	69815042
-16620	-1080	1797	278	-223	-392	94	478	34	876	4380	876	69815042
-16685	-1040	1814	277	-233	-400	92	480	34	877	4385	877	69815043
-16662	-1025	1797	285	-229	-398	86	486	32	878	4390	878	69815057
-16713	-1003	1788	293	-231	-394	86	481	35	879	4395	879	69815082
-16743	-1012	1811	293	-219	-395	87	473	39	880	4400	880	69815082
-16687	-1016	1766	304	-211	-393	86	477	38	881	4405	881	69815083
-16693	-1040	1711	312	-215	-393	84	482	36	882	4410	882	69815083
-16710	-1038	1728	310	-214	-389	84	479	36	883	4415	883	69815084
-16686	-1009	1760	301	-211	-386	83	475	37	884	4420	884	69815084
-16691	-1016	1832	295	-211	-394	84	474	37	885	4425	885	69815085
-16718	-1000	1824	296	-218	-403	86	472	36	886	4430	886	69815094
-16727	-1009	1754	298	-224	-410	86	472	38	887	4435	887	69815111
-16719	-1005	1703	310	-225	-414	86	472	42	888	4440	888	69815117
-16672	-979	1734	323	-216	-423	85	471	39	889	4445	889	69815118
-16662	-1021	1797	324	-212	-434	84	470	34	890	4450	890	69815118
-16744	-1047	1818	330	-214	-446	86	471	36	891	4455	891	69815118
-16744	-1006	1762	338	-209	-451	90	472	38	892	4460	892	69815118
-16721	-960	1764	324	-211	-463	91	474	38	893	4465	893	69815121
-16696	-973	1769	300	-221	-469	92	478	38	894	4470	894	69815136
-16714	-986	1808	293	-224	-480	88	474	36	895	4475	895	69815154
-16688	-1006	1846	285	-222	-502	84	470	34	896	4480	896	69815154
-16662	-965	1818	275	-222	-516	89	469	35	897	4485	897	69815154
-16654	-925	1847	279	-233	-523	92	468	36	898	4490	898	69815154
-16665	-972	1793	278	-239	-525	88	473	37	899	4495	899	69815154
-16673	-1009	1745	284	-242	-529	85	477	37	900	4500	900	69815154
-16704	-964	1735	287	-237	-542	87	478	36	901	4505	901	69815170
-16728	-927	1700	275	-230	-553	91	479	35	902	4510	902	69815194
-16706	-958	1683	269	-238	-549	91	475	35	903	4515	903	69815195
-16695	-1001	1710	271	-241	-550	90	470	34	904	4520	904	69815195
-16705	-1080	1711	276	-243	-563	92	473	32	905	4525	905	69815195
-16739	-1053	1693	267	-249	-572	93	475	31	906	4530	906	69815196
-16746	-1028	1710	269	-257	-577	89	475	36	907	4535	907	69815196
-16774	-1050	1704	258	-264	-592	87	475	39	908	4540	908	69815196
-16740	-1047	1692	241	-279	-593	88	479	37	909	4545	909	69815211
-16674	-1021	1724	242	-291	-590	89	481	35	910	4550	910	69815226
-16646	-1022	1704	250	-308	-586	91	480	33	911	4555	911	69815230
-16705	-1069	1705	249	-323	-581	92	480	32	912	4560	912	69815230
-16687	-1069	1726	253	-327	-572	89	475	34	913	4565	913	69815230
-16699	-1060	1704	256	-331	-569	87	473	35	914	4570	914	69815230
-16697	-1058	1696	262	-343	-560	89	475	36	915	4575	915	69815230
-16686	-1110	1704	252	-356	-555	91	477	37	916	4580	916	69815238
-16705	-1116	1674	246	-369	-551	89	476	35	917	4585	917	69815259
-16720	-1078	1698	248	-379	-543	87	475	33	918	4590	918	69815269
-16710	-1104	1718	247	-395	-533	86	479	32	919	4595	919	69815270
-16671	-1129	1687	240	-398	-524	85	481	31	920	4600	920	69815270
-16692	-1118	1718	247	-404	-516	92	474	30	921	4605	921	69815270
-16673	-1111	1699	242	-421	-503	94	472	30	922	4610	922	69815270
-16688	-1152	1687	249	-425	-493	88	473	36	923	4615	923	69815271
-16668	-1076	1774	253	-427	-479	87	473	37	924	4620	924	69815293
-16683	-1084	1753	260	-432	-454	93	477	36	925	4625	925	69815304
-16700	-1108	1759	273	-435	-435	94	478	36	926	4630	926	69815306
-16689	-1132	1739	272	-437	-409	89	477	36	927	4635	927	69815307
-16726	-1174	1722	276	-436	-381	86	476	36	928	4640	928	69815307
-16670	-1155	1749	283	-438	-364	88	474	33	929	4645	929	69815307
-16674	-1174	1775	277	-448	-331	88	474	32	930	4650	930	69815307
-16714	-1175	1831	263	-457	-316	86	476	34	931	4655	931	69815307
-16712	-1129	1788	258	-457	-303	85	477	35	932	4660	932	69815314
-16700	-1153	1697	275	-449	-279	87	478	36	933	4665	933	69815338
-16720	-1196	1724	274	-447	-255	88	478	36	934	4670	934	69815344
-16660	-1183	1790	275	-438	-228	92	472	35	935	4675	935	69815345
-16719	-1116	1802	272	-424	-215	93	471	35	936	4680	936	69815345
-16638	-1028	1852	303	-431	-198	90	480	36	937	4685	937	69815345
-16738	-1106	1818	280	-424	-189	90	480	36	938	4690	938	69815345
-16685	-1076	1815	277	-413	-171	88	473	33	939	4695	939	69815346
-16644	-1056	1816	285	-403	-152	88	472	32	940	4700	940	69815368
-16694	-1022	1811	314	-406	-131	89	474	34	941	4705	941	69815384
-16697	-1070	1752	339	-398	-116	89	475	35	942	4710	942	69815387
-16638	-1106	1701	340	-392	-107	94	478	38	943	4715	943	69815387
-16701	-1032	1778	339	-385	-88	95	479	39	944	4720	944	69815387
-16696	-1054	1778	341	-352	-75	89	477	39	945	4725	945	69815388
-16726	-1050	1712	340	-353	-76	89	477	39	946	4730	946	69815388
-16718	-1076	1806	331	-344	-58	91	475	35	947	4735	947	69815396
-16658	-1042	1812	333	-329	-55	91	475	35	948	4740	948	69815431
-16732	-1064	1828	337	-330	-31	86	476	36	949	4745	949	69815431
-16712	-1006	1778	341	-320	-29	86	476	36	950	4750	950	69815432
-16682	-1082	1772	345	-304	-28	89	479	27	951	4755	951	69815432
-16660	-1092	1770	360	-300	-24	89	479	27	952	4760	952	69815432
-16717	-1035	1794	361	-284	-14	90	473	34	953	4765	953	69815432
-16680	-1068	1714	359	-278	-9	90	472	36	954	4770	954	69815432
-16690	-1024	1822	350	-274	-6	87	475	37	955	4775	955	69815477
-16694	-1044	1794	349	-289	-18	87	475	37	956	4780	956	69815477
-16746	-952	1806	349	-288	-17	88	470	32	957	4785	957	69815478
-16764	-1008	1790	339	-272	-1	88	470	32	958	4790	958	69815478
-16742	-1012	1806	335	-268	-1	88	478	26	959	4795	959	69815479
-16756	-1062	1722	326	-278	1	88	478	26	960	4800	960	69815479
-16664	-1052	1690	315	-276	-1	85	477	35	961	4805	961	69815479
-16703	-993	1666	291	-278	-17	85	477	35	962	4810	962	69815482
-16710	-973	1792	279	-270	-35	85	477	37	963	4815	963	69815491
-16692	-1016	1712	267	-266	-33	85	477	37	964	4820	964	69815507
-16716	-922	1726	272	-276	-52	90	474	36	965	4825	965	69815507
-16702	-882	1808	256	-268	-73	90	474	36	966	4830	966	69815507
-16692	-950	1746	256	-271	-77	82	484	34	967	4835	967	69815507
-16696	-918	1752	260	-271	-89	82	484	34	968	4840	968	69815507
-16696	-922	1756	247	-254	-98	88	476	32	969	4845	969	69815507
-16704	-910	1722	248	-259	-120	88	476	32	970	4850	970	69815507
-16780	-929	1752	238	-252	-134	85	479	39	971	4855	971	69815509
-16715	-954	1729	232	-253	-146	86	479	38	972	4860	972	69815524
-16734	-1024	1743	209	-249	-174	88	480	36	973	4865	973	69815556
-16725	-953	1751	173	-244	-196	87	479	37	974	4870	974	69815556
-16714	-913	1735	161	-253	-210	84	476	40	975	4875	975	69815557
-16770	-858	1751	169	-262	-212	84	477	38	976	4880	976	69815557
-16732	-846	1766	181	-258	-204	84	480	30	977	4885	977	69815558
-16722	-806	1712	217	-241	-226	84	480	30	978	4890	978	69815558
-16738	-828	1718	227	-232	-239	85	481	37	979	4895	979	69815563
-16782	-891	1668	233	-232	-239	85	481	37	980	4900	980	69815585
-16761	-834	1714	225	-223	-246	83	479	37	981	4905	981	69815593
-16731	-834	1724	238	-229	-262	84	478	36	982	4910	982	69815593
-16710	-822	1760	250	-225	-271	86	472	30	983	4915	983	69815593
-16655	-876	1717	241	-229	-284	85	471	31	984	4920	984	69815593
-16721	-898	1734	239	-233	-283	81	469	33	985	4925	985	69815593
-16709	-860	1744	224	-231	-297	82	471	32	986	4930	986	69815593
-16698	-831	1790	236	-236	-322	85	475	29	987	4935	987	69815593
-16712	-827	1727	242	-232	-332	86	476	31	988	4940	988	69815599
-16735	-839	1713	248	-229	-347	87	477	35	989	4945	989	69815617
-16693	-853	1759	255	-240	-366	86	477	34	990	4950	990	69815636
-16715	-850	1763	274	-244	-378	83	477	31	991	4955	991	69815636
-16699	-843	1730	283	-246	-391	84	476	31	992	4960	992	69815636
-16751	-898	1728	273	-239	-399	90	472	30	993	4965	993	69815637
-16764	-867	1687	271	-233	-405	89	472	31	994	4970	994	69815637
-16704	-916	1662	257	-248	-416	85	471	33	995	4975	995	69815637
-16729	-882	1712	262	-246	-427	87	475	33	996	4980	996	69815665
-16750	-888	1762	255	-253	-443	91	481	33	997	4985	997	69815712
-16700	-896	1734	247	-254	-449	89	479	35	998	4990	998	69815719
-16681	-884	1695	244	-261	-461	87	477	39	999	4995	999	69815719
-16658	-853	1733	240	-262	-477	89	477	38	1000	5000	1000	69815720
-16677	-808	1694	237	-261	-488	91	477	37	1001	5005	1001	69815720
-16757	-821	1693	244	-266	-493	90	477	37	1002	5010	1002	69815720
-16759	-849	1722	253	-264	-492	87	477	37	1003	5015	1003	69815721
-16718	-884	1762	253	-270	-504	84	476	36	1004	5020	1004	69815727
-16676	-910	1715	250	-273	-506	80	474	34	1005	5025	1005	69815745
-16730	-904	1620	246	-272	-509	82	475	34	1006	5030	1006	69815757
-16754	-834	1647	241	-272	-521	84	476	34	1007	5035	1007	69815757
-16737	-867	1690	247	-269	-540	84	476	34	1008	5040	1008	69815758
-16714	-952	1717	252	-278	-545	85	477	35	1009	5045	1009	69815758
-16709	-965	1701	254	-283	-558	86	478	36	1010	5050	1010	69815758
-16711	-925	1702	254	-282	-577	88	480	38	1011	5055	1011	69815759
-16699	-917	1696	247	-272	-582	87	479	36	1012	5060	1012	69815759
-16701	-874	1661	247	-273	-591	86	478	34	1013	5065	1013	69815760
-16741	-825	1708	250	-272	-606	86	474	39	1014	5070	1014	69815760
-16730	-880	1687	248	-276	-622	86	472	42	1015	5075	1015	69815761
-16680	-893	1697	246	-282	-639	87	473	37	1016	5080	1016	69815761
-16637	-890	1739	246	-284	-649	88	474	32	1017	5085	1017	69815763
-16668	-912	1706	250	-284	-659	87	474	34	1018	5090	1018	69815767
-16748	-881	1709	247	-284	-676	86	474	36	1019	5095	1019	69815767
-16722	-911	1722	241	-278	-683	84	479	34	1020	5100	1020	69815767
-16740	-874	1641	247	-279	-695	81	483	31	1021	5105	1021	69815773
-16722	-857	1620	260	-282	-706	86	478	28	1022	5110	1022	69815790
-16681	-876	1650	263	-278	-715	90	474	26	1023	5115	1023	69815798
-16690	-916	1645	254	-277	-722	88	475	28	1024	5120	1024	69815798
-16702	-941	1661	252	-279	-726	87	475	29	1025	5125	1025	69815798
-16711	-924	1695	255	-276	-728	89	478	33	1026	5130	1026	69815798
-16713	-921	1736	249	-271	-730	90	480	36	1027	5135	1027	69815798
-16695	-943	1725	248	-276	-728	84	476	35	1028	5140	1028	69815798
-16738	-993	1729	246	-291	-726	82	474	34	1029	5145	1029	69815823
-16724	-998	1726	252	-291	-734	84	478	33	1030	5150	1030	69815836
-16721	-981	1716	256	-283	-743	86	480	32	1031	5155	1031	69815836
-16701	-1020	1736	254	-282	-738	87	478	34	1032	5160	1032	69815836
-16696	-1035	1725	252	-283	-736	87	477	35	1033	5165	1033	69815836
-16709	-1068	1691	239	-293	-740	86	475	36	1034	5170	1034	69815836
-16706	-1054	1714	223	-295	-731	86	474	36	1035	5175	1035	69815836
-16729	-1030	1699	218	-290	-725	90	475	36	1036	5180	1036	69815836
-16734	-1046	1670	227	-290	-725	92	476	36	1037	5185	1037	69815842
-16727	-1036	1735	231	-292	-726	91	478	32	1038	5190	1038	69815866
-16713	-1037	1797	246	-303	-721	91	479	31	1039	5195	1039	69815873
-16704	-1080	1779	244	-304	-719	85	477	30	1040	5200	1040	69815873
-16700	-1066	1743	247	-305	-713	84	476	30	1041	5205	1041	69815873
-16721	-1031	1705	256	-306	-698	87	476	33	1042	5210	1042	69815873
-16734	-1023	1674	268	-300	-687	88	476	34	1043	5215	1043	69815873
-16724	-1030	1671	279	-306	-682	87	477	35	1044	5220	1044	69815873
-16742	-1032	1696	288	-320	-669	86	478	36	1045	5225	1045	69815894
-16728	-1096	1736	293	-324	-660	87	479	32	1046	5230	1046	69815908
-16722	-1093	1656	291	-318	-659	87	479	31	1047	5235	1047	69815910
-16695	-1078	1628	286	-319	-650	92	477	34	1048	5240	1048	69815910
-16696	-1087	1639	279	-336	-638	93	477	35	1049	5245	1049	69815910
-16693	-1061	1728	279	-338	-635	83	479	36	1050	5250	1050	69815910
-16706	-1084	1667	270	-335	-622	80	480	36	1051	5255	1051	69815910
-16732	-1054	1673	275	-338	-605	85	475	34	1052	5260	1052	69815917
-16720	-1050	1675	264	-356	-594	86	474	34	1053	5265	1053	69815942
-16692	-1118	1722	259	-356	-579	90	476	38	1054	5270	1054	69815948
-16717	-1115	1799	260	-362	-580	90	476	38	1055	5275	1055	69815949
-16663	-1095	1736	254	-360	-563	92	474	36	1056	5280	1056	69815949
-16648	-1087	1663	259	-357	-538	92	474	36	1057	5285	1057	69815949
-16634	-1089	1631	263	-361	-527	91	478	29	1058	5290	1058	69815949
-16713	-1104	1664	261	-363	-507	91	479	27	1059	5295	1059	69815950
-16744	-1103	1719	270	-362	-502	93	473	29	1060	5300	1060	69815971
-16690	-1100	1680	258	-370	-488	94	472	30	1061	5305	1061	69815983
-16698	-1106	1706	283	-367	-475	91	469	33	1062	5310	1062	69815985
-16690	-1100	1632	260	-375	-466	91	469	33	1063	5315	1063	69815985
-16698	-1030	1670	267	-367	-462	97	479	35	1064	5320	1064	69815985
-16690	-1130	1666	260	-371	-459	97	479	35	1065	5325	1065	69815985
-16726	-1114	1756	262	-371	-448	89	469	33	1066	5330	1066	69815985
-16718	-1018	1598	266	-369	-432	89	469	33	1067	5335	1067	69815986
-16728	-1108	1721	259	-367	-426	92	473	31	1068	5340	1068	69816017
-16677	-1121	1799	264	-369	-423	92	474	30	1069	5345	1069	69816023
-16666	-1170	1704	291	-361	-412	85	475	31	1070	5350	1070	69816023
-16698	-1152	1768	273	-367	-402	85	475	31	1071	5355	1071	69816023
-16684	-1122	1742	286	-375	-395	88	474	36	1072	5360	1072	69816023
-16722	-1150	1782	279	-370	-403	88	474	36	1073	5365	1073	69816023
-16702	-1148	1752	258	-385	-390	89	479	31	1074	5370	1074	69816023
-16656	-1164	1730	247	-385	-393	89	479	31	1075	5375	1075	69816037
-16678	-1054	1692	268	-385	-402	90	472	32	1076	5380	1076	69816066
-16730	-1090	1768	259	-398	-410	90	472	32	1077	5385	1077	69816067
-16706	-1042	1708	252	-390	-384	84	470	32	1078	5390	1078	69816067
-16649	-1026	1618	271	-380	-379	85	472	32	1079	5395	1079	69816067
-16679	-1031	1680	273	-383	-385	90	478	32	1080	5400	1080	69816067
-16696	-1126	1720	275	-385	-382	90	478	32	1081	5405	1081	69816068
-16706	-1080	1720	276	-377	-381	91	475	35	1082	5410	1082	69816068
-16654	-1076	1674	281	-372	-374	91	475	35	1083	5415	1083	69816104
-16734	-1112	1706	283	-361	-367	87	475	33	1084	5420	1084	69816104
-16728	-1118	1622	293	-363	-357	87	475	33	1085	5425	1085	69816104
-16662	-1080	1696	276	-371	-358	93	479	39	1086	5430	1086	69816104
-16727	-1098	1626	276	-366	-362	94	479	38	1087	5435	1087	69816104
-16715	-1055	1742	283	-363	-351	96	478	34	1088	5440	1088	69816104
-16650	-1084	1692	296	-344	-346	95	478	33	1089	5445	1089	69816104
-16674	-1111	1714	293	-357	-330	92	476	30	1090	5450	1090	69816111
-16696	-1098	1736	287	-356	-321	91	476	32	1091	5455	1091	69816141
-16692	-1106	1755	269	-358	-314	88	476	38	1092	5460	1092	69816141
-16706	-1127	1702	255	-355	-318	87	476	38	1093	5465	1093	69816141
-16656	-1064	1702	266	-367	-307	83	475	37	1094	5470	1094	69816141
-16628	-1122	1690	275	-364	-299	83	475	37	1095	5475	1095	69816141
-16704	-1065	1687	268	-375	-300	87	477	37	1096	5480	1096	69816142
-16674	-1082	1735	263	-372	-300	87	476	37	1097	5485	1097	69816142
-16703	-1051	1702	272	-375	-281	89	473	35	1098	5490	1098	69816147
-16670	-1011	1656	263	-394	-276	90	474	35	1099	5495	1099	69816170
-16678	-1073	1680	280	-399	-277	94	476	34	1100	5500	1100	69816178
-16643	-1136	1626	286	-400	-285	94	476	34	1101	5505	1101	69816178
-16640	-1132	1684	273	-421	-283	92	474	36	1102	5510	1102	69816178
-16651	-1167	1650	256	-434	-277	92	475	36	1103	5515	1103	69816178
-16689	-1078	1634	245	-442	-267	91	477	35	1104	5520	1104	69816178
-16719	-1024	1668	235	-446	-269	91	476	35	1105	5525	1105	69816182
-16737	-1002	1728	238	-455	-267	91	475	35	1106	5530	1106	69816197
-16695	-981	1694	242	-465	-256	90	475	34	1107	5535	1107	69816216
-16674	-986	1635	242	-471	-252	85	473	31	1108	5540	1108	69816217
-16709	-964	1629	262	-472	-244	85	473	32	1109	5545	1109	69816217
-16742	-985	1680	253	-486	-238	84	474	34	1110	5550	1110	69816217
-16677	-1016	1692	247	-490	-227	84	473	33	1111	5555	1111	69816218
-16724	-1035	1726	255	-498	-224	85	471	29	1112	5560	1112	69816218
-16762	-992	1677	258	-503	-215	85	475	33	1113	5565	1113	69816229
-16743	-964	1673	262	-506	-208	86	480	40	1114	5570	1114	69816249
-16713	-974	1669	277	-509	-200	89	480	38	1115	5575	1115	69816254
-16694	-989	1708	290	-503	-191	93	479	35	1116	5580	1116	69816254
-16682	-1018	1736	285	-495	-182	93	478	33	1117	5585	1117	69816254
-16689	-1047	1717	284	-496	-172	93	477	31	1118	5590	1118	69816254
-16692	-1045	1769	284	-496	-167	93	477	31	1119	5595	1119	69816254
-16714	-1046	1731	287	-494	-168	94	478	30	1120	5600	1120	69816254
-16682	-1051	1728	296	-498	-165	91	477	32	1121	5605	1121	69816266
-16674	-1070	1776	304	-495	-157	86	476	34	1122	5610	1122	69816288
-16691	-1014	1780	312	-487	-153	87	478	32	1123	5615	1123	69816295
-16729	-935	1770	316	-481	-152	88	480	28	1124	5620	1124	69816295
-16756	-948	1724	313	-474	-152	87	476	31	1125	5625	1125	69816295
-16777	-992	1714	317	-472	-150	86	470	36	1126	5630	1126	69816295
-16780	-1006	1719	328	-462	-141	89	469	34	1127	5635	1127	69816295
-16812	-994	1691	349	-448	-134	93	467	31	1128	5640	1128	69816296
-16759	-1047	1776	352	-437	-134	90	471	30	1129	5645	1129	69816312
-16718	-1039	1850	339	-430	-130	88	474	30	1130	5650	1130	69816328
-16665	-1043	1782	337	-420	-125	86	470	36	1131	5655	1131	69816332
-16662	-997	1797	340	-412	-132	84	468	40	1132	5660	1132	69816332
-16736	-934	1869	343	-409	-133	84	473	36	1133	5665	1133	69816332
-16774	-952	1840	347	-397	-128	84	478	32	1134	5670	1134	69816332
-16721	-988	1797	351	-374	-122	84	477	32	1135	5675	1135	69816333
-16673	-952	1853	364	-362	-110	85	475	33	1136	5680	1136	69816337
-16677	-942	1796	370	-358	-108	88	479	35	1137	5685	1137	69816354
-16697	-970	1738	371	-345	-104	90	482	36	1138	5690	1138	69816364
-16689	-976	1732	378	-330	-96	88	480	35	1139	5695	1139	69816364
-16674	-970	1788	371	-318	-88	86	478	34	1140	5700	1140	69816364
-16702	-1003	1857	365	-305	-85	87	476	35	1141	5705	1141	69816364
-16672	-933	1819	365	-302	-85	87	475	35	1142	5710	1142	69816364
-16681	-914	1778	361	-297	-79	87	479	35	1143	5715	1143	69816364
-16738	-958	1794	357	-287	-76	87	481	35	1144	5720	1144	69816375
-16713	-949	1837	349	-264	-79	84	477	31	1145	5725	1145	69816398
-16695	-882	1772	362	-259	-84	83	475	29	1146	5730	1146	69816403
-16736	-870	1715	361	-252	-91	84	476	31	1147	5735	1147	69816403
-16753	-902	1710	345	-245	-97	85	477	33	1148	5740	1148	69816404
-16730	-915	1763	344	-244	-107	89	478	36	1149	5745	1149	69816404
-16740	-910	1729	335	-238	-112	92	478	38	1150	5750	1150	69816404
-16736	-931	1747	329	-238	-117	88	478	34	1151	5755	1151	69816424
-16759	-932	1768	323	-239	-137	86	478	32	1152	5760	1152	69816437
-16706	-898	1738	317	-226	-166	85	477	35	1153	5765	1153	69816438
-16667	-877	1743	303	-225	-189	84	476	36	1154	5770	1154	69816438
-16706	-864	1671	299	-233	-209	86	478	30	1155	5775	1155	69816438
-16721	-876	1734	297	-240	-228	86	478	28	1156	5780	1156	69816438
-16704	-869	1746	287	-240	-245	88	473	31	1157	5785	1157	69816438
-16682	-850	1778	298	-232	-275	88	472	32	1158	5790	1158	69816446
-16654	-851	1770	307	-234	-282	86	474	33	1159	5795	1159	69816473
-16675	-875	1745	306	-238	-300	85	475	33	1160	5800	1160	69816490
-16677	-867	1715	303	-248	-311	83	474	35	1161	5805	1161	69816496
-16687	-835	1690	287	-259	-331	82	474	36	1162	5810	1162	69816496
-16706	-846	1718	263	-267	-347	81	478	30	1163	5815	1163	69816496
-16684	-839	1713	270	-273	-362	81	479	29	1164	5820	1164	69816497
-16710	-831	1651	284	-284	-379	83	477	33	1165	5825	1165	69816497
-16774	-835	1630	289	-276	-398	84	476	34	1166	5830	1166	69816514
-16790	-798	1676	300	-279	-401	85	478	35	1167	5835	1167	69816518
-16809	-857	1651	319	-290	-406	85	479	35	1168	5840	1168	69816518
-16774	-872	1656	334	-305	-419	82	474	30	1169	5845	1169	69816518
-16752	-934	1648	313	-327	-430	81	473	29	1170	5850	1170	69816518
-16712	-972	1688	285	-332	-449	90	476	36	1171	5855	1171	69816518
-16656	-914	1674	288	-346	-475	90	476	36	1172	5860	1172	69816518
-16701	-884	1751	272	-344	-476	89	479	30	1173	5865	1173	69816518
-16625	-883	1720	256	-354	-488	89	479	29	1174	5870	1174	69816548
-16578	-866	1698	240	-356	-509	84	477	34	1175	5875	1175	69816555
-16679	-857	1766	240	-359	-515	83	477	35	1176	5880	1176	69816555
-16588	-837	1864	257	-372	-521	84	481	34	1177	5885	1177	69816555
-16617	-837	1844	273	-381	-532	84	482	34	1178	5890	1178	69816555
-16692	-816	1788	276	-383	-540	88	478	34	1179	5895	1179	69816555
-16742	-844	1804	261	-368	-552	88	478	34	1180	5900	1180	69816555
-16802	-912	1796	274	-384	-561	86	472	36	1181	5905	1181	69816564
-16696	-902	1784	269	-390	-565	86	472	36	1182	5910	1182	69816593
-16688	-894	1674	257	-381	-573	87	473	37	1183	5915	1183	69816593
-16702	-876	1628	266	-384	-603	87	473	37	1184	5920	1184	69816593
-16742	-922	1660	271	-388	-609	83	479	31	1185	5925	1185	69816594
-16694	-937	1660	264	-391	-612	83	479	31	1186	5930	1186	69816594
-16718	-916	1722	261	-395	-634	88	472	36	1187	5935	1187	69816595
-16686	-926	1808	240	-402	-647	88	472	36	1188	5940	1188	69816595
-16732	-964	1736	237	-414	-664	91	473	35	1189	5945	1189	69816622
-16734	-950	1754	227	-406	-669	91	473	35	1190	5950	1190	69816643
-16708	-996	1756	230	-415	-668	86	484	32	1191	5955	1191	69816643
-16680	-930	1688	228	-410	-669	86	484	32	1192	5960	1192	69816643
-16692	-900	1680	231	-406	-667	88	476	38	1193	5965	1193	69816643
-16688	-914	1752	212	-419	-668	88	476	38	1194	5970	1194	69816643
-16704	-924	1802	219	-423	-656	86	480	38	1195	5975	1195	69816643
-16683	-934	1710	212	-411	-658	86	480	38	1196	5980	1196	69816650
-16734	-924	1777	202	-409	-652	88	478	36	1197	5985	1197	69816681
-16660	-1031	1772	210	-410	-648	87	478	35	1198	5990	1198	69816688
-16660	-1007	1797	212	-411	-635	85	477	31	1199	5995	1199	69816689
-16662	-1022	1774	219	-410	-633	85	477	31	1200	6000	1200	69816689
-16676	-1016	1668	189	-414	-631	89	477	35	1201	6005	1201	69816689
-16668	-1034	1734	178	-401	-636	89	477	35	1202	6010	1202	69816690
-16696	-1052	1738	170	-403	-628	88	478	38	1203	6015	1203	69816690
-16756	-1049	1754	185	-413	-626	87	478	38	1204	6020	1204	69816690
-16727	-1008	1741	190	-412	-628	84	478	40	1205	6025	1205	69816692
-16704	-984	1688	201	-398	-631	84	478	39	1206	6030	1206	69816703
-16692	-979	1722	208	-404	-636	86	480	36	1207	6035	1207	69816728
-16713	-945	1744	221	-402	-636	86	480	36	1208	6040	1208	69816728
-16744	-1003	1817	216	-400	-635	86	480	36	1209	6045	1209	69816729
-16790	-940	1792	214	-386	-625	86	479	36	1210	6050	1210	69816729
-16759	-974	1767	225	-393	-620	86	476	34	1211	6055	1211	69816729
-16725	-1002	1756	236	-369	-615	86	475	35	1212	6060	1212	69816730
-16737	-999	1752	235	-365	-609	86	472	36	1213	6065	1213	69816730
-16735	-1010	1746	227	-363	-615	87	473	37	1214	6070	1214	69816730
-16732	-1035	1750	224	-362	-616	91	475	39	1215	6075	1215	69816730
-16708	-1030	1810	206	-353	-610	91	475	38	1216	6080	1216	69816730
-16714	-1028	1737	217	-342	-605	91	473	33	1217	6085	1217	69816738
-16703	-1014	1769	239	-344	-602	90	474	34	1218	6090	1218	69816768
-16702	-973	1772	238	-337	-605	85	479	37	1219	6095	1219	69816778
-16731	-1047	1744	238	-322	-610	86	477	37	1220	6100	1220	69816778
-16740	-1030	1748	235	-324	-619	89	471	37	1221	6105	1221	69816779
-16761	-1005	1717	240	-314	-623	87	473	37	1222	6110	1222	69816779
-16696	-962	1739	235	-313	-635	83	475	37	1223	6115	1223	69816779
-16708	-1004	1703	227	-304	-635	83	474	37	1224	6120	1224	69816779
-16738	-1039	1681	224	-289	-621	84	472	36	1225	6125	1225	69816791
-16772	-1060	1744	233	-280	-614	84	473	36	1226	6130	1226	69816816
-16759	-1065	1751	241	-273	-611	85	475	37	1227	6135	1227	69816816
-16750	-1028	1760	227	-254	-620	87	476	38	1228	6140	1228	69816816
-16770	-1046	1827	227	-239	-619	91	477	39	1229	6145	1229	69816816
-16721	-1022	1796	230	-229	-618	90	477	37	1230	6150	1230	69816816
-16714	-1054	1750	237	-226	-616	89	477	33	1231	6155	1231	69816816
-16766	-1069	1725	243	-217	-613	89	476	35	1232	6160	1232	69816820
-16748	-1077	1718	244	-198	-609	90	474	38	1233	6165	1233	69816836
-16709	-1030	1788	242	-186	-609	89	476	35	1234	6170	1234	69816854
-16682	-1008	1789	253	-192	-609	88	478	30	1235	6175	1235	69816854
-16678	-1027	1754	263	-192	-607	86	476	32	1236	6180	1236	69816854
-16683	-1047	1768	272	-178	-600	84	474	36	1237	6185	1237	69816854
-16690	-1046	1787	276	-167	-594	88	473	37	1238	6190	1238	69816854
-16686	-1051	1789	279	-160	-582	91	471	37	1239	6195	1239	69816854
-16684	-1084	1756	283	-168	-568	90	472	35	1240	6200	1240	69816870
-16702	-1119	1688	277	-180	-563	89	473	31	1241	6205	1241	69816894
-16713	-1118	1678	276	-180	-562	88	473	31	1242	6210	1242	69816894
-16719	-1125	1707	281	-177	-557	86	472	32	1243	6215	1243	69816894
-16726	-1114	1661	291	-180	-544	88	472	32	1244	6220	1244	69816894
-16705	-1094	1714	293	-186	-527	91	473	33	1245	6225	1245	69816894
-16619	-1068	1766	291	-190	-507	87	475	33	1246	6230	1246	69816894
-16618	-1102	1721	294	-193	-495	85	477	33	1247	6235	1247	69816899
-16650	-1102	1697	297	-200	-489	89	477	31	1248	6240	1248	69816939
-16678	-1110	1730	288	-209	-478	91	477	29	1249	6245	1249	69816963
-16686	-1079	1715	289	-215	-457	93	475	33	1250	6250	1250	69816963
-16720	-1094	1666	300	-220	-451	94	474	36	1251	6255	1251	69816963
-16710	-1134	1632	304	-231	-442	92	474	34	1252	6260	1252	69816963
-16619	-1100	1609	304	-252	-420	89	473	31	1253	6265	1253	69816963
-16645	-1087	1618	299	-255	-405	92	474	30	1254	6270	1254	69816963
-16674	-1132	1622	292	-256	-388	94	474	30	1255	6275	1255	69816963
-16653	-1123	1655	294	-270	-380	92	475	28	1256	6280	1256	69816982
-16648	-1105	1682	295	-284	-378	90	476	26	1257	6285	1257	69817006
-16673	-1130	1672	290	-302	-369	91	474	31	1258	6290	1258	69817014
-16696	-1156	1650	285	-311	-354	92	472	34	1259	6295	1259	69817015
-16698	-1112	1668	285	-313	-343	88	471	29	1260	6300	1260	69817015
-16699	-1121	1698	293	-314	-336	85	471	25	1261	6305	1261	69817015
-16738	-1141	1702	309	-340	-317	89	473	30	1262	6310	1262	69817016
-16732	-1162	1700	303	-356	-313	90	474	32	1263	6315	1263	69817016
-16683	-1142	1751	290	-356	-307	92	476	37	1264	6320	1264	69817034
-16627	-1109	1717	290	-359	-308	92	476	38	1265	6325	1265	69817048
-16635	-1080	1576	297	-376	-297	92	475	36	1266	6330	1266	69817052
-16660	-1108	1626	304	-400	-281	92	474	34	1267	6335	1267	69817052
-16655	-1111	1696	304	-413	-273	91	473	36	1268	6340	1268	69817052
