4174	-15876	-831	-1027	-3578	3191	72	10	-14	4728	23640	4728	69834302
4098	-15668	-812	-805	-3702	3181	73	11	-13	4729	23645	4729	69834302
4082	-15629	-754	-528	-3814	3190	75	15	-11	4730	23650	4730	69834302
4109	-15654	-651	-221	-3943	3152	74	15	-13	4731	23655	4731	69834302
4052	-15814	-624	98	-4063	3054	72	14	-22	4732	23660	4732	69834309
3930	-16003	-623	407	-4172	2928	73	13	-20	4733	23665	4733	69834339
3905	-16152	-612	644	-4280	2849	76	10	-14	4734	23670	4734	69834340
3833	-16355	-615	795	-4371	2766	76	11	-14	4735	23675	4735	69834340
3726	-16742	-590	808	-4498	2625	77	15	-13	4736	23680	4736	69834340
3679	-17041	-470	753	-4645	2464	76	16	-13	4737	23685	4737	69834340
3632	-17146	-406	754	-4784	2305	74	18	-14	4738	23690	4738	69834341
3539	-17244	-516	774	-4889	2150	74	16	-14	4739	23695	4739	69834349
3455	-17445	-582	725	-4983	1984	75	13	-13	4740	23700	4740	69834368
3391	-17720	-519	599	-5102	1760	76	17	-14	4741	23705	4741	69834379
3359	-17913	-533	493	-5238	1525	78	24	-16	4742	23710	4742	69834379
3361	-18002	-574	405	-5357	1319	78	23	-17	4743	23715	4743	69834379
3334	-18029	-638	225	-5462	1077	76	18	-18	4744	23720	4744	69834380
3392	-17891	-617	18	-5568	866	75	17	-18	4745	23725	4745	69834380
3488	-17651	-550	-180	-5666	681	74	16	-18	4746	23730	4746	69834380
3642	-17396	-529	-322	-5751	528	75	16	-15	4747	23735	4747	69834392
3840	-17138	-416	-380	-5851	373	77	17	-11	4748	23740	4748	69834412
4002	-16771	-333	-325	-5980	200	74	18	-15	4749	23745	4749	69834417
3971	-16288	-560	-68	-6103	91	70	20	-22	4750	23750	4750	69834417
4034	-15861	-805	319	-6192	106	72	18	-21	4751	23755	4751	69834417
4219	-15742	-958	667	-6311	104	76	16	-20	4752	23760	4752	69834417
4304	-16058	-1286	1011	-6411	-49	71	12	-21	4753	23765	4753	69834417
4322	-16265	-1446	1279	-6496	-222	68	10	-22	4754	23770	4754	69834424
4305	-16308	-1512	1468	-6563	-337	70	12	-20	4755	23775	4755	69834445
4229	-16270	-1703	1599	-6586	-416	72	14	-18	4756	23780	4756	69834455
4184	-16190	-1841	1642	-6576	-521	71	13	-15	4757	23785	4757	69834455
4168	-16174	-1892	1632	-6563	-645	71	13	-13	4758	23790	4758	69834455
4140	-16157	-1934	1640	-6574	-753	70	15	-18	4759	23795	4759	69834456
4104	-16102	-1980	1717	-6590	-850	69	17	-21	4760	23800	4760	69834456
4062	-16060	-1976	1890	-6601	-915	73	13	-17	4761	23805	4761	69834456
3995	-16042	-2100	2081	-6636	-967	74	12	-16	4762	23810	4762	69834457
3993	-15987	-2174	2270	-6676	-1016	71	14	-18	4763	23815	4763	69834479
4020	-15880	-2366	2548	-6712	-1041	70	14	-18	4764	23820	4764	69834490
4021	-15873	-2355	2798	-6736	-1064	69	13	-17	4765	23825	4765	69834492
3962	-15955	-2338	3078	-6792	-1119	69	13	-17	4766	23830	4766	69834492
3881	-16059	-2395	3451	-6846	-1190	68	11	-20	4767	23835	4767	69834492
3814	-16089	-2469	3878	-6868	-1257	68	10	-22	4768	23840	4768	69834492
3710	-16108	-2639	4353	-6879	-1334	70	15	-18	4769	23845	4769	69834492
3665	-16052	-2884	4788	-6883	-1389	70	16	-16	4770	23850	4770	69834500
3663	-16238	-2899	5126	-6890	-1455	69	12	-17	4771	23855	4771	69834531
3723	-16466	-2840	5420	-6925	-1571	69	11	-17	4772	23860	4772	69834539
3784	-16795	-2756	5650	-6959	-1707	67	12	-10	4773	23865	4773	69834539
3730	-17039	-2741	5790	-6994	-1846	66	12	-8	4774	23870	4774	69834539
3680	-17152	-2716	5936	-7022	-1977	68	13	-10	4775	23875	4775	69834540
3619	-17228	-2740	6129	-7037	-2092	69	13	-11	4776	23880	4776	69834540
3582	-17458	-2734	6242	-7034	-2258	64	10	-16	4777	23885	4777	69834540
3506	-17744	-2782	6250	-7029	-2415	64	10	-16	4778	23890	4778	69834579
3568	-17882	-2918	6334	-7019	-2520	65	1	-17	4779	23895	4779	69834580
3646	-17944	-2926	6462	-7015	-2640	65	1	-17	4780	23900	4780	69834580
3668	-18004	-2722	6527	-7029	-2778	65	9	-19	4781	23905	4781	69834581
3610	-18008	-2566	6636	-7070	-2912	65	9	-19	4782	23910	4782	69834581
3578	-17998	-2388	6826	-7112	-3058	64	8	-12	4783	23915	4783	69834581
3588	-18084	-2232	7108	-7158	-3201	64	8	-12	4784	23920	4784	69834582
3642	-18076	-2270	7487	-7228	-3350	65	5	-11	4785	23925	4785	69834582
3578	-18107	-2179	7750	-7288	-3544	65	6	-11	4786	23930	4786	69834593
3573	-18325	-2163	7809	-7340	-3739	63	9	-13	4787	23935	4787	69834617
3628	-18558	-2030	7792	-7390	-3910	63	9	-13	4788	23940	4788	69834617
3672	-18842	-1940	7766	-7450	-4111	60	8	-14	4789	23945	4789	69834617
3714	-18918	-1824	7885	-7489	-4282	60	8	-14	4790	23950	4790	69834617
3790	-18904	-2164	8141	-7503	-4375	65	9	-9	4791	23955	4791	69834617
3886	-18922	-2258	8193	-7519	-4471	65	9	-9	4792	23960	4792	69834617
3966	-19058	-2278	8128	-7558	-4631	65	3	-9	4793	23965	4793	69834617
4032	-19327	-2188	8049	-7595	-4860	64	3	-9	4794	23970	4794	69834619
4057	-19277	-2170	7938	-7601	-5057	59	5	-11	4795	23975	4795	69834633
4060	-19308	-2160	7754	-7577	-5276	59	4	-12	4796	23980	4796	69834654
4021	-19404	-2148	7486	-7546	-5492	60	0	-16	4797	23985	4797	69834654
3986	-19476	-2146	7151	-7514	-5701	60	0	-14	4798	23990	4798	69834654
4001	-19434	-2083	6832	-7485	-5905	61	-1	-7	4799	23995	4799	69834654
4050	-19478	-1995	6500	-7472	-6106	60	0	-6	4800	24000	4800	69834654
4100	-19308	-2012	6076	-7441	-6303	55	3	-3	4801	24005	4801	69834657
4084	-19207	-1879	5723	-7429	-6501	55	2	-4	4802	24010	4802	69834674
4100	-19090	-1711	5512	-7421	-6699	55	-1	-7	4803	24015	4803	69834696
4095	-19048	-1508	5301	-7413	-6901	57	-3	-7	4804	24020	4804	69834696
4041	-19066	-1403	5089	-7395	-7120	60	-6	-6	4805	24025	4805	69834696
4011	-19056	-1475	4925	-7371	-7326	60	-5	-5	4806	24030	4806	69834696
4067	-18779	-1590	4811	-7355	-7449	59	-3	-3	4807	24035	4807	69834697
4217	-18370	-1578	4625	-7371	-7498	57	-1	-3	4808	24040	4808	69834697
4276	-18203	-1475	4388	-7404	-7592	54	2	-4	4809	24045	4809	69834710
4290	-18267	-1470	4177	-7416	-7780	54	1	-4	4810	24050	4810	69834736
4275	-18263	-1607	3846	-7366	-8059	55	-1	-3	4811	24055	4811	69834740
4263	-18157	-1570	3456	-7340	-8238	55	-1	-4	4812	24060	4812	69834741
4369	-18031	-1523	3028	-7354	-8354	54	0	-6	4813	24065	4813	69834742
4467	-17911	-1396	2579	-7356	-8475	52	-1	-8	4814	24070	4814	69834742
4517	-17935	-1158	2166	-7319	-8650	48	-2	-10	4815	24075	4815	69834743
4544	-18037	-991	1753	-7287	-8852	48	-5	-10	4816	24080	4816	69834743
4536	-18027	-912	1227	-7248	-9052	48	-10	-10	4817	24085	4817	69834743
4586	-17863	-1007	586	-7178	-9223	49	-8	-9	4818	24090	4818	69834758
4706	-17645	-987	-80	-7102	-9330	50	-6	-8	4819	24095	4819	69834773
4764	-17611	-816	-693	-7069	-9438	51	-7	-7	4820	24100	4820	69834773
4810	-17504	-799	-1237	-7060	-9578	52	-8	-6	4821	24105	4821	69834773
4893	-17200	-812	-1818	-7028	-9690	50	-6	-9	4822	24110	4822	69834773
4952	-16936	-764	-2507	-7019	-9753	49	-5	-11	4823	24115	4823	69834773
4959	-16928	-724	-3177	-7010	-9838	45	-9	-9	4824	24120	4824	69834773
5003	-16874	-811	-3779	-6956	-9961	43	-11	-7	4825	24125	4825	69834778
5077	-16574	-944	-4395	-6867	-10026	48	-9	-9	4826	24130	4826	69834798
5236	-16154	-907	-5205	-6781	-10021	51	-7	-11	4827	24135	4827	69834811
5302	-15815	-981	-5912	-6741	-10068	46	-10	-16	4828	24140	4828	69834811
5298	-15336	-1260	-6408	-6688	-10149	45	-11	-17	4829	24145	4829	69834811
5291	-14704	-1705	-6662	-6591	-10114	39	-13	-15	4830	24150	4830	69834812
5339	-14304	-1868	-6704	-6500	-9998	37	-13	-15	4831	24155	4831	69834812
5407	-14015	-1826	-6647	-6408	-9946	39	-14	-16	4832	24160	4832	69834812
5472	-13928	-1751	-6527	-6338	-10011	40	-14	-16	4833	24165	4833	69834828
5582	-13792	-1782	-6412	-6316	-10110	38	-17	-17	4834	24170	4834	69834864
5769	-13541	-1915	-6290	-6285	-10122	37	-19	-17	4835	24175	4835	69834881
5858	-13324	-1553	-6130	-6241	-10020	36	-15	-15	4836	24180	4836	69834881
5889	-13216	-1374	-5667	-6208	-9899	36	-14	-14	4837	24185	4837	69834881
5896	-13218	-1410	-4987	-6136	-9833	36	-17	-19	4838	24190	4838	69834881
5709	-13044	-1603	-4534	-6037	-9776	36	-18	-20	4839	24195	4839	69834881
5689	-12877	-1947	-4233	-5977	-9667	39	-18	-22	4840	24200	4840	69834881
5731	-12630	-2424	-3979	-5891	-9549	40	-18	-22	4841	24205	4841	69834903
5900	-12555	-2474	-3798	-5830	-9458	31	-20	-21	4842	24210	4842	69834926
6089	-12556	-2384	-3604	-5794	-9440	29	-21	-21	4843	24215	4843	69834930
6234	-12724	-2240	-3519	-5695	-9502	34	-24	-20	4844	24220	4844	69834931
6386	-12612	-2274	-3583	-5588	-9548	34	-24	-20	4845	24225	4845	69834931
6592	-12476	-2312	-3669	-5475	-9474	33	-25	-21	4846	24230	4846	69834931
6706	-12306	-2444	-3899	-5372	-9357	33	-25	-21	4847	24235	4847	69834931
6694	-12082	-2562	-4193	-5270	-9277	35	-21	-21	4848	24240	4848	69834931
6700	-11898	-2730	-4568	-5124	-9190	35	-21	-21	4849	24245	4849	69834971
6684	-11840	-2858	-5048	-4939	-9116	25	-27	-29	4850	24250	4850	69834974
6818	-11748	-3116	-5650	-4774	-9029	25	-27	-29	4851	24255	4851	69834974
6831	-11326	-2883	-6212	-4649	-8872	30	-24	-24	4852	24260	4852	69834975
6903	-11147	-2919	-6361	-4540	-8673	29	-25	-24	4853	24265	4853	69834975
6958	-10800	-2996	-6254	-4432	-8487	26	-28	-24	4854	24270	4854	69834975
7052	-10080	-3270	-6003	-4332	-8225	26	-28	-24	4855	24275	4855	69834976
7114	-9594	-3366	-5686	-4258	-7993	25	-27	-25	4856	24280	4856	69834976
7202	-9396	-3540	-5189	-4182	-7808	25	-27	-25	4857	24285	4857	69834976
7340	-9538	-3556	-4607	-4092	-7663	21	-27	-29	4858	24290	4858	69834977
7546	-9842	-3300	-4121	-4025	-7566	21	-27	-29	4859	24295	4859	69834978
7574	-10206	-3074	-3727	-3996	-7515	27	-27	-25	4860	24300	4860	69834978
7538	-10208	-3300	-3366	-3853	-7413	27	-28	-26	4861	24305	4861	69834978
7571	-10145	-3598	-3326	-3721	-7208	25	-31	-29	4862	24310	4862	69834978
7620	-10246	-3573	-3407	-3633	-7003	24	-31	-29	4863	24315	4863	69834979
7663	-10685	-3683	-3393	-3554	-6909	22	-30	-30	4864	24320	4864	69834979
7802	-10917	-3746	-3376	-3452	-6833	21	-30	-31	4865	24325	4865	69834984
7992	-11071	-3822	-3567	-3361	-6704	18	-32	-34	4866	24330	4866	69835005
8176	-11046	-3806	-3880	-3238	-6598	18	-31	-34	4867	24335	4867	69835005
8335	-10792	-3603	-4304	-3191	-6444	18	-28	-32	4868	24340	4868	69835005
8294	-10380	-3508	-4719	-3114	-6257	16	-30	-32	4869	24345	4869	69835006
8308	-9947	-3536	-5001	-3033	-6039	13	-33	-33	4870	24350	4870	69835006
8409	-9637	-3618	-5143	-3000	-5801	15	-33	-30	4871	24355	4871	69835006
8488	-9406	-3616	-5258	-3001	-5615	17	-33	-25	4872	24360	4872	69835006
8634	-9499	-3403	-5404	-3009	-5508	17	-32	-28	4873	24365	4873	69835019
8724	-9959	-3245	-5550	-3001	-5473	17	-31	-33	4874	24370	4874	69835042
8780	-10270	-3332	-5675	-2982	-5411	17	-31	-32	4875	24375	4875	69835047
8865	-10271	-3585	-5825	-2953	-5252	17	-31	-29	4876	24380	4876	69835047
8997	-10057	-3915	-6111	-2898	-4951	17	-31	-32	4877	24385	4877	69835047
9106	-9734	-4307	-6415	-2841	-4673	15	-29	-41	4878	24390	4878	69835047
9228	-9595	-4466	-6608	-2812	-4520	16	-31	-38	4879	24395	4879	69835047
9300	-9624	-4560	-6650	-2774	-4433	17	-33	-33	4880	24400	4880	69835049
9391	-9579	-4713	-6549	-2719	-4356	14	-33	-35	4881	24405	4881	69835063
9441	-9474	-4808	-6369	-2687	-4209	10	-34	-38	4882	24410	4882	69835080
9456	-9456	-4718	-6100	-2672	-4064	11	-34	-38	4883	24415	4883	69835080
9484	-9434	-4622	-5794	-2629	-3984	13	-33	-37	4884	24420	4884	69835080
9552	-9436	-4607	-5415	-2577	-3893	13	-35	-36	4885	24425	4885	69835081
9662	-9430	-4544	-4952	-2513	-3703	12	-36	-34	4886	24430	4886	69835081
9751	-9476	-4598	-4503	-2474	-3499	13	-36	-38	4887	24435	4887	69835081
9831	-9537	-4684	-4084	-2444	-3320	14	-36	-40	4888	24440	4888	69835103
9860	-9669	-4655	-3697	-2411	-3188	15	-37	-38	4889	24445	4889	69835118
9845	-9789	-4623	-3273	-2369	-3082	15	-37	-37	4890	24450	4890	69835119
9901	-9699	-4705	-2850	-2319	-2946	10	-42	-38	4891	24455	4891	69835119
9952	-9530	-4881	-2495	-2294	-2784	7	-45	-39	4892	24460	4892	69835119
9963	-9555	-5096	-2221	-2261	-2655	11	-44	-41	4893	24465	4893	69835120
10032	-9864	-5133	-2040	-2201	-2591	13	-43	-43	4894	24470	4894	69835120
9944	-10110	-5079	-1944	-2172	-2598	14	-39	-41	4895	24475	4895	69835126
9871	-10094	-5129	-1910	-2123	-2559	14	-38	-40	4896	24480	4896	69835149
9855	-9981	-5173	-1944	-2090	-2451	9	-36	-42	4897	24485	4897	69835155
9905	-9992	-5137	-2053	-2072	-2359	8	-36	-42	4898	24490	4898	69835155
9942	-10101	-5158	-2146	-2054	-2303	10	-37	-40	4899	24495	4899	69835155
9926	-10302	-5212	-2232	-1999	-2271	11	-37	-39	4900	24500	4900	69835156
9851	-10396	-5370	-2328	-1926	-2223	10	-39	-41	4901	24505	4901	69835156
9722	-10201	-5616	-2414	-1848	-2081	10	-40	-42	4902	24510	4902	69835156
9711	-9994	-5685	-2432	-1788	-1914	11	-39	-44	4903	24515	4903	69835179
9766	-10054	-5640	-2408	-1746	-1874	11	-39	-45	4904	24520	4904	69835201
9807	-10121	-5508	-2364	-1699	-1902	9	-36	-47	4905	24525	4905	69835205
9886	-10065	-5404	-2229	-1652	-1843	9	-35	-47	4906	24530	4906	69835206
9994	-9824	-5346	-2152	-1590	-1732	8	-39	-41	4907	24535	4907	69835206
9918	-9658	-5405	-2093	-1543	-1661	8	-40	-40	4908	24540	4908	69835206
9868	-9611	-5627	-2006	-1489	-1628	11	-38	-40	4909	24545	4909	69835206
9872	-9862	-5704	-1861	-1411	-1633	12	-38	-40	4910	24550	4910	69835206
9888	-10196	-5676	-1702	-1324	-1622	12	-38	-42	4911	24555	4911	69835235
9902	-10284	-5752	-1646	-1257	-1573	12	-38	-42	4912	24560	4912	69835242
9862	-10358	-5788	-1635	-1217	-1495	6	-40	-40	4913	24565	4913	69835242
9874	-10160	-5802	-1657	-1172	-1414	6	-40	-40	4914	24570	4914	69835243
9932	-10120	-5692	-1720	-1122	-1341	10	-40	-48	4915	24575	4915	69835243
9908	-10244	-5700	-1652	-1091	-1299	10	-40	-48	4916	24580	4916	69835243
9918	-10068	-5816	-1549	-1045	-1275	8	-40	-46	4917	24585	4917	69835244
9932	-9988	-5840	-1506	-1002	-1215	8	-40	-46	4918	24590	4918	69835244
9967	-10013	-5928	-1506	-934	-1148	7	-39	-47	4919	24595	4919	69835244
10052	-10066	-5960	-1507	-894	-1138	7	-39	-47	4920	24600	4920	69835244
9986	-10062	-5978	-1390	-861	-1091	11	-39	-51	4921	24605	4921	69835271
10026	-9864	-5962	-1172	-795	-977	11	-39	-51	4922	24610	4922	69835279
10056	-9838	-6054	-991	-719	-890	4	-36	-48	4923	24615	4923	69835280
10054	-9856	-6116	-791	-662	-847	4	-36	-48	4924	24620	4924	69835280
10102	-10008	-6202	-564	-563	-832	7	-37	-45	4925	24625	4925	69835280
10140	-10238	-6256	-375	-476	-814	7	-37	-45	4926	24630	4926	69835280
10162	-10196	-6195	-276	-388	-761	8	-34	-50	4927	24635	4927	69835283
10164	-10004	-6172	-268	-326	-692	8	-36	-49	4928	24640	4928	69835295
10218	-10132	-6003	-255	-278	-652	8	-42	-44	4929	24645	4929	69835317
10271	-10371	-5789	-236	-243	-682	8	-42	-44	4930	24650	4930	69835317
10257	-10434	-5819	-218	-196	-670	8	-42	-42	4931	24655	4931	69835317
10241	-10392	-5818	-236	-149	-603	7	-42	-42	4932	24660	4932	69835317
10250	-10322	-5795	-288	-108	-554	2	-42	-42	4933	24665	4933	69835317
10340	-10354	-5760	-304	-81	-523	2	-40	-43	4934	24670	4934	69835317
10392	-10521	-5685	-312	-35	-507	4	-32	-46	4935	24675	4935	69835326
10389	-10725	-5796	-380	25	-477	5	-35	-46	4936	24680	4936	69835354
10355	-10731	-5819	-472	76	-433	7	-39	-45	4937	24685	4937	69835354
10353	-10672	-5952	-572	113	-369	5	-40	-45	4938	24690	4938	69835354
10382	-10582	-6037	-689	125	-342	3	-41	-45	4939	24695	4939	69835354
10405	-10656	-6013	-783	124	-378	3	-40	-48	4940	24700	4940	69835354
10477	-10863	-6034	-848	143	-448	2	-38	-52	4941	24705	4941	69835354
10488	-11007	-6085	-896	176	-479	5	-42	-50	4942	24710	4942	69835358
10474	-11087	-6073	-914	185	-455	11	-49	-45	4943	24715	4943	69835370
10420	-10835	-6139	-849	181	-378	8	-47	-45	4944	24720	4944	69835391
10433	-10549	-6146	-755	186	-322	3	-45	-45	4945	24725	4945	69835391
10478	-10456	-6070	-630	176	-326	5	-44	-47	4946	24730	4946	69835391
10569	-10549	-5925	-488	156	-361	9	-43	-51	4947	24735	4947	69835392
10634	-10642	-5840	-361	142	-373	11	-42	-50	4948	24740	4948	69835392
10682	-10596	-5826	-288	115	-357	15	-41	-49	4949	24745	4949	69835392
10628	-10553	-5825	-277	87	-338	10	-41	-47	4950	24750	4950	69835407
10642	-10610	-5658	-304	62	-335	3	-41	-43	4951	24755	4951	69835428
10668	-10678	-5524	-337	49	-329	1	-40	-47	4952	24760	4952	69835429
10731	-10718	-5516	-396	37	-284	-1	-39	-51	4953	24765	4953	69835429
10774	-10767	-5590	-468	9	-226	6	-41	-48	4954	24770	4954	69835429
10813	-10790	-5637	-547	-21	-184	10	-42	-46	4955	24775	4955	69835429
10787	-10815	-5696	-608	-60	-177	6	-37	-47	4956	24780	4956	69835429
10822	-10772	-5760	-653	-76	-169	4	-34	-48	4957	24785	4957	69835434
10842	-10772	-5819	-718	-99	-146	6	-36	-46	4958	24790	4958	69835455
10836	-10780	-5892	-794	-120	-125	7	-37	-45	4959	24795	4959	69835467
10843	-10786	-5963	-880	-141	-116	4	-40	-44	4960	24800	4960	69835467
10831	-10787	-6126	-922	-145	-91	3	-41	-43	4961	24805	4961	69835467
10753	-10898	-6062	-940	-163	-62	1	-36	-48	4962	24810	4962	69835467
10715	-10792	-6022	-929	-181	-35	1	-35	-49	4963	24815	4963	69835467
10751	-10733	-6090	-881	-201	2	4	-38	-47	4964	24820	4964	69835467
10771	-10505	-6113	-833	-224	36	6	-40	-46	4965	24825	4965	69835484
10786	-10338	-6043	-692	-251	93	4	-41	-47	4966	24830	4966	69835505
10760	-10407	-6024	-503	-268	128	3	-41	-47	4967	24835	4967	69835512
10720	-10466	-5928	-344	-289	117	2	-42	-49	4968	24840	4968	69835512
10685	-10416	-5916	-173	-306	136	1	-43	-51	4969	24845	4969	69835513
10687	-10400	-5939	-85	-316	175	3	-38	-46	4970	24850	4970	69835513
10618	-10416	-5876	-28	-325	209	3	-37	-45	4971	24855	4971	69835514
10595	-10506	-5924	-12	-335	242	2	-43	-43	4972	24860	4972	69835517
10602	-10496	-6004	-78	-332	251	2	-44	-42	4973	24865	4973	69835539
10545	-10504	-6036	-185	-325	247	4	-42	-46	4974	24870	4974	69835544
10468	-10569	-5986	-304	-310	248	5	-41	-47	4975	24875	4975	69835544
10479	-10610	-5956	-402	-309	253	1	-47	-46	4976	24880	4976	69835544
10498	-10490	-6070	-541	-315	275	0	-48	-46	4977	24885	4977	69835544
10480	-10540	-6162	-619	-281	313	0	-42	-50	4978	24890	4978	69835544
10516	-10418	-6000	-656	-267	338	0	-42	-50	4979	24895	4979	69835544
10528	-10262	-5872	-615	-269	388	3	-43	-47	4980	24900	4980	69835554
10494	-10226	-5770	-508	-242	437	3	-43	-47	4981	24905	4981	69835582
10464	-10196	-5572	-345	-225	461	3	-41	-47	4982	24910	4982	69835582
10466	-10194	-5596	-177	-227	501	3	-41	-47	4983	24915	4983	69835582
10432	-10294	-5592	29	-237	524	6	-38	-52	4984	24920	4984	69835582
10502	-10394	-5646	167	-230	523	6	-38	-52	4985	24925	4985	69835582
10502	-10402	-5526	268	-230	527	5	-45	-51	4986	24930	4986	69835582
10502	-10400	-5526	339	-222	541	5	-45	-51	4987	24935	4987	69835582
10592	-10602	-5544	373	-237	506	6	-42	-48	4988	24940	4988	69835591
10558	-10690	-5510	359	-264	478	6	-42	-48	4989	24945	4989	69835619
10528	-10758	-5510	287	-279	488	3	-43	-47	4990	24950	4990	69835619
10568	-10772	-5622	214	-285	527	3	-43	-47	4991	24955	4991	69835620
10666	-10686	-5606	54	-299	491	9	-43	-45	4992	24960	4992	69835620
10618	-10720	-5576	-132	-308	448	9	-43	-45	4993	24965	4993	69835620
10611	-10689	-5545	-332	-308	428	-1	-37	-51	4994	24970	4994	69835621
10570	-10617	-5582	-478	-325	421	0	-37	-51	4995	24975	4995	69835630
10578	-10530	-5484	-541	-353	441	3	-39	-51	4996	24980	4996	69835665
10570	-10345	-5472	-501	-383	474	4	-39	-51	4997	24985	4997	69835668
10644	-10284	-5478	-374	-422	489	7	-39	-51	4998	24990	4998	69835668
10651	-10160	-5557	-225	-458	473	6	-39	-51	4999	24995	4999	69835669
10605	-10209	-5590	-78	-473	432	4	-40	-50	5000	25000	5000	69835669
10575	-10417	-5446	125	-479	373	4	-40	-51	5001	25005	5001	69835669
10592	-10583	-5491	326	-500	330	6	-40	-56	5002	25010	5002	69835669
10566	-10666	-5612	394	-518	308	6	-40	-53	5003	25015	5003	69835677
10528	-10747	-5654	352	-519	298	7	-41	-49	5004	25020	5004	69835691
10562	-10842	-5748	242	-500	268	8	-39	-50	5005	25025	5005	69835696
10571	-10901	-5838	35	-488	206	9	-35	-51	5006	25030	5006	69835697
10430	-10878	-5886	-206	-476	153	9	-39	-50	5007	25035	5007	69835697
10383	-10778	-5931	-411	-459	146	9	-45	-49	5008	25040	5008	69835697
10429	-10644	-5986	-583	-442	144	9	-44	-49	5009	25045	5009	69835697
10443	-10531	-6036	-738	-420	130	7	-39	-51	5010	25050	5010	69835699
10453	-10380	-6042	-791	-393	129	6	-43	-49	5011	25055	5011	69835717
10424	-10290	-6012	-778	-371	142	4	-48	-46	5012	25060	5012	69835734
10404	-10281	-6019	-716	-331	122	3	-46	-44	5013	25065	5013	69835735
10360	-10186	-6022	-653	-283	103	1	-43	-41	5014	25070	5014	69835735
10383	-10120	-6064	-604	-240	117	3	-41	-43	5015	25075	5015	69835735
10430	-10076	-6128	-563	-195	127	5	-37	-47	5016	25080	5016	69835735
10436	-10137	-6020	-488	-160	127	5	-39	-47	5017	25085	5017	69835736
10405	-10296	-5970	-369	-129	113	6	-42	-46	5018	25090	5018	69835741
10341	-10333	-5964	-291	-92	109	4	-40	-47	5019	25095	5019	69835761
10374	-10320	-5937	-253	-59	135	2	-38	-48	5020	25100	5020	69835772
10449	-10321	-5956	-278	-21	156	4	-43	-46	5021	25105	5021	69835772
10484	-10340	-5972	-358	14	150	6	-46	-44	5022	25110	5022	69835773
10466	-10350	-5944	-464	49	144	6	-41	-44	5023	25115	5023	69835773
10376	-10321	-5971	-563	83	157	6	-38	-44	5024	25120	5024	69835773
10363	-10182	-5999	-647	113	194	8	-39	-45	5025	25125	5025	69835773
10386	-10046	-5998	-701	138	237	9	-39	-45	5026	25130	5026	69835795
10368	-10073	-5954	-719	162	260	7	-40	-44	5027	25135	5027	69835809
10407	-10268	-5869	-696	182	248	6	-40	-44	5028	25140	5028	69835809
10367	-10275	-5777	-608	184	240	4	-42	-40	5029	25145	5029	69835809
10384	-10164	-5696	-518	189	281	3	-43	-39	5030	25150	5030	69835809
10373	-10195	-5652	-436	187	310	6	-41	-45	5031	25155	5031	69835809
10413	-10249	-5621	-339	179	305	8	-40	-48	5032	25160	5032	69835810
10457	-10420	-5572	-249	177	289	6	-44	-48	5033	25165	5033	69835810
10506	-10545	-5524	-192	175	286	4	-46	-48	5034	25170	5034	69835826
10501	-10574	-5531	-171	163	290	2	-45	-47	5035	25175	5035	69835845
10552	-10618	-5536	-195	137	290	1	-45	-47	5036	25180	5036	69835847
10643	-10620	-5590	-187	128	293	3	-47	-52	5037	25185	5037	69835847
10665	-10730	-5546	-225	111	306	3	-47	-53	5038	25190	5038	69835848
10743	-10763	-5607	-278	84	303	5	-42	-48	5039	25195	5039	69835848
10738	-10738	-5672	-369	43	307	5	-41	-47	5040	25200	5040	69835848
10658	-10622	-5665	-466	21	329	4	-42	-51	5041	25205	5041	69835855
10650	-10434	-5684	-549	11	380	4	-42	-52	5042	25210	5042	69835879
10711	-10376	-5799	-599	-2	409	6	-40	-44	5043	25215	5043	69835884
10736	-10408	-5778	-604	-29	425	6	-40	-42	5044	25220	5044	69835884
10754	-10512	-5526	-513	-61	419	2	-44	-42	5045	25225	5045	69835884
10652	-10454	-5728	-454	-93	421	2	-44	-42	5046	25230	5046	69835884
10638	-10426	-5722	-412	-128	460	6	-48	-42	5047	25235	5047	69835884
10738	-10432	-5770	-364	-152	480	6	-48	-42	5048	25240	5048	69835885
10708	-10510	-5636	-320	-175	463	5	-39	-47	5049	25245	5049	69835922
10716	-10660	-5648	-309	-189	453	5	-39	-47	5050	25250	5050	69835922
10676	-10748	-5550	-336	-198	444	4	-34	-50	5051	25255	5051	69835923
10660	-10608	-5700	-372	-227	495	4	-35	-50	5052	25260	5052	69835923
10640	-10548	-5650	-397	-231	522	4	-40	-50	5053	25265	5053	69835924
10546	-10504	-5668	-428	-241	497	4	-40	-50	5054	25270	5054	69835924
10476	-10578	-5612	-456	-229	466	7	-39	-47	5055	25275	5055	69835924
10378	-10646	-5650	-534	-235	452	7	-39	-47	5056	25280	5056	69835932
10380	-10572	-5752	-625	-203	459	9	-41	-47	5057	25285	5057	69835972
10254	-10458	-5754	-723	-184	462	9	-41	-47	5058	25290	5058	69836000
10198	-10200	-5668	-793	-139	477	1	-45	-41	5059	25295	5059	69836001
10154	-10126	-5796	-833	-102	494	1	-45	-41	5060	25300	5060	69836001
10027	-10008	-5863	-872	-28	505	5	-41	-47	5061	25305	5061	69836001
9996	-9846	-5801	-920	34	539	5	-41	-47	5062	25310	5062	69836001
9866	-9673	-5726	-946	114	590	7	-41	-47	5063	25315	5063	69836002
9746	-9457	-5850	-896	203	654	6	-41	-47	5064	25320	5064	69836005
9680	-9312	-5829	-827	295	733	0	-40	-46	5065	25325	5065	69836013
9659	-9141	-5805	-736	428	846	0	-40	-46	5066	25330	5066	69836013
9597	-9024	-5737	-658	555	968	2	-38	-48	5067	25335	5067	69836013
9511	-8836	-5623	-582	686	1106	4	-39	-49	5068	25340	5068	69836013
9434	-8672	-5584	-523	843	1286	8	-42	-50	5069	25345	5069	69836013
9359	-8446	-5597	-484	1003	1505	8	-40	-48	5070	25350	5070	69836013
9250	-8141	-5598	-448	1176	1749	8	-38	-46	5071	25355	5071	69836017
9078	-7844	-5614	-416	1360	2003	3	-39	-48	5072	25360	5072	69836041
8893	-7624	-5675	-383	1545	2263	-5	-41	-51	5073	25365	5073	69836070
8749	-7421	-5695	-341	1752	2546	-1	-41	-50	5074	25370	5074	69836070
8606	-7188	-5678	-299	1958	2822	6	-40	-48	5075	25375	5075	69836070
8470	-7015	-5610	-264	2151	3102	6	-40	-47	5076	25380	5076	69836071
8243	-6915	-5531	-178	2415	3490	6	-42	-42	5077	25385	5077	69836071
7962	-6961	-5403	7	2712	3908	5	-42	-42	5078	25390	5078	69836071
7653	-6914	-5330	237	2983	4280	3	-41	-43	5079	25395	5079	69836072
7388	-6800	-5289	468	3265	4712	9	-42	-44	5080	25400	5080	69836072
7207	-6702	-5248	713	3541	5165	17	-43	-45	5081	25405	5081	69836075
7124	-6630	-5272	970	3817	5604	12	-41	-43	5082	25410	5082	69836090
7042	-6569	-5278	1213	4081	6028	5	-37	-41	5083	25415	5083	69836107
6960	-6464	-5130	1452	4295	6436	8	-40	-42	5084	25420	5084	69836108
7021	-6347	-4958	1742	4495	6876	12	-44	-44	5085	25425	5085	69836109
7034	-6287	-4926	2046	4668	7291	13	-43	-44	5086	25430	5086	69836109
7073	-6281	-4948	2334	4827	7665	14	-42	-44	5087	25435	5087	69836110
7060	-6351	-4978	2613	4977	8031	13	-41	-43	5088	25440	5088	69836110
7030	-6440	-5034	2824	5130	8404	12	-40	-42	5089	25445	5089	69836110
7005	-6462	-5079	2980	5283	8799	11	-39	-41	5090	25450	5090	69836111
7062	-6517	-5098	3091	5428	9199	11	-39	-41	5091	25455	5091	69836112
7087	-6682	-4962	3200	5565	9568	12	-35	-39	5092	25460	5092	69836112
7020	-6990	-4784	3346	5693	9898	13	-33	-37	5093	25465	5093	69836153
6934	-7292	-4599	3520	5820	10266	14	-40	-36	5094	25470	5094	69836180
6950	-7438	-4497	3623	5911	10617	14	-42	-36	5095	25475	5095	69836180
7057	-7712	-4396	3634	6015	10927	13	-33	-37	5096	25480	5096	69836180
7201	-8126	-4394	3569	6120	11149	13	-31	-37	5097	25485	5097	69836181
7224	-8475	-4361	3448	6250	11382	12	-30	-40	5098	25490	5098	69836181
7207	-8807	-4156	3319	6408	11674	12	-30	-42	5099	25495	5099	69836181
7196	-9212	-4019	3286	6553	11955	12	-32	-42	5100	25500	5100	69836186
7158	-9552	-3988	3316	6706	12155	12	-34	-42	5101	25505	5101	69836207
7130	-9833	-3915	3313	6908	12357	19	-35	-37	5102	25510	5102	69836220
7177	-10008	-4056	3381	7091	12588	21	-35	-35	5103	25515	5103	69836220
7128	-10217	-4200	3521	7267	12806	20	-36	-37	5104	25520	5104	69836220
7176	-10508	-4208	3641	7437	12950	20	-36	-38	5105	25525	5105	69836221
7194	-10868	-4164	3751	7585	13004	22	-32	-34	5106	25530	5106	69836221
7162	-11240	-4223	3809	7718	13006	23	-31	-33	5107	25535	5107	69836221
7237	-11637	-4149	3802	7892	13000	28	-28	-36	5108	25540	5108	69836221
7255	-12024	-4025	3752	8041	12988	29	-27	-37	5109	25545	5109	69836222
7294	-12442	-3907	3662	8195	12938	30	-29	-35	5110	25550	5110	69836222
7240	-12890	-3670	3525	8369	12858	30	-30	-34	5111	25555	5111	69836222
7136	-13304	-3462	3363	8463	12785	32	-24	-28	5112	25560	5112	69836229
7076	-13660	-3522	3201	8611	12729	32	-24	-28	5113	25565	5113	69836269
7044	-13944	-3320	2972	8764	12650	31	-27	-29	5114	25570	5114	69836270
7024	-14060	-3156	2724	8849	12572	31	-27	-29	5115	25575	5115	69836270
7022	-14230	-2904	2527	8915	12512	37	-25	-31	5116	25580	5116	69836271
7066	-14428	-2622	2455	8906	12445	37	-25	-31	5117	25585	5117	69836271
7088	-14472	-2320	2497	8888	12374	31	-27	-19	5118	25590	5118	69836272
7189	-14590	-2181	2444	8826	12271	32	-26	-20	5119	25595	5119	69836272
7196	-14828	-2144	2346	8785	12167	38	-22	-24	5120	25600	5120	69836272
7252	-15152	-1868	2275	8778	12054	38	-22	-24	5121	25605	5121	69836272
7150	-15712	-1712	2512	8769	11931	36	-22	-20	5122	25610	5122	69836272
7062	-16124	-1900	2791	8796	11836	36	-22	-20	5123	25615	5123	69836304
6976	-16126	-2134	2808	8741	11743	31	-23	-19	5124	25620	5124	69836304
6988	-16206	-2392	2691	8721	11643	31	-23	-19	5125	25625	5125	69836304
6962	-16232	-2610	2580	8701	11515	39	-29	-19	5126	25630	5126	69836304
6967	-16544	-2540	2434	8636	11188	40	-28	-19	5127	25635	5127	69836304
6908	-16774	-2508	2262	8562	10826	42	-24	-18	5128	25640	5128	69836304
6861	-17067	-2562	2070	8517	10427	42	-23	-18	5129	25645	5129	69836304
6819	-17285	-2649	1869	8502	10114	44	-18	-16	5130	25650	5130	69836308
6845	-17487	-2664	1631	8483	9855	44	-18	-16	5131	25655	5131	69836326
6801	-17677	-2636	1465	8461	9581	44	-18	-18	5132	25660	5132	69836341
6763	-17712	-2528	1418	8443	9311	44	-16	-18	5133	25665	5133	69836341
6775	-17704	-2218	1433	8390	9097	44	-10	-20	5134	25670	5134	69836342
6866	-17706	-1905	1503	8294	8935	45	-10	-19	5135	25675	5135	69836342
6936	-17872	-1572	1560	8218	8713	49	-11	-17	5136	25680	5136	69836342
6976	-17937	-1252	1628	8156	8514	48	-11	-18	5137	25685	5137	69836342
7030	-17814	-1091	1698	8074	8365	47	-11	-19	5138	25690	5138	69836343
7032	-17506	-1058	1672	7975	8246	49	-13	-17	5139	25695	5139	69836351
7041	-17208	-1026	1532	7864	8099	53	-15	-13	5140	25700	5140	69836369
7062	-17209	-801	1362	7749	7884	54	-14	-12	5141	25705	5141	69836380
7045	-17468	-541	1295	7618	7637	55	-13	-11	5142	25710	5142	69836381
7006	-17849	-468	1398	7468	7387	54	-13	-12	5143	25715	5143	69836381
6896	-18045	-532	1518	7303	7096	49	-13	-15	5144	25720	5144	69836381
6801	-18124	-536	1499	7146	6876	51	-14	-13	5145	25725	5145	69836381
6787	-18252	-504	1430	6968	6654	53	-15	-11	5146	25730	5146	69836381
6763	-18288	-625	1397	6806	6398	53	-13	-11	5147	25735	5147	69836386
6761	-18303	-762	1339	6653	6156	53	-9	-11	5148	25740	5148	69836404
6785	-18253	-805	1213	6502	5916	53	-10	-13	5149	25745	5149	69836423
6794	-18144	-816	1176	6347	5664	53	-11	-15	5150	25750	5150	69836423
6785	-17987	-746	1304	6190	5436	55	-9	-12	5151	25755	5151	69836424
6823	-17892	-609	1541	6024	5191	59	-7	-7	5152	25760	5152	69836424
6854	-17754	-362	1775	5819	4920	58	-3	-3	5153	25765	5153	69836425
6892	-17651	272	1892	5571	4702	57	-1	-1	5154	25770	5154	69836425
7034	-17572	1090	1877	5144	4567	56	-6	-1	5155	25775	5155	69836432
7137	-18181	954	1544	4481	4683	56	-7	-2	5156	25780	5156	69836443
7199	-19260	210	1038	3729	4940	57	-3	-4	5157	25785	5157	69836455
7100	-19951	-658	416	3033	5317	57	-1	-5	5158	25790	5158	69836460
6891	-19838	-1607	-264	2462	5722	57	-2	-4	5159	25795	5159	69836461
6728	-19383	-2333	-964	2025	6028	57	-3	-3	5160	25800	5160	69836461
6720	-19288	-2461	-1508	1824	6026	57	-6	-3	5161	25805	5161	69836461
6876	-19446	-2488	-2096	1739	5722	57	-7	-3	5162	25810	5162	69836461
6981	-19542	-2558	-2711	1699	5224	62	-9	2	5163	25815	5163	69836461
6812	-19390	-2664	-3211	1631	4753	63	-9	3	5164	25820	5164	69836495
6547	-19081	-2718	-3428	1706	4450	63	-4	2	5165	25825	5165	69836504
6360	-18564	-2546	-3484	1899	4197	63	-1	1	5166	25830	5166	69836504
6268	-17808	-2170	-3368	2065	4001	61	-4	-4	5167	25835	5167	69836504
6141	-16746	-1554	-3014	2185	3800	60	-6	-8	5168	25840	5168	69836504
6026	-15378	-831	-2299	2252	3529	60	-6	-7	5169	25845	5169	69836504
5866	-14670	-418	-1586	2249	3301	60	-6	-6	5170	25850	5170	69836504
5700	-14507	-102	-980	2209	3071	61	-5	-5	5171	25855	5171	69836510
5550	-14476	80	-445	2146	2848	61	-5	-5	5172	25860	5172	69836536
5408	-14562	196	43	2073	2731	61	-2	-11	5173	25865	5173	69836542
5399	-14666	133	481	1964	2660	61	-1	-13	5174	25870	5174	69836543
5428	-14795	102	845	1850	2590	62	0	-6	5175	25875	5175	69836543
5548	-14900	46	1078	1739	2572	62	0	-4	5176	25880	5176	69836543
5912	-15074	-162	1127	1570	2603	62	-2	-8	5177	25885	5177	69836543
6050	-15510	-206	953	1429	2608	62	-2	-8	5178	25890	5178	69836544
5948	-16026	-378	589	1291	2597	62	-2	-2	5179	25895	5179	69836544
5596	-16400	-560	191	1182	2569	62	-2	-2	5180	25900	5180	69836571
5290	-16580	-694	-249	1105	2608	63	-3	-1	5181	25905	5181	69836579
5066	-16594	-812	-670	1041	2692	63	-3	-1	5182	25910	5182	69836579
5050	-16514	-884	-1056	966	2764	60	0	-2	5183	25915	5183	69836579
4982	-16378	-612	-1428	851	2759	60	0	-2	5184	25920	5184	69836579
4988	-16104	-490	-1726	736	2705	64	4	0	5185	25925	5185	69836579
4805	-15817	-584	-1909	605	2690	65	4	0	5186	25930	5186	69836581
4720	-15580	-604	-1978	533	2701	68	6	-2	5187	25935	5187	69836591
4676	-15420	-552	-1944	455	2735	68	6	-2	5188	25940	5188	69836620
4646	-15110	-374	-1813	329	2732	65	3	-5	5189	25945	5189	69836620
4604	-14714	-170	-1519	151	2719	65	3	-5	5190	25950	5190	69836620
4698	-14478	-60	-1113	-21	2742	61	5	1	5191	25955	5191	69836620
4804	-14474	54	-690	-148	2738	61	5	1	5192	25960	5192	69836621
4786	-14574	72	-279	-281	2700	65	-3	-3	5193	25965	5193	69836621
4746	-14734	122	233	-379	2724	66	-2	-3	5194	25970	5194	69836622
4730	-14859	23	543	-445	2803	68	0	-2	5195	25975	5195	69836634
4749	-15196	-134	646	-507	2829	67	1	-2	5196	25980	5196	69836660
4673	-15461	-141	575	-566	2795	64	4	-4	5197	25985	5197	69836660
4685	-15579	-54	373	-656	2779	64	4	-3	5198	25990	5198	69836660
4720	-15729	-132	-8	-738	2771	65	3	-1	5199	25995	5199	69836661
4722	-15900	-259	-526	-771	2745	66	4	-1	5200	26000	5200	69836661
4698	-15938	-418	-1124	-794	2716	71	7	-1	5201	26005	5201	69836661
4602	-15926	-475	-1629	-857	2711	70	7	0	5202	26010	5202	69836663
4568	-15836	-658	-1973	-893	2745	68	8	2	5203	26015	5203	69836680
4587	-15813	-838	-2247	-906	2760	68	7	-1	5204	26020	5204	69836697
4634	-15809	-922	-2535	-937	2725	67	5	-5	5205	26025	5205	69836697
4608	-15819	-951	-2728	-963	2659	65	4	-5	5206	26030	5206	69836697
4630	-15788	-1136	-2727	-972	2633	61	3	-5	5207	26035	5207	69836698
4653	-15744	-1240	-2560	-963	2647	63	4	-4	5208	26040	5208	69836698
4639	-15733	-1305	-2359	-924	2653	67	5	-3	5209	26045	5209	69836698
4650	-15926	-1375	-2118	-883	2653	67	6	-3	5210	26050	5210	69836704
4786	-16532	-1312	-1730	-869	2617	67	7	-1	5211	26055	5211	69836725
4907	-17498	-1612	-1364	-861	2452	67	7	-3	5212	26060	5212	69836734
4920	-18594	-2034	-1132	-787	2187	68	6	-6	5213	26065	5213	69836734
5021	-20068	-2364	-1092	-697	2016	68	6	-4	5214	26070	5214	69836734
5661	-21817	-2430	-1180	-577	1669	69	7	-1	5215	26075	5215	69836734
6143	-22455	-2332	-1195	-430	753	68	7	-2	5216	26080	5216	69836734
5834	-21696	-2162	-1126	-348	-24	67	7	-3	5217	26085	5217	69836734
5396	-20298	-1758	-1206	-273	-48	69	7	-4	5218	26090	5218	69836754
4902	-18502	-1382	-1337	-239	66	71	7	-5	5219	26095	5219	69836774
4660	-17183	-1096	-1439	-281	154	70	9	-6	5220	26100	5220	69836775
4622	-16334	-858	-1454	-314	152	70	10	-6	5221	26105	5221	69836776
4727	-15787	-835	-1324	-340	4	70	10	-5	5222	26110	5222	69836776
4774	-15372	-894	-1112	-367	-170	70	10	-4	5223	26115	5223	69836777
4676	-15047	-944	-839	-390	-219	67	6	-1	5224	26120	5224	69836777
4628	-14814	-1052	-524	-370	-171	65	3	1	5225	26125	5225	69836777
4612	-14573	-1222	-285	-330	-122	69	5	-1	5226	26130	5226	69836793
4339	-14116	-1344	-167	-295	5	71	7	-3	5227	26135	5227	69836803
4078	-13803	-1534	-18	-244	340	67	6	-7	5228	26140	5228	69836803
4082	-13925	-1844	122	-161	718	66	6	-8	5229	26145	5229	69836803
4289	-14272	-2099	127	-49	855	69	3	-8	5230	26150	5230	69836803
4396	-14662	-2231	-100	44	832	70	2	-8	5231	26155	5231	69836803
4429	-15005	-2287	-410	132	846	69	9	-7	5232	26160	5232	69836803
4395	-15256	-2221	-719	244	897	68	12	-6	5233	26165	5233	69836810
4299	-15578	-2053	-943	344	981	68	11	-4	5234	26170	5234	69836832
4169	-16234	-1735	-1029	402	1062	68	10	-2	5235	26175	5235	69836844
4078	-16969	-1449	-978	411	1116	66	4	-4	5236	26180	5236	69836844
3984	-17416	-1147	-923	406	1125	65	3	-5	5237	26185	5237	69836844
3879	-17434	-953	-908	385	1100	64	5	-4	5238	26190	5238	69836844
3796	-17094	-826	-929	360	1096	64	6	-4	5239	26195	5239	69836844
3710	-16716	-653	-934	319	1064	66	4	-6	5240	26200	5240	69836858
3649	-16509	-480	-943	228	935	67	3	-7	5241	26205	5241	69836878
3460	-16455	-809	-870	126	681	69	3	1	5242	26210	5242	69836882
3286	-16384	-1129	-589	120	439	69	3	3	5243	26215	5243	69836882
3356	-15952	-1348	-265	118	301	73	5	-5	5244	26220	5244	69836883
3714	-15814	-1376	-302	98	216	73	5	-5	5245	26225	5245	69836883
3756	-15760	-1280	-498	142	64	73	1	-7	5246	26230	5246	69836883
3750	-15532	-1444	-704	194	-22	73	1	-7	5247	26235	5247	69836884
3714	-15436	-1368	-966	235	-7	72	4	-6	5248	26240	5248	69836907
3606	-15564	-1408	-1205	265	-53	72	4	-6	5249	26245	5249	69836910
3610	-15684	-1420	-1393	255	-107	70	4	-8	5250	26250	5250	69836910
3510	-15294	-1204	-1563	267	-12	70	4	-8	5251	26255	5251	69836910
3766	-15665	-1427	-1658	289	304	70	8	-4	5252	26260	5252	69836911
4017	-16206	-1388	-1983	297	269	69	7	-4	5253	26265	5253	69836911
4143	-16342	-1413	-2399	265	99	63	5	-5	5254	26270	5254	69836911
4196	-16390	-1408	-2736	272	45	63	5	-5	5255	26275	5255	69836911
4138	-16134	-1090	-3094	244	95	67	5	-7	5256	26280	5256	69836939
3938	-15754	-1166	-3130	100	225	67	5	-7	5257	26285	5257	69836948
3774	-15870	-1764	-2564	131	418	73	13	-3	5258	26290	5258	69836948
3822	-15492	-1838	-1914	161	501	73	13	-3	5259	26295	5259	69836948
3942	-15336	-1874	-1587	5	593	70	10	-2	5260	26300	5260	69836948
4279	-15678	-1832	-1488	70	383	71	10	-4	5261	26305	5261	69836948
4054	-15015	-1836	-1435	129	253	73	9	-11	5262	26310	5262	69836954
4216	-15242	-1988	-1315	151	474	72	10	-12	5263	26315	5263	69836979
4127	-15485	-1823	-1396	150	334	67	15	-15	5264	26320	5264	69836985
4034	-15812	-1927	-1325	167	160	68	13	-14	5265	26325	5265	69836986
4019	-15784	-1995	-1247	222	144	70	6	-8	5266	26330	5266	69836986
3977	-15595	-1919	-1123	256	228	71	7	-7	5267	26335	5267	69836986
3934	-15558	-1751	-950	256	329	73	13	-3	5268	26340	5268	69836989
3848	-15731	-1690	-811	236	388	73	13	-5	5269	26345	5269	69837007
3778	-15797	-1612	-740	234	446	73	13	-7	5270	26350	5270	69837024
3828	-15812	-1589	-674	257	539	73	9	-5	5271	26355	5271	69837025
3867	-15767	-1732	-624	283	584	72	2	-2	5272	26360	5272	69837025
3849	-15652	-1957	-574	299	603	72	3	-3	5273	26365	5273	69837025
3981	-15796	-2043	-530	306	632	71	5	-5	5274	26370	5274	69837026
4049	-15783	-1924	-568	308	537	70	6	-5	5275	26375	5275	69837026
3987	-15595	-1876	-552	322	447	69	7	-5	5276	26380	5276	69837034
3906	-15463	-1929	-469	343	474	69	8	-6	5277	26385	5277	69837056
3856	-15521	-1852	-353	368	519	68	10	-8	5278	26390	5278	69837075
3822	-15620	-1821	-285	383	474	70	10	-6	5279	26395	5279	69837075
3821	-15610	-1808	-238	375	436	72	10	-2	5280	26400	5280	69837075
3926	-15675	-1800	-188	368	448	71	7	-3	5281	26405	5281	69837075
3898	-15699	-1711	-188	372	412	69	3	-5	5282	26410	5282	69837076
3825	-15598	-1666	-186	363	398	71	3	-7	5283	26415	5283	69837076
3792	-15606	-1727	-117	352	474	74	4	-10	5284	26420	5284	69837079
3913	-15945	-1815	-67	344	485	72	6	-7	5285	26425	5285	69837104
4006	-16120	-1795	-135	316	303	70	8	-4	5286	26430	5286	69837124
4036	-16005	-1788	-234	301	192	67	7	-7	5287	26435	5287	69837124
4076	-15820	-1805	-291	309	172	65	7	-9	5288	26440	5288	69837124
3995	-15743	-1806	-287	295	178	66	6	-8	5289	26445	5289	69837125
3882	-15631	-1740	-253	279	184	67	5	-7	5290	26450	5290	69837125
3728	-15324	-1654	-204	252	248	68	11	-9	5291	26455	5291	69837125
3636	-15162	-1617	-63	219	448	69	15	-11	5292	26460	5292	69837125
3707	-15284	-1634	124	206	627	68	10	-9	5293	26465	5293	69837125
4044	-16054	-1755	240	182	667	67	7	-7	5294	26470	5294	69837147
4444	-16655	-1774	104	165	375	72	9	-5	5295	26475	5295	69837168
4371	-16278	-1661	-99	146	29	73	9	-5	5296	26480	5296	69837172
4201	-15747	-1708	-180	156	84	70	4	-8	5297	26485	5297	69837173
4034	-15503	-1739	-175	175	265	69	3	-9	5298	26490	5298	69837173
3913	-15515	-1771	-142	178	279	70	9	-10	5299	26495	5299	69837173
3836	-15569	-1859	-108	156	236	70	12	-10	5300	26500	5300	69837173
3888	-15592	-1855	-57	132	218	69	8	-9	5301	26505	5301	69837173
4019	-15603	-1835	-1	123	242	68	6	-8	5302	26510	5302	69837173
4009	-15568	-1802	40	114	266	70	4	-5	5303	26515	5303	69837173
4005	-15496	-1829	121	98	336	70	4	-4	5304	26520	5304	69837173
4027	-15563	-1857	235	97	427	70	9	-7	5305	26525	5305	69837173
4018	-15630	-1780	311	77	452	70	10	-8	5306	26530	5306	69837188
4097	-15600	-1800	381	61	464	69	8	-2	5307	26535	5307	69837208
4222	-15619	-1914	451	50	453	69	7	-1	5308	26540	5308	69837212
4178	-15560	-1924	530	23	389	71	5	-7	5309	26545	5309	69837212
4093	-15466	-1907	626	-1	413	72	4	-8	5310	26550	5310	69837213
4054	-15516	-1832	762	-19	452	65	3	-9	5311	26555	5311	69837213
3908	-15532	-1836	861	-49	471	65	3	-9	5312	26560	5312	69837213
3950	-15518	-1958	946	-37	455	62	8	-6	5313	26565	5313	69837222
3952	-15534	-1886	1020	-37	460	62	8	-6	5314	26570	5314	69837253
3958	-15502	-1996	1183	-51	475	63	7	-11	5315	26575	5315	69837264
3896	-15468	-1948	1406	-65	489	63	7	-11	5316	26580	5316	69837265
3862	-15484	-1906	1637	-68	483	66	4	-2	5317	26585	5317	69837265
3864	-15410	-1948	1829	-65	442	66	4	-2	5318	26590	5318	69837265
3726	-15490	-1920	2116	-33	412	68	10	-8	5319	26595	5319	69837265
3798	-15536	-2029	2346	6	393	68	9	-7	5320	26600	5320	69837269
3831	-15574	-1985	2522	21	396	69	7	-5	5321	26605	5321	69837287
3874	-15614	-1942	2671	38	385	69	7	-5	5322	26610	5322	69837287
