-2168	-350	-14611	319	-329	92	9	31	-9	4728	23640	4728	69834314
-2144	-345	-14625	244	-333	104	14	31	-3	4729	23645	4729	69834315
-2153	-310	-14704	221	-359	102	15	31	-1	4730	23650	4730	69834315
-2145	-321	-14676	269	-387	100	11	33	-5	4731	23655	4731	69834321
-2097	-304	-14605	366	-432	106	10	34	-6	4732	23660	4732	69834347
-2057	-308	-14619	462	-476	127	11	32	-8	4733	23665	4733	69834353
-2044	-374	-14708	511	-490	143	11	31	-9	4734	23670	4734	69834354
-2128	-422	-14724	482	-481	142	14	32	-6	4735	23675	4735	69834354
-2122	-378	-14716	427	-500	135	14	32	-6	4736	23680	4736	69834354
-2072	-336	-14650	339	-540	143	11	35	-5	4737	23685	4737	69834354
-2136	-310	-14754	248	-557	144	11	35	-5	4738	23690	4738	69834354
-2186	-216	-14538	219	-543	142	14	36	-8	4739	23695	4739	69834391
-2194	-224	-14486	242	-505	145	14	36	-8	4740	23700	4740	69834401
-2176	-194	-14606	290	-458	138	12	34	-10	4741	23705	4741	69834402
-2170	-280	-14646	283	-451	136	12	34	-10	4742	23710	4742	69834402
-2078	-254	-14711	242	-448	139	12	34	-8	4743	23715	4743	69834402
-2074	-242	-14602	220	-447	140	11	34	-8	4744	23720	4744	69834402
-2093	-196	-14625	246	-450	144	8	34	-6	4745	23725	4745	69834403
-2100	-206	-14610	298	-447	152	8	34	-6	4746	23730	4746	69834410
-2052	-244	-14608	357	-439	157	13	31	-5	4747	23735	4747	69834440
-2080	-218	-14648	360	-433	154	13	31	-5	4748	23740	4748	69834440
-2032	-226	-14626	312	-442	156	7	35	-9	4749	23745	4749	69834440
-2036	-258	-14654	238	-453	165	7	35	-9	4750	23750	4750	69834440
-2035	-175	-14507	204	-470	178	17	35	-11	4751	23755	4751	69834441
-2092	-260	-14532	225	-476	188	16	34	-9	4752	23760	4752	69834441
-2104	-227	-14684	255	-455	191	13	31	-3	4753	23765	4753	69834441
-2073	-239	-14681	262	-431	189	12	32	-4	4754	23770	4754	69834442
-2036	-284	-14636	242	-422	187	10	38	-6	4755	23775	4755	69834443
-2022	-243	-14614	216	-439	185	10	37	-6	4756	23780	4756	69834454
-2008	-290	-14669	225	-488	183	12	34	-8	4757	23785	4757	69834477
-2028	-245	-14647	267	-504	184	12	35	-8	4758	23790	4758	69834477
-2043	-248	-14709	321	-469	192	10	40	-10	4759	23795	4759	69834477
-2006	-214	-14634	361	-415	181	11	37	-7	4760	23800	4760	69834477
-1973	-208	-14611	378	-401	177	12	32	-2	4761	23805	4761	69834477
-1979	-238	-14633	373	-417	184	14	33	-2	4762	23810	4762	69834477
-2016	-255	-14690	353	-441	196	17	35	-3	4763	23815	4763	69834485
-2008	-192	-14650	319	-458	214	16	33	-4	4764	23820	4764	69834503
-1957	-186	-14594	288	-485	233	15	31	-5	4765	23825	4765	69834514
-1940	-207	-14585	296	-527	246	14	31	-5	4766	23830	4766	69834514
-1982	-217	-14588	347	-578	266	12	30	-4	4767	23835	4767	69834514
-2016	-277	-14580	442	-611	290	11	32	-4	4768	23840	4768	69834515
-2010	-275	-14566	532	-587	302	10	34	-4	4769	23845	4769	69834515
-2026	-262	-14459	573	-526	304	8	35	-7	4770	23850	4770	69834515
-1986	-271	-14395	577	-476	301	7	35	-9	4771	23855	4771	69834544
-1990	-289	-14462	564	-460	303	6	37	-8	4772	23860	4772	69834564
-2016	-326	-14560	528	-469	307	5	39	-7	4773	23865	4773	69834565
-2026	-291	-14611	471	-471	313	5	37	-5	4774	23870	4774	69834565
-2055	-258	-14712	409	-445	319	5	35	-3	4775	23875	4775	69834566
-2090	-341	-14788	324	-404	318	8	34	-9	4776	23880	4776	69834566
-2133	-389	-14669	220	-334	312	9	33	-11	4777	23885	4777	69834567
-2086	-317	-14608	122	-248	301	11	34	-7	4778	23890	4778	69834569
-2043	-290	-14518	76	-177	289	12	34	-6	4779	23895	4779	69834592
-2065	-290	-14530	99	-155	294	6	35	-5	4780	23900	4780	69834597
-2077	-255	-14632	148	-158	300	5	35	-5	4781	23905	4781	69834597
-2078	-228	-14741	201	-180	308	11	29	-11	4782	23910	4782	69834597
-2089	-272	-14685	244	-197	311	12	28	-12	4783	23915	4783	69834597
-2090	-321	-14732	299	-217	314	12	31	-7	4784	23920	4784	69834597
-2066	-382	-14722	341	-218	314	12	32	-6	4785	23925	4785	69834597
-2022	-384	-14676	351	-239	324	17	31	-9	4786	23930	4786	69834597
-2038	-368	-14688	373	-291	344	17	31	-9	4787	23935	4787	69834597
-2048	-376	-14512	466	-372	367	18	34	-8	4788	23940	4788	69834627
-2004	-346	-14482	630	-460	398	18	34	-8	4789	23945	4789	69834636
-2079	-434	-14437	748	-480	421	11	36	-8	4790	23950	4790	69834636
-2065	-438	-14455	819	-446	433	10	36	-8	4791	23955	4791	69834637
-1994	-463	-14451	822	-400	435	12	35	-12	4792	23960	4792	69834637
-1918	-508	-14420	783	-433	434	13	35	-13	4793	23965	4793	69834638
-1968	-530	-14474	719	-522	441	8	28	-14	4794	23970	4794	69834639
-1940	-564	-14720	638	-597	437	8	28	-14	4795	23975	4795	69834640
-1994	-512	-14730	532	-573	416	13	37	-11	4796	23980	4796	69834667
-1902	-564	-14814	442	-508	400	13	37	-11	4797	23985	4797	69834675
-1792	-524	-14828	362	-440	364	15	29	-11	4798	23990	4798	69834675
-1842	-496	-14952	278	-401	338	15	29	-11	4799	23995	4799	69834676
-1794	-540	-14758	213	-406	316	13	33	-9	4800	24000	4800	69834676
-1756	-572	-14692	150	-447	306	14	33	-9	4801	24005	4801	69834676
-1768	-556	-14716	110	-470	291	19	35	-7	4802	24010	4802	69834676
-1831	-600	-14737	120	-473	284	17	34	-7	4803	24015	4803	69834682
-1804	-530	-14665	167	-470	261	11	29	-9	4804	24020	4804	69834707
-1846	-523	-14564	249	-469	257	11	30	-8	4805	24025	4805	69834713
-1886	-493	-14507	354	-480	259	9	33	-3	4806	24030	4806	69834715
-1886	-463	-14558	433	-506	261	9	34	-4	4807	24035	4807	69834715
-1849	-528	-14582	465	-544	262	10	36	-10	4808	24040	4808	69834715
-1837	-559	-14664	473	-568	260	11	36	-10	4809	24045	4809	69834715
-1844	-578	-14686	441	-575	244	14	36	-8	4810	24050	4810	69834715
-1851	-603	-14741	388	-565	233	12	36	-8	4811	24055	4811	69834727
-1840	-641	-14725	304	-548	214	9	37	-9	4812	24060	4812	69834747
-1827	-628	-14706	198	-538	187	9	35	-9	4813	24065	4813	69834752
-1794	-586	-14680	99	-532	159	9	33	-9	4814	24070	4814	69834752
-1758	-599	-14662	36	-517	134	9	33	-9	4815	24075	4815	69834752
-1818	-586	-14597	0	-496	118	8	34	-8	4816	24080	4816	69834752
-1832	-522	-14585	-24	-484	100	11	35	-7	4817	24085	4817	69834752
-1819	-475	-14545	-44	-493	88	15	37	-5	4818	24090	4818	69834757
-1831	-437	-14530	-45	-515	89	14	34	-10	4819	24095	4819	69834780
-1845	-414	-14563	-35	-545	89	14	32	-14	4820	24100	4820	69834793
-1868	-410	-14602	-18	-570	90	10	30	-9	4821	24105	4821	69834793
-1910	-386	-14588	35	-579	93	8	28	-6	4822	24110	4822	69834793
-1932	-366	-14561	118	-569	93	10	27	-10	4823	24115	4823	69834793
-1916	-346	-14606	195	-555	87	12	26	-12	4824	24120	4824	69834793
-1946	-375	-14612	227	-547	79	13	31	-11	4825	24125	4825	69834793
-1942	-410	-14701	236	-536	59	13	35	-11	4826	24130	4826	69834800
-2014	-401	-14698	244	-531	59	15	33	-9	4827	24135	4827	69834825
-2015	-420	-14723	243	-513	50	16	32	-8	4828	24140	4828	69834831
-2020	-444	-14726	211	-483	41	14	31	-7	4829	24145	4829	69834832
-2000	-470	-14694	177	-459	32	13	31	-7	4830	24150	4830	69834832
-2044	-417	-14683	149	-467	26	16	37	-2	4831	24155	4831	69834832
-2054	-439	-14642	99	-468	19	17	39	-1	4832	24160	4832	69834832
-2045	-416	-14639	13	-447	7	18	33	-11	4833	24165	4833	69834832
-2030	-406	-14677	-141	-399	-18	18	30	-16	4834	24170	4834	69834838
-2039	-318	-14643	-288	-344	-50	14	28	-14	4835	24175	4835	69834898
-1997	-285	-14566	-360	-327	-52	13	27	-13	4836	24180	4836	69834913
-1975	-256	-14486	-361	-340	-46	14	29	-11	4837	24185	4837	69834914
-1938	-248	-14512	-308	-380	-43	14	30	-10	4838	24190	4838	69834914
-1980	-269	-14586	-239	-396	-32	12	36	-8	4839	24195	4839	69834914
-1987	-279	-14612	-159	-399	-37	12	38	-8	4840	24200	4840	69834915
-1981	-341	-14675	-97	-373	-42	17	36	-6	4841	24205	4841	69834915
-1977	-356	-14639	-52	-362	-47	18	36	-6	4842	24210	4842	69834944
-2016	-362	-14598	-25	-394	-52	16	36	-8	4843	24215	4843	69834951
-1976	-334	-14648	-20	-431	-33	16	36	-8	4844	24220	4844	69834952
-1960	-298	-14704	13	-473	-24	14	26	-8	4845	24225	4845	69834952
-2024	-314	-14722	30	-469	-25	14	26	-8	4846	24230	4846	69834952
-2044	-312	-14640	33	-457	-21	15	31	-13	4847	24235	4847	69834953
-2088	-304	-14604	46	-447	-26	15	31	-13	4848	24240	4848	69834953
-2030	-310	-14692	55	-451	-16	11	33	-11	4849	24245	4849	69834953
-2060	-324	-14616	68	-490	-16	11	33	-11	4850	24250	4850	69834954
-2079	-313	-14642	26	-507	-6	18	34	-4	4851	24255	4851	69834956
-2015	-325	-14621	-16	-526	-9	17	34	-6	4852	24260	4852	69834963
-1947	-298	-14678	-55	-566	1	11	35	-15	4853	24265	4853	69834963
-1964	-304	-14620	-80	-614	14	12	35	-13	4854	24270	4854	69834964
-1920	-328	-14595	-88	-638	27	14	34	-6	4855	24275	4855	69834964
-1946	-314	-14655	-77	-631	32	14	33	-7	4856	24280	4856	69834965
-2015	-315	-14584	-80	-593	26	16	28	-10	4857	24285	4857	69834965
-2019	-381	-14701	-90	-562	19	15	29	-10	4858	24290	4858	69834970
-1953	-327	-14697	-117	-522	20	12	34	-12	4859	24295	4859	69834987
-1955	-292	-14730	-121	-522	14	13	34	-10	4860	24300	4860	69834987
-1958	-294	-14705	-113	-523	13	15	35	-7	4861	24305	4861	69834987
-1949	-316	-14680	-89	-519	4	17	33	-9	4862	24310	4862	69834987
-1946	-331	-14711	-71	-508	-2	19	29	-11	4863	24315	4863	69834987
-1908	-310	-14690	-72	-505	-10	19	29	-11	4864	24320	4864	69834987
-1938	-279	-14662	-80	-526	-5	18	28	-10	4865	24325	4865	69834991
-1912	-292	-14608	-85	-556	10	16	31	-11	4866	24330	4866	69835010
-1871	-290	-14626	-102	-570	14	14	36	-12	4867	24335	4867	69835027
-1853	-280	-14679	-123	-574	16	11	36	-10	4868	24340	4868	69835028
-1827	-243	-14708	-163	-568	17	8	36	-8	4869	24345	4869	69835029
-1808	-266	-14715	-211	-568	14	9	34	-7	4870	24350	4870	69835029
-1808	-322	-14683	-244	-590	13	9	33	-7	4871	24355	4871	69835030
-1805	-318	-14668	-274	-607	13	11	33	-7	4872	24360	4872	69835030
-1788	-270	-14717	-308	-634	10	13	33	-7	4873	24365	4873	69835044
-1769	-310	-14758	-348	-649	10	11	34	-9	4874	24370	4874	69835058
-1730	-328	-14787	-412	-657	11	9	35	-11	4875	24375	4875	69835062
-1797	-224	-14757	-485	-679	16	12	41	-8	4876	24380	4876	69835062
-1781	-194	-14722	-511	-718	25	13	43	-7	4877	24385	4877	69835062
-1795	-202	-14659	-483	-766	33	9	39	-9	4878	24390	4878	69835062
-1844	-182	-14635	-390	-788	49	6	36	-10	4879	24395	4879	69835062
-1835	-172	-14558	-262	-768	60	7	34	-8	4880	24400	4880	69835062
-1888	-144	-14432	-156	-724	66	8	32	-6	4881	24405	4881	69835088
-1856	-104	-14484	-96	-687	62	9	33	-5	4882	24410	4882	69835106
-1804	-104	-14526	-85	-674	57	10	34	-4	4883	24415	4883	69835106
-1801	-121	-14605	-102	-683	48	9	28	-12	4884	24420	4884	69835107
-1829	-126	-14639	-139	-667	39	8	26	-14	4885	24425	4885	69835107
-1833	-187	-14661	-198	-620	15	12	30	-12	4886	24430	4886	69835107
-1899	-202	-14701	-283	-603	-5	13	31	-11	4887	24435	4887	69835107
-1927	-109	-14692	-339	-633	-9	11	37	-10	4888	24440	4888	69835108
-1948	-92	-14790	-350	-661	-3	10	38	-10	4889	24445	4889	69835125
-2019	-64	-14739	-346	-638	-22	10	33	-5	4890	24450	4890	69835135
-2057	-91	-14706	-296	-577	-52	10	32	-4	4891	24455	4891	69835137
-2022	-102	-14448	-198	-533	-61	14	33	-6	4892	24460	4892	69835137
-2074	-36	-14436	-49	-531	-48	15	33	-7	4893	24465	4893	69835137
-2132	-70	-14420	61	-521	-21	12	30	-6	4894	24470	4894	69835137
-2110	-42	-14442	128	-472	-5	12	30	-6	4895	24475	4895	69835137
-2064	-100	-14418	154	-412	4	6	34	-8	4896	24480	4896	69835148
-2080	-70	-14672	146	-388	10	6	34	-8	4897	24485	4897	69835176
-2032	-84	-14576	101	-434	31	12	30	-8	4898	24490	4898	69835176
-1914	-58	-14758	37	-484	42	12	30	-8	4899	24495	4899	69835176
-1960	-40	-14834	-27	-518	52	8	36	-4	4900	24500	4900	69835177
-1940	-45	-14752	-76	-519	48	9	35	-5	4901	24505	4901	69835177
-1930	-7	-14690	-66	-531	61	12	30	-10	4902	24510	4902	69835177
-1948	7	-14669	-16	-549	70	12	31	-10	4903	24515	4903	69835185
-2018	5	-14587	65	-559	91	12	34	-12	4904	24520	4904	69835215
-2004	-58	-14600	127	-590	102	11	34	-12	4905	24525	4905	69835215
-2074	-98	-14517	147	-637	116	8	34	-10	4906	24530	4906	69835215
-2130	-98	-14582	123	-691	128	8	34	-8	4907	24535	4907	69835216
-2216	-62	-14588	98	-716	139	10	32	-2	4908	24540	4908	69835216
-2167	-54	-14502	107	-686	144	10	33	-4	4909	24545	4909	69835216
-2220	-5	-14461	131	-649	164	10	34	-10	4910	24550	4910	69835220
-2197	91	-14458	173	-629	179	10	33	-10	4911	24555	4911	69835237
-2232	95	-14475	210	-598	197	11	31	-11	4912	24560	4912	69835253
-2264	66	-14566	218	-530	214	13	30	-13	4913	24565	4913	69835253
-2231	26	-14666	213	-424	212	15	29	-17	4914	24570	4914	69835253
-2185	-2	-14706	215	-330	204	12	31	-14	4915	24575	4915	69835253
-2105	4	-14672	218	-276	198	8	34	-10	4916	24580	4916	69835253
-2076	-32	-14759	208	-274	197	10	34	-11	4917	24585	4917	69835253
-2108	-84	-14823	181	-298	204	13	33	-13	4918	24590	4918	69835253
-2076	-91	-14756	172	-316	208	16	36	-6	4919	24595	4919	69835276
-2050	-83	-14654	225	-335	209	18	38	-2	4920	24600	4920	69835291
-2051	-90	-14655	301	-360	218	14	36	-8	4921	24605	4921	69835292
-2054	-94	-14720	374	-381	231	9	33	-13	4922	24610	4922	69835293
-2106	-128	-14772	418	-385	243	9	32	-14	4923	24615	4923	69835294
-2129	-141	-14736	397	-384	248	9	31	-15	4924	24620	4924	69835294
-2061	-90	-14625	335	-405	249	9	33	-15	4925	24625	4925	69835295
-2048	-85	-14649	270	-469	262	10	36	-14	4926	24630	4926	69835299
-2056	-80	-14679	247	-539	272	10	34	-10	4927	24635	4927	69835318
-2078	-2	-14698	233	-544	278	10	32	-8	4928	24640	4928	69835328
-2091	4	-14632	215	-521	278	9	31	-5	4929	24645	4929	69835328
-2080	-43	-14546	197	-503	278	9	31	-3	4930	24650	4930	69835328
-2039	-31	-14573	163	-510	283	10	31	-8	4931	24655	4931	69835328
-2020	-28	-14516	112	-519	287	11	31	-11	4932	24660	4932	69835328
-2071	-15	-14452	67	-538	274	12	30	-7	4933	24665	4933	69835328
-2068	-26	-14497	33	-541	267	12	30	-4	4934	24670	4934	69835350
-2115	-76	-14563	28	-503	247	9	30	-7	4935	24675	4935	69835363
-2061	-121	-14606	43	-480	224	8	30	-8	4936	24680	4936	69835365
-2041	-80	-14710	86	-492	215	12	34	-9	4937	24685	4937	69835366
-2021	-68	-14620	146	-526	203	13	35	-9	4938	24690	4938	69835366
-1955	-98	-14598	227	-588	208	10	29	-6	4939	24695	4939	69835366
-2007	-127	-14582	311	-628	209	9	27	-5	4940	24700	4940	69835366
-2034	-114	-14605	386	-648	200	11	33	-11	4941	24705	4941	69835374
-1999	-84	-14660	430	-642	192	11	35	-13	4942	24710	4942	69835398
-2022	-116	-14690	458	-613	181	6	34	-6	4943	24715	4943	69835403
-1974	-96	-14550	436	-602	159	6	34	-6	4944	24720	4944	69835404
-1988	-82	-14630	365	-586	141	8	28	-12	4945	24725	4945	69835404
-1900	-134	-14614	301	-588	127	8	28	-12	4946	24730	4946	69835404
-1900	-100	-14500	250	-565	99	12	34	-8	4947	24735	4947	69835405
-1878	-138	-14546	198	-565	78	12	34	-8	4948	24740	4948	69835405
-1818	-166	-14764	163	-573	54	13	35	-13	4949	24745	4949	69835414
-1820	-176	-14800	112	-588	45	13	35	-13	4950	24750	4950	69835440
-1886	-106	-14668	47	-564	28	7	35	-13	4951	24755	4951	69835440
-1952	-40	-14626	56	-484	4	7	35	-12	4952	24760	4952	69835441
-1882	-74	-14532	134	-394	-24	7	33	-9	4953	24765	4953	69835441
-1858	-28	-14459	261	-367	-34	7	33	-9	4954	24770	4954	69835441
-1876	-110	-14529	399	-384	-32	8	34	-8	4955	24775	4955	69835441
-1832	-140	-14585	463	-406	-34	8	34	-9	4956	24780	4956	69835446
-1862	-129	-14648	462	-407	-45	9	35	-11	4957	24785	4957	69835470
-1864	-140	-14694	437	-412	-52	9	35	-11	4958	24790	4958	69835478
-1824	-93	-14707	407	-423	-63	9	33	-11	4959	24795	4959	69835478
-1887	-124	-14702	387	-450	-69	8	32	-10	4960	24800	4960	69835478
-1890	-86	-14753	374	-479	-83	7	31	-9	4961	24805	4961	69835478
-1877	-97	-14763	360	-498	-86	6	33	-11	4962	24810	4962	69835478
-1916	-152	-14766	332	-499	-82	5	35	-15	4963	24815	4963	69835482
-1954	-135	-14704	312	-493	-79	5	34	-12	4964	24820	4964	69835500
-1960	-95	-14659	294	-497	-78	5	33	-7	4965	24825	4965	69835519
-1943	-83	-14689	277	-534	-74	6	33	-7	4966	24830	4966	69835519
-1984	-108	-14624	253	-584	-67	8	34	-8	4967	24835	4967	69835519
-1968	-155	-14625	216	-615	-57	10	34	-8	4968	24840	4968	69835519
-1966	-133	-14630	190	-618	-54	13	33	-7	4969	24845	4969	69835520
-1973	-98	-14610	192	-601	-53	11	33	-8	4970	24850	4970	69835520
-1979	-102	-14610	230	-568	-50	7	33	-9	4971	24855	4971	69835523
-1972	-137	-14588	263	-533	-48	7	35	-9	4972	24860	4972	69835539
-1946	-185	-14564	281	-513	-54	7	37	-9	4973	24865	4973	69835555
-1901	-168	-14636	285	-532	-55	9	33	-8	4974	24870	4974	69835556
-1900	-149	-14686	278	-575	-45	11	27	-7	4975	24875	4975	69835556
-1981	-206	-14751	238	-614	-24	10	29	-7	4976	24880	4976	69835557
-1998	-176	-14739	158	-631	-18	9	31	-7	4977	24885	4977	69835557
-2042	-130	-14778	99	-596	-24	12	34	-10	4978	24890	4978	69835557
-2135	-97	-14666	102	-518	-27	14	36	-12	4979	24895	4979	69835579
-2105	-66	-14461	168	-428	-32	13	36	-11	4980	24900	4980	69835593
-2086	-56	-14388	269	-346	-35	12	36	-10	4981	24905	4981	69835593
-2085	-44	-14362	367	-284	-33	9	34	-7	4982	24910	4982	69835593
-2061	9	-14406	434	-263	-32	7	33	-5	4983	24915	4983	69835593
-1960	-24	-14544	447	-288	-23	9	32	-10	4984	24920	4984	69835593
-1966	-92	-14602	387	-333	-20	10	32	-12	4985	24925	4985	69835593
-1907	-110	-14704	317	-404	-10	10	30	-9	4986	24930	4986	69835593
-1916	-37	-14765	271	-461	-5	10	30	-8	4987	24935	4987	69835628
-1930	-64	-14720	254	-506	-2	13	33	-11	4988	24940	4988	69835638
-1946	-71	-14757	242	-545	1	14	34	-12	4989	24945	4989	69835639
-2062	-116	-14778	238	-549	0	7	38	-11	4990	24950	4990	69835639
-2074	-130	-14770	228	-522	-3	5	39	-11	4991	24955	4991	69835639
-2001	-152	-14754	222	-501	-9	8	34	-8	4992	24960	4992	69835641
-1970	-112	-14592	209	-489	-13	9	33	-7	4993	24965	4993	69835642
-1982	-66	-14600	201	-500	-15	4	32	-10	4994	24970	4994	69835643
-2004	-102	-14584	209	-523	-7	4	32	-10	4995	24975	4995	69835666
-1992	-118	-14602	224	-555	4	15	33	-7	4996	24980	4996	69835666
-2064	-104	-14622	204	-554	4	15	33	-7	4997	24985	4997	69835667
-2020	-68	-14652	159	-552	8	12	30	-6	4998	24990	4998	69835667
-1996	-10	-14550	130	-574	17	12	30	-6	4999	24995	4999	69835667
-2024	-18	-14604	145	-597	27	7	39	-9	5000	25000	5000	69835667
-2049	-3	-14575	196	-585	24	7	38	-9	5001	25005	5001	69835669
-2016	-43	-14584	234	-565	20	7	35	-7	5002	25010	5002	69835683
-1966	-55	-14436	257	-549	12	8	35	-7	5003	25015	5003	69835708
-1970	-24	-14458	278	-547	15	12	36	-8	5004	25020	5004	69835708
-1986	-45	-14622	299	-559	27	12	35	-8	5005	25025	5005	69835708
-1964	-44	-14546	306	-544	22	13	33	-9	5006	25030	5006	69835708
-1962	-62	-14694	306	-521	17	13	33	-9	5007	25035	5007	69835708
-1894	-108	-14710	261	-524	9	13	33	-7	5008	25040	5008	69835708
-1942	-66	-14736	214	-546	8	13	33	-7	5009	25045	5009	69835708
-1902	-36	-14706	199	-582	5	12	38	-8	5010	25050	5010	69835747
-1900	-59	-14834	226	-603	3	11	37	-8	5011	25055	5011	69835747
-1882	-80	-14751	265	-605	6	6	34	-10	5012	25060	5012	69835747
-1887	-87	-14672	279	-574	2	7	33	-10	5013	25065	5013	69835748
-1907	-110	-14697	259	-517	-8	11	27	-11	5014	25070	5014	69835748
-1904	-56	-14713	213	-465	-15	10	28	-10	5015	25075	5015	69835748
-1882	-44	-14625	188	-468	-11	8	32	-8	5016	25080	5016	69835748
-1881	-51	-14603	180	-511	-9	9	33	-10	5017	25085	5017	69835755
-1879	-31	-14568	192	-517	-8	12	34	-14	5018	25090	5018	69835778
-1908	-37	-14449	237	-480	-8	12	34	-10	5019	25095	5019	69835784
-1946	-77	-14400	292	-426	-13	11	35	-5	5020	25100	5020	69835785
-1966	-85	-14482	345	-400	-18	11	34	-5	5021	25105	5021	69835785
-1961	-78	-14558	385	-392	-12	12	32	-4	5022	25110	5022	69835785
-1934	-91	-14685	389	-388	-5	10	32	-5	5023	25115	5023	69835785
-1913	-89	-14692	359	-389	-4	8	32	-6	5024	25120	5024	69835785
-1872	-85	-14720	317	-395	-8	10	30	-8	5025	25125	5025	69835796
-1857	-105	-14760	271	-411	-9	12	26	-12	5026	25130	5026	69835818
-1852	-148	-14840	232	-439	3	11	30	-9	5027	25135	5027	69835824
-1838	-159	-14818	196	-458	2	11	33	-7	5028	25140	5028	69835825
-1875	-154	-14746	164	-480	-4	6	34	-11	5029	25145	5029	69835825
-1885	-180	-14760	142	-489	-5	3	35	-13	5030	25150	5030	69835825
-1880	-160	-14737	134	-492	-11	7	36	-11	5031	25155	5031	69835826
-1899	-156	-14668	140	-489	-15	10	36	-10	5032	25160	5032	69835828
-1930	-117	-14566	162	-490	-13	9	37	-10	5033	25165	5033	69835847
-1907	-91	-14569	211	-515	-4	8	38	-10	5034	25170	5034	69835859
-1939	-131	-14589	240	-555	2	6	35	-7	5035	25175	5035	69835859
-1988	-210	-14673	236	-565	17	6	34	-6	5036	25180	5036	69835859
-2030	-114	-14617	227	-547	19	11	34	-9	5037	25185	5037	69835859
-2020	-116	-14604	229	-516	17	12	34	-10	5038	25190	5038	69835859
-2005	-82	-14529	249	-495	11	16	35	-8	5039	25195	5039	69835860
-1978	-138	-14601	248	-508	12	17	35	-7	5040	25200	5040	69835873
-1978	-183	-14608	206	-538	12	13	33	-8	5041	25205	5041	69835893
-1994	-177	-14582	146	-563	12	12	32	-8	5042	25210	5042	69835897
-2070	-160	-14512	141	-573	7	10	28	-4	5043	25215	5043	69835897
-2054	-164	-14496	213	-548	9	10	28	-4	5044	25220	5044	69835897
-2038	-78	-14422	299	-466	-1	9	31	-5	5045	25225	5045	69835897
-2012	-76	-14474	363	-393	-8	9	31	-5	5046	25230	5046	69835897
-1998	-106	-14542	374	-417	-3	10	32	-14	5047	25235	5047	69835897
-1918	-152	-14516	312	-512	0	10	32	-14	5048	25240	5048	69835934
-2020	-132	-14614	254	-589	8	9	33	-8	5049	25245	5049	69835934
-2059	-125	-14636	228	-635	17	9	33	-7	5050	25250	5050	69835935
-2100	-108	-14702	256	-605	6	9	37	-9	5051	25255	5051	69835935
-2062	-116	-14652	276	-520	4	9	37	-9	5052	25260	5052	69835935
-2018	-136	-14786	273	-476	-10	9	39	-13	5053	25265	5053	69835935
-2028	-148	-14756	261	-466	-25	9	39	-13	5054	25270	5054	69835936
-1968	-164	-14774	245	-460	-35	10	32	-12	5055	25275	5055	69835942
-1934	-184	-14846	240	-471	-43	10	32	-12	5056	25280	5056	69835974
-1950	-144	-14686	224	-484	-46	9	35	-11	5057	25285	5057	69835976
-1962	-204	-14724	192	-520	-60	9	35	-11	5058	25290	5058	69835976
-1950	-150	-14696	143	-527	-54	8	28	-14	5059	25295	5059	69835976
-1943	-73	-14695	64	-577	-50	9	30	-13	5060	25300	5060	69835976
-1959	-67	-14694	32	-621	-52	11	39	-9	5061	25305	5061	69835976
-1994	-75	-14616	29	-671	-39	11	38	-8	5062	25310	5062	69835982
-1984	-128	-14733	28	-705	-31	13	33	-5	5063	25315	5063	69836005
-2068	-122	-14714	-5	-709	-36	12	33	-5	5064	25320	5064	69836005
-2086	-90	-14784	-100	-681	-38	7	35	-5	5065	25325	5065	69836006
-2070	-89	-14760	-218	-641	-50	7	34	-6	5066	25330	5066	69836006
-2002	-47	-14668	-277	-596	-57	6	32	-8	5067	25335	5067	69836006
-2003	-14	-14602	-226	-567	-52	6	33	-8	5068	25340	5068	69836006
-1996	-3	-14530	-142	-557	-51	7	35	-7	5069	25345	5069	69836006
-2024	44	-14600	-78	-570	-46	7	35	-5	5070	25350	5070	69836010
-2053	41	-14599	-51	-578	-39	7	35	-3	5071	25355	5071	69836026
-2065	34	-14522	-49	-567	-35	8	35	-5	5072	25360	5072	69836043
-2032	27	-14541	-40	-568	-33	10	34	-8	5073	25365	5073	69836043
-1982	8	-14562	-22	-570	-34	11	34	-8	5074	25370	5074	69836043
-2015	43	-14612	-14	-566	-31	13	33	-7	5075	25375	5075	69836043
-2032	60	-14634	-6	-564	-33	11	34	-6	5076	25380	5076	69836043
-1985	76	-14667	24	-550	-41	8	34	-4	5077	25385	5077	69836043
-1985	59	-14618	76	-529	-44	10	33	-7	5078	25390	5078	69836065
-1951	66	-14627	134	-522	-46	11	33	-9	5079	25395	5079	69836081
-1959	23	-14667	196	-533	-47	9	34	-12	5080	25400	5080	69836081
-1988	-10	-14690	233	-551	-48	8	34	-14	5081	25405	5081	69836081
-2021	-26	-14638	235	-537	-55	10	32	-12	5082	25410	5082	69836081
-2039	-20	-14616	203	-509	-66	12	30	-10	5083	25415	5083	69836082
-2014	-41	-14711	115	-503	-85	12	33	-9	5084	25420	5084	69836095
-2009	-58	-14644	-3	-532	-103	12	34	-8	5085	25425	5085	69836115
-2040	-63	-14650	-107	-562	-111	11	38	-9	5086	25430	5086	69836119
-2021	16	-14546	-135	-578	-126	11	39	-9	5087	25435	5087	69836119
-2004	-1	-14603	-80	-578	-140	13	35	-8	5088	25440	5088	69836119
-1972	27	-14592	6	-552	-148	14	34	-8	5089	25445	5089	69836119
-1963	-19	-14563	69	-545	-165	15	29	-9	5090	25450	5090	69836119
-1976	-75	-14640	105	-546	-189	15	27	-9	5091	25455	5091	69836119
-1998	-113	-14744	122	-542	-210	16	30	-5	5092	25460	5092	69836168
-2035	-93	-14690	127	-523	-237	16	32	-2	5093	25465	5093	69836200
-1988	-69	-14635	138	-512	-265	12	34	-3	5094	25470	5094	69836200
-1984	-26	-14510	148	-545	-272	11	35	-3	5095	25475	5095	69836200
-2056	-114	-14488	183	-620	-254	10	36	-7	5096	25480	5096	69836201
-2074	-106	-14464	252	-677	-248	10	36	-8	5097	25485	5097	69836201
-2106	-98	-14400	337	-668	-245	14	34	-7	5098	25490	5098	69836201
-2151	-136	-14388	448	-581	-248	15	33	-7	5099	25495	5099	69836201
-2123	-109	-14535	551	-487	-255	15	28	-2	5100	25500	5100	69836224
-2024	-172	-14692	602	-395	-263	15	27	-1	5101	25505	5101	69836243
-1956	-174	-14730	561	-358	-276	9	37	-7	5102	25510	5102	69836243
-1974	-238	-14702	486	-361	-292	9	37	-7	5103	25515	5103	69836243
-1976	-218	-14716	426	-373	-297	17	35	-9	5104	25520	5104	69836243
-1964	-282	-14748	421	-401	-287	17	35	-9	5105	25525	5105	69836244
-1930	-258	-14772	426	-427	-293	12	34	-14	5106	25530	5106	69836244
-1978	-202	-14824	439	-429	-294	12	34	-14	5107	25535	5107	69836244
-1990	-246	-14736	435	-400	-278	11	35	-9	5108	25540	5108	69836244
-1928	-232	-14744	415	-389	-280	11	35	-9	5109	25545	5109	69836244
-2023	-274	-14659	436	-410	-283	11	33	-9	5110	25550	5110	69836245
-2028	-233	-14704	411	-426	-273	11	34	-9	5111	25555	5111	69836245
-1989	-170	-14666	371	-459	-267	10	36	-8	5112	25560	5112	69836246
-2050	-72	-14678	316	-504	-258	11	35	-8	5113	25565	5113	69836249
-2004	-97	-14824	265	-529	-244	14	32	-6	5114	25570	5114	69836249
-2061	-103	-14696	223	-525	-234	13	32	-5	5115	25575	5115	69836252
-2095	-74	-14634	197	-528	-223	11	33	-3	5116	25580	5116	69836267
-2123	-28	-14577	185	-526	-206	11	32	-5	5117	25585	5117	69836283
-2100	37	-14518	188	-510	-189	10	30	-10	5118	25590	5118	69836283
-2090	69	-14626	224	-501	-175	10	33	-10	5119	25595	5119	69836283
-2131	64	-14686	269	-512	-155	9	37	-11	5120	25600	5120	69836283
-2156	53	-14738	282	-525	-137	9	37	-9	5121	25605	5121	69836283
-2142	66	-14764	251	-516	-133	8	36	-6	5122	25610	5122	69836283
-2093	125	-14740	207	-485	-141	10	33	-8	5123	25615	5123	69836287
-2058	205	-14631	207	-462	-129	13	29	-11	5124	25620	5124	69836305
-2036	247	-14514	269	-460	-106	11	33	-8	5125	25625	5125	69836324
-2034	280	-14464	360	-483	-83	9	39	-3	5126	25630	5126	69836324
-2026	316	-14563	423	-510	-68	10	32	-7	5127	25635	5127	69836324
-2008	338	-14588	463	-537	-58	11	27	-9	5128	25640	5128	69836324
-2003	313	-14606	501	-561	-44	11	28	-7	5129	25645	5129	69836324
-2061	307	-14586	511	-560	-37	11	29	-5	5130	25650	5130	69836325
-2081	311	-14579	488	-530	-39	10	32	-5	5131	25655	5131	69836325
-2019	304	-14612	439	-474	-47	9	37	-5	5132	25660	5132	69836325
-1997	343	-14630	392	-437	-51	11	35	-7	5133	25665	5133	69836337
-1963	361	-14724	373	-444	-48	14	32	-10	5134	25670	5134	69836360
-1938	297	-14799	397	-461	-45	11	35	-8	5135	25675	5135	69836365
-1949	316	-14717	423	-463	-47	9	37	-7	5136	25680	5136	69836365
-1936	354	-14731	431	-436	-48	13	35	-6	5137	25685	5137	69836365
-1906	331	-14647	411	-415	-49	16	34	-6	5138	25690	5138	69836365
-1889	337	-14628	397	-424	-42	14	34	-4	5139	25695	5139	69836366
-1860	369	-14651	416	-460	-26	12	34	-2	5140	25700	5140	69836366
-1852	364	-14616	489	-520	-17	10	29	-6	5141	25705	5141	69836382
-1892	340	-14550	630	-577	2	8	26	-8	5142	25710	5142	69836398
-1922	294	-14426	838	-623	26	10	34	-10	5143	25715	5143	69836402
-1924	237	-14401	1035	-636	47	11	37	-11	5144	25720	5144	69836402
-1884	186	-14480	1173	-630	52	11	39	-9	5145	25725	5145	69836402
-1927	142	-14623	1221	-591	58	11	39	-9	5146	25730	5146	69836402
-1897	76	-14681	1161	-531	58	13	37	-3	5147	25735	5147	69836402
-1838	22	-14682	1047	-486	47	14	36	-2	5148	25740	5148	69836402
-1866	15	-14774	938	-479	47	12	38	-4	5149	25745	5149	69836420
-1858	19	-14819	858	-501	52	12	38	-4	5150	25750	5150	69836439
-1818	-20	-14870	831	-521	64	12	34	-6	5151	25755	5151	69836444
-1894	-30	-14742	817	-519	61	12	34	-6	5152	25760	5152	69836444
-1934	-46	-14794	811	-476	67	15	35	-7	5153	25765	5153	69836445
-1858	4	-14544	804	-469	57	15	35	-7	5154	25770	5154	69836445
-1858	2	-14676	777	-497	68	10	30	-10	5155	25775	5155	69836445
-1912	-134	-14732	741	-551	54	10	30	-10	5156	25780	5156	69836446
-1898	-266	-14652	722	-606	74	8	32	-8	5157	25785	5157	69836483
-1816	-270	-14658	673	-645	70	8	32	-8	5158	25790	5158	69836495
-1874	-136	-14568	596	-656	74	7	31	-7	5159	25795	5159	69836495
-2032	110	-14526	579	-634	103	9	32	-6	5160	25800	5160	69836495
-2048	233	-14612	656	-557	104	15	37	-1	5161	25805	5161	69836496
-2046	98	-14596	794	-484	83	14	36	-3	5162	25810	5162	69836496
-1983	-180	-14594	898	-466	55	10	32	-12	5163	25815	5163	69836496
-1910	-393	-14626	927	-494	48	10	33	-11	5164	25820	5164	69836501
-1887	-524	-14647	894	-526	49	9	35	-9	5165	25825	5165	69836523
-1880	-480	-14618	830	-545	54	11	35	-10	5166	25830	5166	69836533
-1915	-401	-14560	755	-548	62	17	37	-13	5167	25835	5167	69836533
-1874	-304	-14608	668	-553	80	16	35	-10	5168	25840	5168	69836533
-1850	-335	-14678	629	-566	98	14	32	-6	5169	25845	5169	69836533
-1832	-416	-14730	622	-594	125	11	32	-8	5170	25850	5170	69836533
-1871	-514	-14628	648	-639	154	6	32	-10	5171	25855	5171	69836533
-1931	-618	-14558	680	-685	178	7	33	-12	5172	25860	5172	69836534
-1972	-696	-14595	688	-703	188	9	35	-15	5173	25865	5173	69836534
-2049	-694	-14650	656	-691	188	9	35	-14	5174	25870	5174	69836536
-2115	-614	-14680	587	-624	191	9	37	-9	5175	25875	5175	69836549
-2096	-494	-14664	496	-524	187	11	37	-9	5176	25880	5176	69836571
-2064	-350	-14564	467	-430	189	15	37	-7	5177	25885	5177	69836571
-2020	-321	-14530	496	-397	193	12	36	-11	5178	25890	5178	69836571
-1970	-399	-14536	539	-417	204	8	34	-16	5179	25895	5179	69836571
-1994	-388	-14564	581	-469	213	10	33	-13	5180	25900	5180	69836572
-2039	-379	-14525	615	-486	220	13	31	-9	5181	25905	5181	69836572
-2030	-379	-14498	642	-460	229	11	31	-11	5182	25910	5182	69836587
-2004	-374	-14522	640	-434	226	8	30	-14	5183	25915	5183	69836610
-2007	-385	-14627	576	-439	211	8	33	-11	5184	25920	5184	69836610
-2038	-375	-14600	492	-499	202	7	35	-7	5185	25925	5185	69836610
-2058	-388	-14605	436	-584	207	12	35	-9	5186	25930	5186	69836611
-2131	-415	-14616	433	-639	209	15	35	-11	5187	25935	5187	69836611
-2136	-438	-14652	464	-644	203	10	35	-11	5188	25940	5188	69836611
-2107	-472	-14719	505	-609	194	7	35	-11	5189	25945	5189	69836618
-2108	-527	-14719	523	-571	186	11	36	-10	5190	25950	5190	69836639
-2144	-536	-14700	504	-546	176	13	37	-9	5191	25955	5191	69836651
-2155	-591	-14699	453	-521	160	13	35	-8	5192	25960	5192	69836652
-2172	-571	-14634	402	-476	151	13	33	-7	5193	25965	5193	69836652
-2172	-512	-14551	373	-448	146	14	27	-8	5194	25970	5194	69836652
-2156	-540	-14542	381	-456	151	14	26	-8	5195	25975	5195	69836653
-2118	-523	-14534	419	-487	154	10	33	-12	5196	25980	5196	69836653
-2198	-561	-14630	459	-496	164	9	35	-13	5197	25985	5197	69836654
-2210	-542	-14547	474	-486	168	6	38	-11	5198	25990	5198	69836673
-2170	-548	-14555	487	-478	175	5	39	-11	5199	25995	5199	69836685
-2130	-582	-14553	477	-491	179	11	34	-11	5200	26000	5200	69836687
-2100	-592	-14678	467	-505	190	13	33	-11	5201	26005	5201	69836687
-2152	-578	-14610	464	-530	205	9	37	-9	5202	26010	5202	69836687
-2184	-556	-14640	460	-553	196	9	37	-9	5203	26015	5203	69836687
-2148	-574	-14658	437	-564	202	13	37	-13	5204	26020	5204	69836687
-2202	-536	-14708	388	-552	195	13	37	-13	5205	26025	5205	69836687
-2122	-466	-14684	301	-532	168	14	32	-8	5206	26030	5206	69836699
-2172	-424	-14730	256	-527	143	14	32	-8	5207	26035	5207	69836724
-2080	-420	-14760	249	-539	139	13	27	-13	5208	26040	5208	69836724
-2072	-404	-14716	247	-528	120	13	27	-13	5209	26045	5209	69836724
-2111	-418	-14654	194	-527	87	14	36	-10	5210	26050	5210	69836724
-2056	-396	-14618	138	-532	61	13	36	-10	5211	26055	5211	69836724
-2094	-391	-14694	113	-554	34	9	35	-11	5212	26060	5212	69836724
-2051	-338	-14638	132	-575	16	10	35	-11	5213	26065	5213	69836732
-2055	-353	-14576	190	-588	1	15	33	-11	5214	26070	5214	69836762
-1992	-286	-14528	265	-588	-17	14	34	-12	5215	26075	5215	69836762
-2020	-286	-14440	307	-578	-32	10	36	-14	5216	26080	5216	69836762
-1980	-280	-14484	359	-610	-44	10	36	-14	5217	26085	5217	69836763
-1999	-312	-14519	378	-647	-66	13	33	-3	5218	26090	5218	69836763
-2056	-342	-14630	371	-673	-72	12	33	-4	5219	26095	5219	69836763
-2005	-399	-14686	335	-674	-90	10	34	-8	5220	26100	5220	69836766
-2004	-382	-14619	324	-656	-108	11	34	-9	5221	26105	5221	69836783
-2048	-408	-14640	305	-664	-123	14	32	-14	5222	26110	5222	69836805
-2023	-445	-14666	284	-669	-128	13	32	-13	5223	26115	5223	69836805
-2005	-480	-14618	242	-676	-144	11	31	-9	5224	26120	5224	69836805
-1985	-481	-14651	190	-663	-154	11	32	-10	5225	26125	5225	69836805
-2027	-405	-14700	143	-668	-167	12	34	-14	5226	26130	5226	69836805
-2047	-468	-14724	116	-681	-169	11	34	-12	5227	26135	5227	69836805
-2014	-512	-14712	88	-688	-172	10	34	-8	5228	26140	5228	69836810
-2003	-482	-14683	59	-677	-174	10	34	-7	5229	26145	5229	69836828
-2060	-462	-14616	51	-649	-180	9	35	-5	5230	26150	5230	69836847
-2060	-444	-14574	60	-615	-189	11	33	-4	5231	26155	5231	69836847
-2029	-416	-14510	58	-586	-188	15	31	-3	5232	26160	5232	69836847
-1977	-373	-14477	25	-570	-189	14	33	-5	5233	26165	5233	69836847
-1950	-329	-14511	-18	-574	-181	13	35	-7	5234	26170	5234	69836847
-1986	-321	-14491	9	-613	-159	13	34	-12	5235	26175	5235	69836847
-2029	-310	-14499	82	-644	-143	13	33	-15	5236	26180	5236	69836847
-2034	-362	-14507	174	-648	-140	11	34	-18	5237	26185	5237	69836869
-2054	-409	-14558	263	-632	-137	10	34	-20	5238	26190	5238	69836884
-2053	-426	-14648	301	-608	-129	9	38	-15	5239	26195	5239	69836885
-2072	-417	-14648	280	-591	-134	9	41	-11	5240	26200	5240	69836885
-2056	-385	-14614	234	-579	-138	14	40	-9	5241	26205	5241	69836886
-2016	-395	-14631	201	-583	-135	17	39	-7	5242	26210	5242	69836886
-1966	-382	-14716	192	-596	-128	16	39	-6	5243	26215	5243	69836887
-1982	-422	-14693	171	-605	-140	15	39	-5	5244	26220	5244	69836897
-2000	-372	-14746	116	-612	-145	7	33	-8	5245	26225	5245	69836918
-2013	-327	-14706	83	-626	-156	5	31	-9	5246	26230	5246	69836923
-2010	-422	-14665	72	-618	-160	8	36	-9	5247	26235	5247	69836923
-1978	-435	-14647	102	-610	-172	9	37	-9	5248	26240	5248	69836923
-1930	-419	-14564	132	-607	-176	11	36	-10	5249	26245	5249	69836923
-1974	-474	-14619	148	-594	-178	12	36	-10	5250	26250	5250	69836923
-1988	-494	-14698	92	-573	-193	10	44	-8	5251	26255	5251	69836923
-2008	-566	-14762	-36	-570	-200	10	44	-8	5252	26260	5252	69836932
-1932	-462	-14626	-169	-570	-209	16	32	-8	5253	26265	5253	69836961
-1978	-496	-14608	-262	-562	-213	16	32	-8	5254	26270	5254	69836961
-1998	-480	-14524	-289	-552	-220	12	46	-8	5255	26275	5255	69836961
-2034	-462	-14582	-273	-548	-220	12	46	-8	5256	26280	5256	69836962
-2008	-386	-14402	-201	-548	-212	11	39	-9	5257	26285	5257	69836962
-1943	-399	-14482	-110	-570	-205	11	39	-9	5258	26290	5258	69836962
-1978	-485	-14440	-15	-609	-190	5	35	-5	5259	26295	5259	69836963
-2022	-406	-14612	28	-631	-178	4	34	-4	5260	26300	5260	69836970
-1992	-406	-14634	-20	-617	-159	10	34	-10	5261	26305	5261	69836998
-2004	-358	-14512	-38	-595	-154	10	34	-10	5262	26310	5262	69836998
-2004	-364	-14592	-27	-614	-138	10	40	-10	5263	26315	5263	69836998
-1998	-380	-14588	-13	-649	-117	10	40	-10	5264	26320	5264	69836998
-2044	-388	-14610	-9	-655	-115	9	41	-7	5265	26325	5265	69836998
-1994	-386	-14638	-22	-627	-124	9	41	-7	5266	26330	5266	69836998
-1996	-390	-14704	-41	-609	-134	10	44	-4	5267	26335	5267	69836998
-2014	-328	-14766	-62	-610	-136	11	42	-4	5268	26340	5268	69837013
-2009	-289	-14728	-76	-627	-132	14	36	-6	5269	26345	5269	69837036
-2028	-247	-14719	-104	-643	-137	14	36	-6	5270	26350	5270	69837041
-2078	-272	-14672	-156	-667	-142	12	34	-6	5271	26355	5271	69837042
-2053	-207	-14705	-183	-660	-145	12	34	-8	5272	26360	5272	69837042
-2043	-227	-14605	-193	-648	-153	10	34	-14	5273	26365	5273	69837042
-2128	-220	-14603	-176	-618	-148	10	34	-13	5274	26370	5274	69837042
-2066	-182	-14598	-159	-584	-153	12	32	-10	5275	26375	5275	69837048
-2085	-204	-14542	-146	-565	-154	12	33	-9	5276	26380	5276	69837066
-2095	-186	-14542	-155	-563	-139	13	35	-7	5277	26385	5277	69837067
-2106	-143	-14607	-168	-564	-136	8	37	-6	5278	26390	5278	69837067
-2110	-154	-14563	-176	-564	-135	1	39	-5	5279	26395	5279	69837067
-2086	-174	-14590	-175	-555	-135	6	38	-5	5280	26400	5280	69837067
-2073	-184	-14591	-162	-546	-131	13	37	-5	5281	26405	5281	69837067
-2079	-152	-14549	-125	-551	-123	11	38	-3	5282	26410	5282	69837067
-2041	-125	-14561	-61	-557	-105	8	40	0	5283	26415	5283	69837084
-2039	-155	-14553	-19	-557	-95	7	38	-2	5284	26420	5284	69837109
-2049	-139	-14554	-4	-541	-98	5	35	-3	5285	26425	5285	69837109
-2033	-130	-14636	-16	-530	-90	6	33	-4	5286	26430	5286	69837110
-2021	-136	-14655	-30	-528	-80	6	32	-4	5287	26435	5287	69837110
-2030	-71	-14639	-20	-543	-77	8	35	-7	5288	26440	5288	69837110
-2025	-18	-14620	9	-570	-71	9	37	-9	5289	26445	5289	69837112
-2058	-16	-14644	24	-584	-67	14	35	-8	5290	26450	5290	69837133
-2084	-50	-14654	4	-586	-68	17	33	-7	5291	26455	5291	69837146
-2051	-43	-14649	-45	-563	-66	13	35	-6	5292	26460	5292	69837147
-2035	-17	-14652	-88	-528	-60	10	36	-6	5293	26465	5293	69837147
-2065	-33	-14631	-100	-526	-67	8	33	-3	5294	26470	5294	69837147
-2107	-3	-14631	-90	-522	-71	8	32	-2	5295	26475	5295	69837148
-2050	-63	-14608	-63	-524	-70	9	34	-4	5296	26480	5296	69837148
-2015	-80	-14612	-38	-524	-61	9	35	-5	5297	26485	5297	69837168
-2037	-91	-14518	0	-513	-60	16	36	-3	5298	26490	5298	69837181
-2001	-32	-14604	20	-489	-52	18	36	-2	5299	26495	5299	69837183
-2051	-78	-14621	35	-494	-40	16	35	-4	5300	26500	5300	69837183
-2028	-97	-14599	26	-516	-35	15	35	-5	5301	26505	5301	69837183
-2064	-56	-14597	16	-515	-27	11	34	-6	5302	26510	5302	69837183
-2063	-78	-14624	-20	-507	-31	10	34	-6	5303	26515	5303	69837183
-2050	16	-14588	-51	-499	-25	12	39	-6	5304	26520	5304	69837183
-2067	-46	-14589	-58	-482	-17	12	40	-6	5305	26525	5305	69837193
-2024	-52	-14645	-53	-456	-12	8	38	-8	5306	26530	5306	69837218
-2090	-69	-14751	-28	-440	-4	7	37	-9	5307	26535	5307	69837224
-2067	-95	-14662	-12	-419	4	14	31	-10	5308	26540	5308	69837225
-1995	-127	-14708	-4	-409	5	16	30	-10	5309	26545	5309	69837225
-1976	-76	-14592	-3	-412	7	9	35	-5	5310	26550	5310	69837225
-2024	-86	-14600	-10	-439	21	9	35	-5	5311	26555	5311	69837226
-2034	-98	-14464	34	-489	34	11	31	-11	5312	26560	5312	69837226
-2020	-42	-14560	103	-528	52	11	31	-11	5313	26565	5313	69837261
-2038	-4	-14570	147	-516	57	11	29	-3	5314	26570	5314	69837262
-2114	-22	-14600	151	-498	58	11	29	-3	5315	26575	5315	69837262
-2092	-14	-14636	133	-496	74	8	36	-10	5316	26580	5316	69837262
-2086	-42	-14690	112	-522	67	8	36	-10	5317	26585	5317	69837262
-2188	14	-14683	144	-554	82	11	37	-1	5318	26590	5318	69837262
-2178	44	-14661	188	-548	99	11	37	-2	5319	26595	5319	69837262
-2186	8	-14534	225	-520	90	11	35	-5	5320	26600	5320	69837269
-2207	-9	-14686	248	-469	78	11	35	-5	5321	26605	5321	69837299
-2198	-8	-14688	232	-442	75	12	34	-6	5322	26610	5322	69837299
