-12255	-1278	-10021	-1613	-196	174	-427	75	-214	4017	20085	4017	69830807
-12288	-1292	-10058	-1612	-296	146	-431	73	-219	4018	20090	4018	69830807
-12334	-1287	-10125	-1625	-357	117	-429	72	-215	4019	20095	4019	69830808
-12373	-1310	-10165	-1651	-360	89	-427	71	-213	4020	20100	4020	69830816
-12398	-1318	-10181	-1683	-326	58	-430	73	-213	4021	20105	4021	69830822
-12408	-1294	-10195	-1719	-261	43	-432	74	-212	4022	20110	4022	69830822
-12418	-1282	-10215	-1750	-161	54	-430	74	-211	4023	20115	4023	69830822
-12432	-1281	-10212	-1769	-47	70	-428	74	-210	4024	20120	4024	69830823
-12437	-1264	-10216	-1787	79	87	-430	75	-210	4025	20125	4025	69830823
-12452	-1264	-10221	-1790	188	128	-433	77	-211	4026	20130	4026	69830823
-12461	-1197	-10213	-1787	280	191	-430	75	-211	4027	20135	4027	69830828
-12478	-1176	-10136	-1765	336	252	-427	73	-211	4028	20140	4028	69830849
-12435	-1180	-10108	-1732	358	313	-431	75	-215	4029	20145	4029	69830861
-12397	-1198	-10119	-1701	346	355	-433	77	-217	4030	20150	4030	69830862
-12417	-1231	-10115	-1678	309	388	-434	77	-215	4031	20155	4031	69830862
-12380	-1203	-10097	-1658	268	419	-435	77	-213	4032	20160	4032	69830862
-12372	-1181	-10107	-1641	219	423	-433	75	-214	4033	20165	4033	69830862
-12304	-1191	-10125	-1634	174	424	-432	74	-214	4034	20170	4034	69830862
-12201	-1210	-10150	-1633	137	415	-435	74	-213	4035	20175	4035	69830873
-12146	-1260	-10106	-1643	86	401	-436	74	-212	4036	20180	4036	69830899
-12154	-1322	-10092	-1663	58	375	-436	72	-217	4037	20185	4037	69830904
-12131	-1312	-10089	-1679	48	365	-436	72	-218	4038	20190	4038	69830904
-12156	-1352	-10058	-1684	40	342	-431	74	-212	4039	20195	4039	69830905
-12193	-1343	-10023	-1701	29	310	-430	74	-210	4040	20200	4040	69830905
-12154	-1293	-9987	-1699	25	290	-432	74	-220	4041	20205	4041	69830905
-12115	-1328	-9945	-1703	27	280	-432	74	-222	4042	20210	4042	69830905
-12106	-1356	-9952	-1691	27	282	-429	74	-216	4043	20215	4043	69830905
-12080	-1272	-9956	-1680	20	284	-428	74	-214	4044	20220	4044	69830905
-12061	-1236	-9994	-1664	2	289	-433	76	-212	4045	20225	4045	69830912
-12029	-1218	-10028	-1642	-26	316	-434	76	-212	4046	20230	4046	69830944
-12052	-1220	-10109	-1622	-57	325	-432	72	-210	4047	20235	4047	69830952
-12058	-1182	-10178	-1604	-85	321	-431	71	-209	4048	20240	4048	69830953
-12104	-1170	-10113	-1592	-113	329	-429	71	-214	4049	20245	4049	69830953
-12132	-1170	-10203	-1587	-137	345	-429	71	-215	4050	20250	4050	69830953
-12152	-1103	-10252	-1583	-156	350	-427	71	-217	4051	20255	4051	69830954
-12242	-1118	-10270	-1579	-184	370	-427	71	-217	4052	20260	4052	69830954
-12156	-1166	-10328	-1587	-193	371	-437	77	-211	4053	20265	4053	69830954
-12172	-1164	-10258	-1596	-185	384	-437	77	-211	4054	20270	4054	69830955
-12214	-1154	-10208	-1602	-194	384	-430	80	-212	4055	20275	4055	69831002
-12308	-1046	-10226	-1612	-182	382	-430	80	-212	4056	20280	4056	69831002
-12306	-1088	-10286	-1631	-161	351	-432	76	-216	4057	20285	4057	69831002
-12240	-1104	-10226	-1659	-147	325	-432	76	-216	4058	20290	4058	69831002
-12244	-1136	-10192	-1696	-140	305	-431	73	-207	4059	20295	4059	69831002
-12131	-1136	-10214	-1714	-186	280	-430	73	-208	4060	20300	4060	69831002
-12171	-1138	-10122	-1728	-246	270	-426	74	-210	4061	20305	4061	69831002
-12124	-1137	-10140	-1738	-330	266	-427	74	-210	4062	20310	4062	69831002
-12112	-1184	-10146	-1737	-407	247	-431	75	-209	4063	20315	4063	69831017
-12112	-1148	-10137	-1730	-494	244	-431	75	-209	4064	20320	4064	69831077
-12042	-1207	-10127	-1719	-573	234	-429	75	-209	4065	20325	4065	69831077
-12160	-1294	-10102	-1707	-637	228	-429	75	-209	4066	20330	4066	69831077
-12118	-1224	-10088	-1683	-694	244	-433	71	-209	4067	20335	4067	69831077
-12132	-1190	-9998	-1678	-740	245	-433	71	-209	4068	20340	4068	69831077
-12112	-1200	-10064	-1680	-785	233	-426	78	-206	4069	20345	4069	69831077
-12167	-1221	-10132	-1686	-790	247	-427	77	-207	4070	20350	4070	69831078
-12172	-1262	-10046	-1687	-765	246	-433	75	-213	4071	20355	4071	69831078
-12218	-1258	-10012	-1707	-736	255	-433	75	-213	4072	20360	4072	69831078
-12267	-1287	-10105	-1713	-682	266	-431	75	-211	4073	20365	4073	69831085
-12222	-1290	-10027	-1714	-627	277	-431	75	-211	4074	20370	4074	69831115
-12286	-1215	-10055	-1719	-588	286	-431	77	-211	4075	20375	4075	69831115
-12279	-1236	-10026	-1712	-554	304	-431	76	-209	4076	20380	4076	69831115
-12237	-1288	-9985	-1706	-547	323	-430	72	-204	4077	20385	4077	69831115
-12280	-1280	-10002	-1703	-563	336	-428	74	-205	4078	20390	4078	69831115
-12327	-1304	-9967	-1699	-595	350	-426	76	-206	4079	20395	4079	69831116
-12336	-1281	-9950	-1694	-653	359	-426	76	-207	4080	20400	4080	69831116
-12364	-1258	-9919	-1679	-731	367	-426	76	-208	4081	20405	4081	69831116
-12426	-1278	-9908	-1661	-803	365	-430	76	-211	4082	20410	4082	69831116
-12461	-1285	-9842	-1643	-876	348	-435	77	-215	4083	20415	4083	69831116
-12464	-1281	-9860	-1625	-938	341	-434	77	-213	4084	20420	4084	69831116
-12521	-1312	-9917	-1617	-977	319	-433	77	-211	4085	20425	4085	69831116
-12512	-1349	-9916	-1631	-991	287	-428	75	-210	4086	20430	4086	69831123
-12510	-1393	-9889	-1638	-986	270	-425	73	-209	4087	20435	4087	69831128
-12512	-1420	-9854	-1643	-962	253	-426	75	-209	4088	20440	4088	69831134
-12515	-1424	-9826	-1650	-927	233	-427	77	-209	4089	20445	4089	69831148
-12534	-1430	-9833	-1653	-890	216	-428	76	-211	4090	20450	4090	69831155
-12582	-1437	-9845	-1645	-845	205	-430	74	-214	4091	20455	4091	69831155
-12617	-1462	-9762	-1626	-795	195	-429	75	-212	4092	20460	4092	69831155
-12560	-1442	-9718	-1602	-758	203	-428	76	-210	4093	20465	4093	69831155
-12528	-1439	-9758	-1575	-742	216	-430	78	-208	4094	20470	4094	69831155
-12543	-1415	-9811	-1561	-749	219	-431	79	-207	4095	20475	4095	69831155
-12588	-1449	-9762	-1541	-777	208	-431	77	-205	4096	20480	4096	69831179
-12634	-1488	-9720	-1531	-810	193	-431	75	-203	4097	20485	4097	69831195
-12637	-1442	-9706	-1528	-845	190	-431	77	-205	4098	20490	4098	69831196
-12619	-1400	-9694	-1523	-888	190	-431	79	-207	4099	20495	4099	69831196
-12684	-1390	-9673	-1516	-941	186	-434	75	-209	4100	20500	4100	69831196
-12734	-1345	-9660	-1503	-992	182	-436	72	-210	4101	20505	4101	69831197
-12717	-1282	-9611	-1495	-1051	176	-430	75	-210	4102	20510	4102	69831197
-12747	-1262	-9604	-1500	-1123	169	-428	76	-210	4103	20515	4103	69831197
-12774	-1233	-9611	-1508	-1175	172	-431	74	-212	4104	20520	4104	69831204
-12812	-1180	-9630	-1518	-1209	180	-432	74	-212	4105	20525	4105	69831228
-12847	-1146	-9567	-1533	-1235	174	-431	80	-208	4106	20530	4106	69831235
-12888	-1135	-9553	-1554	-1239	183	-431	81	-207	4107	20535	4107	69831235
-12858	-1108	-9575	-1591	-1236	174	-429	79	-210	4108	20540	4108	69831236
-12889	-1110	-9577	-1619	-1236	159	-429	79	-211	4109	20545	4109	69831236
-12937	-1098	-9596	-1656	-1243	148	-431	79	-208	4110	20550	4110	69831236
-12975	-1066	-9580	-1685	-1247	129	-431	79	-207	4111	20555	4111	69831237
-12945	-1052	-9518	-1713	-1254	109	-432	78	-211	4112	20560	4112	69831243
-12986	-1085	-9501	-1738	-1261	101	-432	78	-212	4113	20565	4113	69831268
-13076	-1059	-9489	-1761	-1259	86	-430	76	-206	4114	20570	4114	69831275
-13050	-1093	-9489	-1781	-1233	66	-429	75	-205	4115	20575	4115	69831275
-13006	-1104	-9404	-1806	-1209	58	-434	81	-200	4116	20580	4116	69831275
-12993	-1120	-9419	-1833	-1184	62	-435	83	-199	4117	20585	4117	69831275
-13013	-1102	-9441	-1862	-1171	63	-433	80	-202	4118	20590	4118	69831275
-13108	-1070	-9386	-1880	-1158	76	-433	79	-203	4119	20595	4119	69831275
-12980	-1076	-9316	-1883	-1154	82	-437	81	-209	4120	20600	4120	69831275
-12954	-1108	-9438	-1878	-1131	84	-437	81	-209	4121	20605	4121	69831312
-12928	-1152	-9400	-1858	-1125	116	-429	75	-209	4122	20610	4122	69831312
-12908	-1050	-9312	-1839	-1120	115	-429	75	-209	4123	20615	4123	69831312
-12920	-1102	-9430	-1808	-1111	142	-434	74	-208	4124	20620	4124	69831312
-12872	-1116	-9538	-1809	-1121	141	-434	74	-208	4125	20625	4125	69831312
-12936	-1150	-9442	-1811	-1107	137	-433	81	-205	4126	20630	4126	69831312
-12878	-1133	-9431	-1841	-1087	108	-432	80	-205	4127	20635	4127	69831314
-12871	-1122	-9359	-1882	-1058	82	-430	78	-204	4128	20640	4128	69831328
-12872	-1112	-9381	-1933	-1048	64	-429	78	-204	4129	20645	4129	69831351
-12958	-1166	-9430	-1969	-1048	41	-427	79	-203	4130	20650	4130	69831352
-12978	-1188	-9458	-1996	-1050	35	-427	79	-203	4131	20655	4131	69831352
-12918	-1182	-9408	-2031	-1062	33	-432	84	-200	4132	20660	4132	69831352
-13046	-1212	-9356	-2071	-1084	31	-432	84	-200	4133	20665	4133	69831352
-13020	-1168	-9402	-2108	-1108	24	-432	76	-202	4134	20670	4134	69831353
-12990	-1148	-9467	-2155	-1129	9	-432	77	-203	4135	20675	4135	69831353
-13064	-1146	-9320	-2183	-1143	7	-432	80	-208	4136	20680	4136	69831359
-13125	-1153	-9225	-2205	-1142	-3	-433	80	-207	4137	20685	4137	69831381
-13105	-1199	-9254	-2220	-1153	-9	-435	79	-201	4138	20690	4138	69831381
-13162	-1229	-9307	-2239	-1181	-9	-435	79	-202	4139	20695	4139	69831381
-13168	-1221	-9286	-2247	-1201	-11	-435	81	-205	4140	20700	4140	69831381
-13224	-1258	-9335	-2233	-1217	-23	-435	80	-205	4141	20705	4141	69831381
-13283	-1215	-9284	-2216	-1220	-42	-433	77	-205	4142	20710	4142	69831381
-13405	-1278	-9194	-2209	-1198	-68	-432	77	-206	4143	20715	4143	69831383
-13460	-1263	-9188	-2189	-1184	-89	-428	76	-208	4144	20720	4144	69831404
-13462	-1208	-9178	-2165	-1158	-106	-431	77	-205	4145	20725	4145	69831425
-13418	-1200	-9222	-2139	-1124	-124	-435	79	-201	4146	20730	4146	69831426
-13372	-1244	-9233	-2116	-1093	-125	-436	79	-205	4147	20735	4147	69831427
-13371	-1229	-9242	-2112	-1049	-118	-438	78	-210	4148	20740	4148	69831427
-13366	-1245	-9201	-2106	-991	-116	-437	79	-206	4149	20745	4149	69831428
-13349	-1277	-9101	-2098	-929	-117	-435	81	-199	4150	20750	4150	69831442
-13378	-1247	-9043	-2089	-871	-126	-433	80	-203	4151	20755	4151	69831464
-13340	-1225	-9036	-2071	-827	-132	-431	79	-209	4152	20760	4152	69831467
-13256	-1190	-9014	-2058	-815	-129	-434	76	-207	4153	20765	4153	69831467
-13237	-1202	-9021	-2056	-814	-138	-437	73	-205	4154	20770	4154	69831467
-13272	-1218	-9064	-2065	-832	-151	-436	76	-204	4155	20775	4155	69831467
-13268	-1183	-9025	-2078	-856	-159	-434	80	-202	4156	20780	4156	69831468
-13274	-1242	-9037	-2091	-874	-166	-434	80	-201	4157	20785	4157	69831472
-13257	-1275	-9065	-2112	-884	-179	-433	81	-199	4158	20790	4158	69831485
-13253	-1215	-9031	-2132	-885	-197	-433	83	-200	4159	20795	4159	69831495
-13299	-1200	-8981	-2152	-888	-213	-433	87	-201	4160	20800	4160	69831495
-13332	-1234	-9001	-2172	-883	-242	-434	87	-202	4161	20805	4161	69831495
-13370	-1279	-8968	-2180	-857	-262	-435	87	-203	4162	20810	4162	69831495
-13448	-1312	-9001	-2191	-811	-289	-435	82	-201	4163	20815	4163	69831495
-13462	-1315	-9035	-2192	-755	-317	-435	79	-199	4164	20820	4164	69831495
-13469	-1305	-8956	-2186	-701	-337	-431	78	-198	4165	20825	4165	69831502
-13497	-1289	-8906	-2187	-646	-356	-429	77	-197	4166	20830	4166	69831522
-13530	-1264	-8872	-2190	-583	-372	-433	79	-199	4167	20835	4167	69831532
-13547	-1305	-8847	-2194	-532	-382	-435	81	-201	4168	20840	4168	69831533
-13589	-1332	-8852	-2183	-523	-383	-429	79	-203	4169	20845	4169	69831533
-13589	-1283	-8772	-2188	-521	-361	-427	79	-203	4170	20850	4170	69831533
-13596	-1284	-8712	-2191	-538	-342	-435	77	-206	4171	20855	4171	69831534
-13595	-1253	-8763	-2169	-556	-312	-437	77	-207	4172	20860	4172	69831534
-13624	-1242	-8698	-2161	-591	-280	-437	79	-201	4173	20865	4173	69831563
-13630	-1237	-8704	-2153	-614	-256	-437	79	-199	4174	20870	4174	69831570
-13667	-1219	-8701	-2142	-637	-226	-436	81	-204	4175	20875	4175	69831570
-13658	-1211	-8638	-2130	-668	-208	-436	82	-206	4176	20880	4176	69831570
-13670	-1218	-8672	-2119	-699	-191	-432	81	-203	4177	20885	4177	69831570
-13653	-1236	-8707	-2113	-702	-175	-430	80	-202	4178	20890	4178	69831570
-13627	-1187	-8748	-2113	-678	-174	-432	86	-204	4179	20895	4179	69831570
-13580	-1168	-8833	-2087	-647	-169	-432	88	-204	4180	20900	4180	69831579
-13626	-1204	-8842	-2072	-615	-163	-430	86	-200	4181	20905	4181	69831602
-13554	-1201	-8837	-2054	-575	-156	-429	85	-199	4182	20910	4182	69831607
-13542	-1206	-8823	-2026	-550	-145	-430	78	-200	4183	20915	4183	69831608
-13509	-1136	-8777	-2008	-538	-133	-430	76	-200	4184	20920	4184	69831608
-13472	-1172	-8780	-1985	-543	-111	-433	81	-197	4185	20925	4185	69831608
-13410	-1140	-8858	-1966	-531	-120	-433	81	-197	4186	20930	4186	69831609
-13460	-1150	-8720	-1951	-520	-119	-438	78	-204	4187	20935	4187	69831609
-13572	-1156	-8812	-1960	-507	-123	-438	78	-204	4188	20940	4188	69831635
-13610	-1142	-8756	-1972	-480	-138	-437	81	-199	4189	20945	4189	69831645
-13616	-1184	-8782	-1973	-479	-169	-437	81	-199	4190	20950	4190	69831645
-13590	-1252	-8686	-2008	-500	-183	-440	84	-202	4191	20955	4191	69831645
-13520	-1208	-8778	-2029	-494	-204	-440	84	-202	4192	20960	4192	69831645
-13614	-1232	-8660	-2047	-508	-226	-435	77	-203	4193	20965	4193	69831646
-13714	-1274	-8646	-2081	-538	-250	-434	77	-203	4194	20970	4194	69831648
-13727	-1359	-8713	-2112	-542	-273	-431	79	-201	4195	20975	4195	69831661
-13787	-1320	-8621	-2140	-542	-295	-431	79	-201	4196	20980	4196	69831681
-13834	-1342	-8626	-2148	-526	-302	-432	78	-202	4197	20985	4197	69831681
-13788	-1350	-8548	-2146	-510	-314	-432	78	-202	4198	20990	4198	69831682
-13834	-1346	-8648	-2132	-511	-298	-431	81	-203	4199	20995	4199	69831682
-13810	-1312	-8588	-2110	-506	-288	-431	81	-203	4200	21000	4200	69831682
-13750	-1322	-8626	-2081	-501	-284	-435	79	-195	4201	21005	4201	69831682
-13750	-1344	-8550	-2043	-487	-264	-434	80	-195	4202	21010	4202	69831688
-13702	-1310	-8504	-2018	-488	-244	-431	85	-197	4203	21015	4203	69831711
-13728	-1307	-8498	-1997	-492	-241	-432	83	-198	4204	21020	4204	69831718
-13734	-1298	-8456	-1965	-506	-226	-434	74	-200	4205	21025	4205	69831718
-13749	-1292	-8432	-1943	-542	-201	-433	75	-201	4206	21030	4206	69831718
-13691	-1254	-8475	-1916	-587	-183	-429	77	-205	4207	21035	4207	69831719
-13692	-1291	-8504	-1893	-618	-150	-430	77	-205	4208	21040	4208	69831719
-13658	-1301	-8533	-1881	-635	-117	-435	79	-203	4209	21045	4209	69831719
-13688	-1298	-8475	-1881	-641	-102	-435	79	-203	4210	21050	4210	69831736
-13736	-1286	-8478	-1882	-620	-92	-436	78	-202	4211	21055	4211	69831789
-13782	-1251	-8494	-1881	-598	-88	-436	81	-202	4212	21060	4212	69831796
-13832	-1220	-8512	-1881	-568	-83	-437	85	-203	4213	21065	4213	69831796
-13830	-1207	-8549	-1873	-533	-76	-432	83	-201	4214	21070	4214	69831797
-13841	-1214	-8515	-1879	-486	-78	-425	79	-197	4215	21075	4215	69831797
-13818	-1216	-8538	-1893	-432	-98	-427	80	-199	4216	21080	4216	69831797
-13844	-1179	-8540	-1901	-399	-104	-430	82	-202	4217	21085	4217	69831797
-13867	-1165	-8514	-1910	-387	-100	-432	82	-200	4218	21090	4218	69831798
-13874	-1179	-8583	-1923	-389	-103	-434	82	-198	4219	21095	4219	69831799
-13856	-1184	-8584	-1936	-404	-103	-436	80	-199	4220	21100	4220	69831799
-13871	-1168	-8532	-1951	-441	-102	-438	76	-200	4221	21105	4221	69831799
-13878	-1181	-8525	-1967	-481	-106	-436	78	-200	4222	21110	4222	69831799
-13834	-1246	-8477	-1985	-499	-96	-434	80	-200	4223	21115	4223	69831799
-13824	-1271	-8429	-2001	-506	-93	-434	80	-200	4224	21120	4224	69831800
-13858	-1247	-8465	-2002	-508	-94	-433	79	-199	4225	21125	4225	69831802
-13883	-1259	-8504	-1991	-495	-89	-431	79	-200	4226	21130	4226	69831815
-13859	-1256	-8475	-1981	-461	-89	-427	79	-201	4227	21135	4227	69831831
-13829	-1259	-8391	-1971	-426	-83	-429	79	-199	4228	21140	4228	69831831
-13854	-1263	-8412	-1964	-401	-78	-431	79	-197	4229	21145	4229	69831831
-13872	-1282	-8414	-1959	-390	-78	-434	80	-198	4230	21150	4230	69831831
-13883	-1280	-8334	-1957	-393	-72	-436	80	-198	4231	21155	4231	69831831
-13860	-1276	-8291	-1965	-409	-75	-434	81	-197	4232	21160	4232	69831831
-13861	-1243	-8319	-1985	-423	-88	-432	82	-196	4233	21165	4233	69831854
-13855	-1251	-8341	-2008	-424	-88	-433	80	-198	4234	21170	4234	69831869
-13879	-1310	-8351	-2036	-415	-83	-434	78	-200	4235	21175	4235	69831869
-13870	-1256	-8344	-2045	-417	-88	-431	75	-198	4236	21180	4236	69831869
-13885	-1306	-8392	-2052	-412	-68	-430	74	-198	4237	21185	4237	69831870
-13892	-1266	-8390	-2071	-400	-52	-430	80	-196	4238	21190	4238	69831870
-13860	-1290	-8450	-2083	-377	-36	-430	82	-196	4239	21195	4239	69831870
-13852	-1313	-8415	-2076	-354	-15	-429	78	-202	4240	21200	4240	69831878
-13852	-1278	-8386	-2072	-334	5	-429	77	-203	4241	21205	4241	69831901
-13859	-1233	-8403	-2069	-318	16	-432	80	-202	4242	21210	4242	69831906
-13886	-1204	-8383	-2053	-295	22	-434	82	-202	4243	21215	4243	69831906
-13932	-1160	-8388	-2041	-271	29	-432	87	-199	4244	21220	4244	69831906
-13942	-1190	-8330	-2027	-246	35	-432	88	-198	4245	21225	4245	69831907
-13881	-1202	-8328	-2014	-231	45	-431	84	-197	4246	21230	4246	69831907
-13941	-1164	-8382	-2002	-230	53	-431	83	-197	4247	21235	4247	69831907
-14006	-1189	-8396	-1999	-228	55	-434	80	-200	4248	21240	4248	69831936
-13976	-1246	-8399	-2005	-238	46	-435	79	-201	4249	21245	4249	69831943
-13971	-1242	-8368	-2014	-223	35	-434	81	-200	4250	21250	4250	69831943
-13934	-1228	-8354	-2027	-209	33	-434	82	-200	4251	21255	4251	69831944
-13902	-1268	-8306	-2031	-206	22	-436	78	-194	4252	21260	4252	69831944
-13834	-1300	-8302	-2043	-209	35	-436	78	-194	4253	21265	4253	69831944
-13838	-1302	-8320	-2036	-189	27	-432	84	-204	4254	21270	4254	69831944
-13850	-1296	-8366	-2018	-195	22	-432	84	-204	4255	21275	4255	69831955
-13874	-1336	-8264	-2007	-191	23	-436	82	-204	4256	21280	4256	69831981
-13870	-1352	-8284	-1982	-193	-8	-436	82	-204	4257	21285	4257	69831981
-13864	-1328	-8294	-1954	-212	-9	-432	82	-198	4258	21290	4258	69831981
-13868	-1360	-8316	-1934	-204	-22	-432	82	-198	4259	21295	4259	69831981
-13941	-1359	-8273	-1912	-202	-38	-430	86	-198	4260	21300	4260	69831981
-13944	-1385	-8267	-1912	-179	-47	-431	85	-198	4261	21305	4261	69831981
-14025	-1396	-8278	-1919	-137	-74	-433	79	-197	4262	21310	4262	69831983
-14077	-1337	-8232	-1919	-77	-97	-433	80	-196	4263	21315	4263	69831998
-14010	-1346	-8217	-1928	-37	-111	-432	84	-194	4264	21320	4264	69832018
-13982	-1254	-8222	-1940	-13	-124	-432	84	-194	4265	21325	4265	69832019
-14050	-1318	-8100	-1941	12	-122	-435	83	-193	4266	21330	4266	69832019
-14098	-1314	-8146	-1961	20	-96	-435	83	-193	4267	21335	4267	69832019
-14100	-1258	-8336	-1964	9	-94	-433	81	-195	4268	21340	4268	69832020
-14091	-1284	-8249	-1980	-18	-66	-433	81	-195	4269	21345	4269	69832024
-14071	-1311	-8274	-1990	-31	-56	-431	79	-193	4270	21350	4270	69832042
-14068	-1344	-8286	-1998	-56	-43	-431	79	-195	4271	21355	4271	69832056
-14080	-1332	-8273	-1997	-50	-29	-431	77	-201	4272	21360	4272	69832056
-14089	-1307	-8266	-2003	-42	-35	-430	77	-201	4273	21365	4273	69832056
-14067	-1271	-8231	-2015	-26	-55	-428	78	-200	4274	21370	4274	69832056
-14060	-1304	-8256	-2023	8	-52	-430	78	-200	4275	21375	4275	69832056
-14067	-1322	-8182	-2021	44	-71	-438	80	-198	4276	21380	4276	69832056
-14032	-1290	-8208	-2007	82	-95	-434	81	-198	4277	21385	4277	69832060
-14036	-1296	-8130	-2000	119	-103	-427	83	-197	4278	21390	4278	69832080
-14028	-1292	-8141	-1998	160	-111	-429	82	-197	4279	21395	4279	69832099
-13999	-1270	-8152	-1988	183	-119	-432	80	-198	4280	21400	4280	69832100
-13971	-1272	-8166	-1993	182	-120	-432	80	-198	4281	21405	4281	69832100
-13931	-1232	-8159	-2005	171	-113	-431	79	-197	4282	21410	4282	69832103
-13920	-1232	-8136	-2019	167	-115	-431	80	-199	4283	21415	4283	69832108
-13921	-1246	-8115	-2027	166	-108	-432	82	-202	4284	21420	4284	69832108
-13938	-1244	-8107	-2027	166	-108	-435	80	-199	4285	21425	4285	69832115
-13921	-1242	-8143	-2034	163	-101	-438	78	-196	4286	21430	4286	69832127
-13902	-1234	-8221	-2043	163	-86	-436	81	-199	4287	21435	4287	69832131
-13884	-1219	-8264	-2045	168	-81	-433	83	-201	4288	21440	4288	69832131
-13881	-1214	-8277	-2037	174	-75	-431	83	-201	4289	21445	4289	69832131
-13894	-1228	-8234	-2030	177	-69	-428	82	-200	4290	21450	4290	69832131
-13942	-1248	-8271	-2030	173	-74	-431	80	-199	4291	21455	4291	69832131
-13996	-1198	-8219	-2026	155	-73	-435	77	-197	4292	21460	4292	69832131
-14021	-1195	-8154	-2011	132	-76	-433	81	-199	4293	21465	4293	69832146
-14046	-1199	-8263	-2000	109	-93	-430	84	-200	4294	21470	4294	69832165
-14117	-1190	-8262	-1989	82	-102	-432	80	-195	4295	21475	4295	69832169
-14147	-1247	-8240	-1985	56	-111	-434	78	-192	4296	21480	4296	69832169
-14180	-1260	-8253	-1997	42	-125	-432	83	-195	4297	21485	4297	69832170
-14241	-1295	-8246	-2014	49	-134	-431	87	-197	4298	21490	4298	69832170
-14230	-1334	-8215	-2030	76	-133	-429	85	-198	4299	21495	4299	69832170
-14152	-1331	-8163	-2050	125	-129	-428	84	-198	4300	21500	4300	69832175
-14058	-1317	-8136	-2073	198	-108	-428	83	-196	4301	21505	4301	69832195
-14022	-1312	-8118	-2096	303	-89	-428	82	-194	4302	21510	4302	69832206
-13961	-1395	-8077	-2115	386	-78	-433	82	-197	4303	21515	4303	69832206
-13951	-1328	-7983	-2135	459	-63	-434	82	-198	4304	21520	4304	69832206
-13958	-1360	-7983	-2145	516	-69	-428	81	-197	4305	21525	4305	69832207
-13861	-1347	-8007	-2124	569	-80	-427	81	-197	4306	21530	4306	69832207
-13812	-1378	-8028	-2089	562	-70	-434	82	-195	4307	21535	4307	69832207
-13700	-1366	-8165	-2079	504	-71	-436	82	-194	4308	21540	4308	69832239
-13762	-1371	-8188	-2068	413	-67	-433	84	-199	4309	21545	4309	69832247
-13803	-1315	-8288	-2062	305	-65	-432	84	-200	4310	21550	4310	69832248
-13837	-1292	-8333	-2070	228	-81	-436	77	-201	4311	21555	4311	69832248
-13908	-1285	-8389	-2093	208	-96	-437	75	-201	4312	21560	4312	69832248
-13980	-1244	-8296	-2116	216	-122	-432	80	-198	4313	21565	4313	69832248
-14053	-1234	-8398	-2150	248	-150	-431	81	-197	4314	21570	4314	69832248
-14114	-1277	-8318	-2178	301	-162	-433	81	-195	4315	21575	4315	69832254
-14123	-1218	-8255	-2189	355	-173	-433	81	-195	4316	21580	4316	69832306
-14122	-1259	-8249	-2196	420	-194	-433	79	-201	4317	21585	4317	69832318
-14152	-1287	-8226	-2205	490	-192	-433	79	-203	4318	21590	4318	69832318
-14152	-1216	-8154	-2193	560	-197	-430	78	-198	4319	21595	4319	69832318
-14098	-1290	-8144	-2191	623	-219	-430	78	-198	4320	21600	4320	69832319
-14146	-1224	-8092	-2171	686	-217	-433	83	-195	4321	21605	4321	69832319
-14052	-1254	-8194	-2168	735	-229	-433	83	-195	4322	21610	4322	69832319
-13982	-1302	-8112	-2150	755	-241	-435	77	-197	4323	21615	4323	69832341
-13978	-1224	-8134	-2126	737	-239	-435	77	-197	4324	21620	4324	69832371
-13942	-1300	-8100	-2120	706	-236	-435	83	-195	4325	21625	4325	69832371
-13916	-1284	-8184	-2109	668	-241	-435	83	-195	4326	21630	4326	69832371
-13890	-1293	-8178	-2115	605	-234	-431	81	-199	4327	21635	4327	69832372
-13886	-1288	-8178	-2122	574	-241	-431	81	-199	4328	21640	4328	69832372
-13897	-1299	-8158	-2129	549	-249	-432	80	-198	4329	21645	4329	69832372
-13872	-1362	-8199	-2136	538	-246	-432	81	-198	4330	21650	4330	69832374
-13904	-1347	-8272	-2139	555	-261	-430	86	-200	4331	21655	4331	69832383
-13996	-1350	-8302	-2145	580	-268	-430	86	-200	4332	21660	4332	69832402
-13904	-1312	-8390	-2135	618	-269	-435	85	-195	4333	21665	4333	69832403
-13938	-1356	-8288	-2124	670	-258	-435	85	-195	4334	21670	4334	69832403
-13923	-1292	-8374	-2117	725	-250	-428	82	-194	4335	21675	4335	69832403
-13870	-1250	-8361	-2106	736	-235	-429	82	-194	4336	21680	4336	69832404
-13899	-1253	-8408	-2093	738	-219	-432	82	-196	4337	21685	4337	69832404
-13901	-1262	-8335	-2091	725	-212	-432	82	-197	4338	21690	4338	69832404
-13834	-1214	-8350	-2076	714	-213	-432	82	-200	4339	21695	4339	69832404
-13835	-1208	-8319	-2070	714	-206	-433	81	-199	4340	21700	4340	69832405
-13821	-1181	-8308	-2063	713	-190	-435	77	-197	4341	21705	4341	69832405
-13846	-1197	-8394	-2061	710	-188	-434	78	-197	4342	21710	4342	69832405
-13848	-1216	-8355	-2060	717	-193	-429	83	-195	4343	21715	4343	69832408
-13914	-1199	-8314	-2052	739	-194	-432	82	-196	4344	21720	4344	69832413
-13941	-1197	-8307	-2051	773	-195	-437	81	-197	4345	21725	4345	69832413
-13934	-1203	-8317	-2047	810	-218	-433	80	-198	4346	21730	4346	69832414
-13904	-1174	-8336	-2048	839	-235	-428	78	-200	4347	21735	4347	69832418
-13894	-1199	-8412	-2058	867	-243	-428	82	-199	4348	21740	4348	69832432
-13967	-1239	-8419	-2076	908	-263	-429	87	-197	4349	21745	4349	69832445
-13962	-1300	-8353	-2082	950	-280	-429	85	-197	4350	21750	4350	69832446
-13921	-1278	-8357	-2078	1000	-296	-430	82	-196	4351	21755	4351	69832446
-13944	-1226	-8388	-2076	1048	-307	-432	79	-196	4352	21760	4352	69832446
-13940	-1263	-8348	-2082	1080	-310	-433	75	-195	4353	21765	4353	69832446
-13940	-1300	-8299	-2091	1097	-319	-433	77	-196	4354	21770	4354	69832460
-13932	-1318	-8312	-2101	1105	-322	-432	78	-196	4355	21775	4355	69832478
-13897	-1287	-8366	-2110	1108	-313	-432	80	-196	4356	21780	4356	69832483
-13873	-1291	-8376	-2118	1110	-310	-433	83	-197	4357	21785	4357	69832483
-13887	-1312	-8354	-2124	1108	-315	-434	81	-199	4358	21790	4358	69832483
-13878	-1358	-8365	-2133	1108	-316	-435	79	-201	4359	21795	4359	69832483
-13901	-1340	-8405	-2137	1112	-314	-435	81	-200	4360	21800	4360	69832484
-13931	-1311	-8398	-2131	1102	-319	-435	83	-199	4361	21805	4361	69832484
-13954	-1346	-8428	-2129	1087	-319	-431	81	-201	4362	21810	4362	69832500
-13905	-1385	-8501	-2132	1069	-314	-429	79	-203	4363	21815	4363	69832517
-13857	-1368	-8514	-2148	1064	-307	-430	81	-200	4364	21820	4364	69832521
-13798	-1348	-8546	-2164	1055	-298	-430	82	-198	4365	21825	4365	69832521
-13793	-1330	-8494	-2176	1052	-300	-431	82	-199	4366	21830	4366	69832521
-13808	-1313	-8430	-2188	1073	-296	-432	82	-200	4367	21835	4367	69832521
-13811	-1364	-8490	-2197	1111	-301	-434	83	-199	4368	21840	4368	69832521
-13812	-1369	-8470	-2212	1144	-324	-435	83	-199	4369	21845	4369	69832521
-13777	-1406	-8529	-2229	1173	-342	-433	80	-201	4370	21850	4370	69832528
-13758	-1437	-8495	-2257	1201	-354	-433	79	-201	4371	21855	4371	69832564
-13810	-1418	-8509	-2281	1217	-372	-434	78	-197	4372	21860	4372	69832573
-13814	-1351	-8526	-2314	1223	-393	-434	78	-196	4373	21865	4373	69832573
-13802	-1338	-8539	-2336	1232	-411	-438	82	-200	4374	21870	4374	69832574
-13787	-1319	-8544	-2358	1220	-440	-439	83	-201	4375	21875	4375	69832574
-13792	-1335	-8531	-2369	1198	-455	-436	84	-199	4376	21880	4376	69832574
-13835	-1258	-8550	-2386	1170	-476	-434	84	-198	4377	21885	4377	69832574
-13875	-1314	-8572	-2404	1149	-495	-430	85	-202	4378	21890	4378	69832575
-13927	-1355	-8590	-2425	1131	-504	-429	85	-203	4379	21895	4379	69832593
-13900	-1400	-8546	-2449	1130	-511	-434	85	-198	4380	21900	4380	69832597
-13914	-1381	-8590	-2489	1137	-518	-435	85	-197	4381	21905	4381	69832597
-13926	-1384	-8593	-2524	1180	-511	-433	82	-200	4382	21910	4382	69832597
-13925	-1402	-8612	-2549	1233	-482	-433	81	-201	4383	21915	4383	69832597
-13902	-1382	-8623	-2552	1307	-450	-432	82	-205	4384	21920	4384	69832597
-13858	-1374	-8564	-2521	1404	-409	-432	82	-206	4385	21925	4385	69832597
-13894	-1342	-8534	-2475	1494	-387	-429	79	-197	4386	21930	4386	69832638
-13872	-1308	-8546	-2445	1577	-384	-429	79	-197	4387	21935	4387	69832639
-13798	-1276	-8516	-2400	1626	-370	-433	79	-205	4388	21940	4388	69832639
-13788	-1316	-8420	-2358	1653	-367	-433	79	-205	4389	21945	4389	69832640
-13712	-1370	-8550	-2327	1656	-353	-435	77	-201	4390	21950	4390	69832640
-13724	-1244	-8616	-2294	1661	-343	-435	77	-201	4391	21955	4391	69832640
-13688	-1320	-8462	-2263	1654	-342	-432	78	-202	4392	21960	4392	69832640
-13674	-1244	-8502	-2244	1655	-350	-432	78	-202	4393	21965	4393	69832643
-13622	-1193	-8526	-2203	1683	-357	-434	80	-204	4394	21970	4394	69832672
-13655	-1218	-8516	-2157	1700	-359	-433	79	-203	4395	21975	4395	69832672
-13706	-1223	-8511	-2110	1716	-360	-429	75	-199	4396	21980	4396	69832672
-13781	-1266	-8526	-2073	1731	-359	-430	77	-199	4397	21985	4397	69832673
-13822	-1247	-8540	-2039	1737	-369	-433	85	-201	4398	21990	4398	69832673
-13770	-1184	-8560	-2019	1754	-383	-433	85	-201	4399	21995	4399	69832673
-13832	-1186	-8700	-1986	1798	-382	-433	79	-203	4400	22000	4400	69832673
-13846	-1222	-8704	-1991	1834	-407	-433	79	-203	4401	22005	4401	69832681
-13822	-1273	-8639	-1997	1905	-424	-433	79	-199	4402	22010	4402	69832709
-13866	-1283	-8711	-2028	1967	-440	-432	79	-199	4403	22015	4403	69832709
-13873	-1308	-8689	-2055	2027	-459	-428	80	-198	4404	22020	4404	69832709
-13842	-1335	-8664	-2071	2082	-464	-428	80	-199	4405	22025	4405	69832709
-13845	-1354	-8698	-2081	2120	-460	-428	78	-204	4406	22030	4406	69832709
-13869	-1356	-8657	-2087	2158	-463	-429	78	-205	4407	22035	4407	69832710
-13825	-1376	-8716	-2070	2192	-464	-433	79	-209	4408	22040	4408	69832717
-13834	-1386	-8679	-2058	2204	-457	-432	80	-207	4409	22045	4409	69832747
-13855	-1328	-8705	-2056	2224	-439	-428	82	-200	4410	22050	4410	69832748
-13880	-1326	-8760	-2058	2233	-431	-432	79	-204	4411	22055	4411	69832748
-13899	-1320	-8735	-2058	2242	-423	-437	75	-209	4412	22060	4412	69832748
-13876	-1324	-8751	-2071	2252	-422	-435	78	-209	4413	22065	4413	69832749
-13838	-1282	-8798	-2089	2264	-404	-432	82	-208	4414	22070	4414	69832749
-13845	-1284	-8793	-2105	2299	-385	-433	82	-205	4415	22075	4415	69832753
-13791	-1319	-8797	-2116	2336	-372	-435	81	-201	4416	22080	4416	69832771
-13719	-1348	-8832	-2127	2386	-349	-434	80	-203	4417	22085	4417	69832790
-13589	-1370	-8804	-2125	2467	-346	-432	78	-206	4418	22090	4418	69832793
-13511	-1342	-8780	-2105	2542	-329	-430	80	-206	4419	22095	4419	69832793
-13494	-1331	-8814	-2079	2586	-313	-428	82	-206	4420	22100	4420	69832794
-13417	-1339	-8889	-2047	2621	-302	-430	80	-207	4421	22105	4421	69832794
-13318	-1344	-8941	-1997	2643	-284	-432	78	-208	4422	22110	4422	69832794
-13315	-1294	-8971	-1946	2637	-274	-432	78	-207	4423	22115	4423	69832798
-13277	-1302	-9055	-1905	2632	-279	-433	79	-205	4424	22120	4424	69832812
-13243	-1335	-9128	-1864	2626	-282	-433	79	-207	4425	22125	4425	69832823
-13231	-1307	-9203	-1831	2615	-289	-432	78	-210	4426	22130	4426	69832823
-13285	-1267	-9273	-1815	2616	-303	-431	76	-209	4427	22135	4427	69832823
-13316	-1278	-9277	-1813	2641	-314	-429	73	-207	4428	22140	4428	69832823
-13312	-1282	-9382	-1820	2668	-327	-431	77	-208	4429	22145	4429	69832823
-13288	-1288	-9465	-1840	2700	-347	-433	79	-209	4430	22150	4430	69832823
-13252	-1299	-9484	-1870	2738	-354	-428	77	-209	4431	22155	4431	69832829
-13231	-1327	-9514	-1894	2759	-356	-425	75	-209	4432	22160	4432	69832852
-13150	-1370	-9514	-1917	2770	-365	-429	78	-211	4433	22165	4433	69832865
-13072	-1382	-9466	-1943	2764	-371	-432	80	-212	4434	22170	4434	69832865
-12985	-1435	-9437	-1962	2748	-371	-431	79	-206	4435	22175	4435	69832865
-12948	-1480	-9449	-1963	2757	-355	-430	78	-204	4436	22180	4436	69832866
-12874	-1478	-9546	-1961	2762	-353	-430	76	-207	4437	22185	4437	69832866
-12838	-1527	-9520	-1983	2768	-363	-430	76	-208	4438	22190	4438	69832876
-12759	-1460	-9591	-2004	2758	-372	-428	74	-210	4439	22195	4439	69832902
-12718	-1496	-9606	-2027	2749	-387	-427	73	-211	4440	22200	4440	69832908
-12646	-1520	-9670	-2059	2737	-404	-431	75	-204	4441	22205	4441	69832909
-12635	-1453	-9758	-2106	2720	-424	-432	76	-202	4442	22210	4442	69832909
-12599	-1506	-9786	-2162	2698	-438	-430	74	-205	4443	22215	4443	69832909
-12558	-1505	-9812	-2212	2660	-447	-430	74	-206	4444	22220	4444	69832909
-12507	-1532	-9834	-2276	2623	-451	-432	74	-209	4445	22225	4445	69832909
-12499	-1484	-9958	-2331	2572	-451	-432	74	-210	4446	22230	4446	69832923
-12455	-1497	-9906	-2374	2505	-459	-435	79	-205	4447	22235	4447	69832941
-12457	-1493	-9958	-2407	2425	-466	-436	80	-204	4448	22240	4448	69832945
-12455	-1496	-9880	-2424	2327	-465	-430	79	-210	4449	22245	4449	69832945
-12377	-1506	-9843	-2444	2222	-471	-429	79	-211	4450	22250	4450	69832945
-12416	-1538	-9926	-2450	2107	-470	-427	81	-212	4451	22255	4451	69832946
-12376	-1584	-10008	-2453	1978	-488	-426	82	-212	4452	22260	4452	69832946
-12356	-1528	-10078	-2433	1876	-500	-432	74	-216	4453	22265	4453	69832946
-12326	-1548	-10118	-2425	1805	-533	-432	74	-216	4454	22270	4454	69832947
-12452	-1492	-10112	-2420	1753	-561	-428	74	-210	4455	22275	4455	69832972
-12454	-1346	-10154	-2433	1716	-596	-428	74	-210	4456	22280	4456	69832982
-12642	-1220	-10158	-2426	1687	-597	-431	73	-205	4457	22285	4457	69832982
-12724	-1216	-10060	-2430	1666	-601	-431	73	-205	4458	22290	4458	69832982
-12810	-1030	-10036	-2410	1630	-572	-430	76	-220	4459	22295	4459	69832982
-12959	-1027	-10013	-2401	1596	-502	-429	75	-219	4460	22300	4460	69832982
-12962	-1052	-10001	-2407	1535	-437	-427	69	-213	4461	22305	4461	69832982
-12986	-1109	-9926	-2427	1461	-381	-428	69	-213	4462	22310	4462	69832988
-12940	-1177	-9892	-2435	1396	-324	-431	71	-211	4463	22315	4463	69833012
-12829	-1313	-9898	-2447	1334	-278	-431	72	-212	4464	22320	4464	69833020
-12766	-1338	-9920	-2454	1286	-243	-432	78	-216	4465	22325	4465	69833028
-12648	-1476	-9846	-2439	1254	-208	-432	78	-216	4466	22330	4466	69833029
-12584	-1558	-9698	-2434	1259	-194	-424	72	-214	4467	22335	4467	69833029
-12550	-1666	-9702	-2411	1260	-181	-424	72	-214	4468	22340	4468	69833029
-12416	-1757	-9760	-2383	1246	-174	-424	76	-212	4469	22345	4469	69833030
-12304	-1789	-9661	-2361	1225	-188	-425	76	-212	4470	22350	4470	69833035
-12206	-1786	-9813	-2335	1211	-196	-428	76	-214	4471	22355	4471	69833055
-12180	-1834	-9820	-2311	1198	-226	-428	75	-214	4472	22360	4472	69833056
-12107	-1848	-9775	-2289	1182	-254	-429	69	-213	4473	22365	4473	69833056
-12014	-1774	-9822	-2268	1197	-271	-430	70	-213	4474	22370	4474	69833056
-12027	-1736	-9822	-2234	1226	-296	-432	74	-212	4475	22375	4475	69833056
-11993	-1771	-9882	-2194	1256	-333	-430	75	-213	4476	22380	4476	69833056
-12000	-1767	-9888	-2158	1299	-363	-424	76	-216	4477	22385	4477	69833064
-11975	-1710	-9963	-2130	1328	-387	-424	76	-214	4478	22390	4478	69833085
-11972	-1661	-9972	-2114	1350	-414	-425	75	-211	4479	22395	4479	69833097
-12049	-1654	-9981	-2101	1364	-430	-430	73	-214	4480	22400	4480	69833097
-12147	-1650	-10068	-2090	1358	-441	-437	69	-219	4481	22405	4481	69833097
-12212	-1634	-10092	-2080	1330	-445	-432	71	-217	4482	22410	4482	69833097
-12226	-1631	-10097	-2067	1268	-441	-425	75	-215	4483	22415	4483	69833097
-12304	-1692	-10124	-2066	1175	-438	-426	76	-212	4484	22420	4484	69833100
-12376	-1740	-10080	-2080	1056	-436	-427	77	-207	4485	22425	4485	69833124
-12410	-1761	-10089	-2094	942	-426	-428	72	-210	4486	22430	4486	69833143
-12490	-1756	-10082	-2103	842	-418	-429	67	-213	4487	22435	4487	69833143
-12551	-1779	-9986	-2125	743	-412	-430	69	-214	4488	22440	4488	69833143
-12599	-1821	-9916	-2154	655	-411	-431	73	-215	4489	22445	4489	69833143
-12689	-1840	-9910	-2186	592	-413	-431	73	-214	4490	22450	4490	69833143
-12714	-1835	-9919	-2221	565	-408	-430	74	-212	4491	22455	4491	69833143
-12698	-1849	-9972	-2257	566	-399	-430	72	-212	4492	22460	4492	69833143
-12674	-1835	-10052	-2290	587	-392	-429	69	-211	4493	22465	4493	69833163
-12648	-1835	-10068	-2320	615	-367	-427	73	-211	4494	22470	4494	69833183
-12594	-1811	-10100	-2337	651	-334	-425	75	-211	4495	22475	4495	69833183
-12516	-1807	-10098	-2343	685	-315	-427	72	-213	4496	22480	4496	69833183
-12468	-1815	-10107	-2332	699	-281	-428	70	-214	4497	22485	4497	69833183
-12392	-1720	-10102	-2316	703	-231	-429	74	-212	4498	22490	4498	69833183
-12324	-1662	-10131	-2288	707	-185	-430	76	-210	4499	22495	4499	69833183
-12275	-1598	-10164	-2258	707	-144	-427	78	-212	4500	22500	4500	69833189
-12212	-1574	-10219	-2236	702	-118	-425	79	-213	4501	22505	4501	69833210
-12127	-1530	-10188	-2213	675	-91	-427	72	-217	4502	22510	4502	69833221
-12060	-1526	-10228	-2198	670	-70	-428	70	-218	4503	22515	4503	69833221
-12098	-1504	-10218	-2200	670	-77	-426	75	-215	4504	22520	4504	69833222
-12076	-1500	-10238	-2194	660	-93	-426	76	-214	4505	22525	4505	69833222
-12102	-1438	-10186	-2202	639	-107	-426	74	-216	4506	22530	4506	69833223
-12078	-1438	-10224	-2215	605	-113	-426	74	-216	4507	22535	4507	69833223
-12027	-1454	-10209	-2219	577	-129	-427	77	-217	4508	22540	4508	69833223
-11966	-1490	-10189	-2215	546	-142	-427	79	-217	4509	22545	4509	69833224
-11972	-1485	-10203	-2194	496	-159	-429	78	-213	4510	22550	4510	69833250
-12030	-1484	-10164	-2185	448	-179	-429	77	-211	4511	22555	4511	69833258
-12076	-1467	-10108	-2187	401	-176	-428	73	-215	4512	22560	4512	69833258
-12143	-1500	-10170	-2215	345	-168	-428	72	-216	4513	22565	4513	69833258
-12139	-1480	-10143	-2252	302	-176	-428	77	-214	4514	22570	4514	69833258
-12152	-1499	-10081	-2318	264	-177	-428	78	-214	4515	22575	4515	69833258
-12191	-1455	-10018	-2374	228	-163	-426	75	-214	4516	22580	4516	69833258
-12256	-1407	-10092	-2436	194	-157	-426	74	-214	4517	22585	4517	69833258
-12246	-1443	-10157	-2480	155	-138	-426	74	-209	4518	22590	4518	69833296
-12308	-1364	-10128	-2527	116	-135	-426	74	-208	4519	22595	4519	69833307
-12366	-1398	-10170	-2552	83	-129	-431	75	-215	4520	22600	4520	69833309
-12318	-1456	-10238	-2574	31	-104	-431	75	-215	4521	22605	4521	69833314
-12328	-1480	-10150	-2597	-30	-94	-426	74	-208	4522	22610	4522	69833314
-12370	-1432	-10136	-2612	-103	-75	-426	74	-208	4523	22615	4523	69833315
-12358	-1486	-10140	-2613	-173	-50	-420	70	-212	4524	22620	4524	69833315
-12410	-1380	-10092	-2607	-218	-19	-420	70	-212	4525	22625	4525	69833316
-12316	-1456	-10136	-2590	-251	9	-427	71	-215	4526	22630	4526	69833344
-12346	-1447	-10119	-2562	-239	30	-428	72	-214	4527	22635	4527	69833344
-12365	-1474	-10160	-2531	-185	39	-430	76	-210	4528	22640	4528	69833344
-12317	-1522	-10188	-2499	-121	38	-429	76	-211	4529	22645	4529	69833344
-12294	-1594	-10080	-2475	-63	44	-422	74	-214	4530	22650	4530	69833344
-12316	-1578	-10174	-2441	6	40	-422	74	-214	4531	22655	4531	69833345
-12406	-1538	-10286	-2385	86	39	-435	75	-211	4532	22660	4532	69833345
-12286	-1468	-10282	-2343	145	46	-435	75	-211	4533	22665	4533	69833362
-12290	-1482	-10182	-2311	197	46	-426	80	-210	4534	22670	4534	69833382
-12238	-1502	-10268	-2289	241	54	-426	78	-211	4535	22675	4535	69833382
-12246	-1553	-10247	-2269	273	78	-425	71	-213	4536	22680	4536	69833382
-12222	-1496	-10253	-2259	291	97	-426	71	-212	4537	22685	4537	69833382
-12214	-1475	-10248	-2248	292	115	-430	72	-210	4538	22690	4538	69833382
-12221	-1478	-10219	-2248	278	141	-429	73	-209	4539	22695	4539	69833382
-12215	-1448	-10246	-2280	266	144	-427	79	-205	4540	22700	4540	69833382
-12206	-1349	-10197	-2297	221	156	-427	78	-205	4541	22705	4541	69833382
-12204	-1316	-10181	-2330	188	167	-428	72	-206	4542	22710	4542	69833385
-12169	-1244	-10200	-2350	149	165	-429	72	-207	4543	22715	4543	69833400
-12236	-1214	-10085	-2375	106	168	-431	73	-211	4544	22720	4544	69833427
-12292	-1169	-10090	-2386	85	171	-430	72	-211	4545	22725	4545	69833428
-12316	-1084	-10114	-2383	84	164	-429	71	-211	4546	22730	4546	69833428
-12320	-1112	-10045	-2378	98	153	-428	73	-211	4547	22735	4547	69833429
-12322	-1108	-10016	-2365	121	138	-427	75	-211	4548	22740	4548	69833429
-12330	-1084	-10031	-2343	139	128	-429	76	-213	4549	22745	4549	69833429
-12354	-1115	-10008	-2319	155	120	-432	78	-216	4550	22750	4550	69833438
-12380	-1129	-10029	-2277	166	112	-431	78	-215	4551	22755	4551	69833454
-12425	-1130	-10058	-2228	181	112	-429	77	-213	4552	22760	4552	69833459
-12457	-1163	-10100	-2170	205	120	-430	74	-214	4553	22765	4553	69833459
-12403	-1158	-10092	-2107	220	114	-431	69	-215	4554	22770	4554	69833459
-12338	-1166	-10095	-2052	242	104	-429	71	-216	4555	22775	4555	69833459
-12316	-1198	-10163	-2000	268	106	-427	75	-217	4556	22780	4556	69833460
-12259	-1186	-10175	-1947	289	103	-427	77	-213	4557	22785	4557	69833464
-12233	-1192	-10129	-1898	295	96	-428	80	-208	4558	22790	4558	69833487
-12206	-1201	-10106	-1863	286	100	-429	79	-208	4559	22795	4559	69833514
-12196	-1185	-10092	-1837	267	92	-430	78	-208	4560	22800	4560	69833514
-12192	-1174	-10081	-1826	225	75	-427	77	-211	4561	22805	4561	69833514
-12212	-1199	-10100	-1825	187	58	-425	77	-213	4562	22810	4562	69833514
-12137	-1195	-10060	-1830	149	53	-427	79	-213	4563	22815	4563	69833514
-12129	-1201	-10026	-1833	123	50	-429	81	-213	4564	22820	4564	69833515
-12246	-1200	-10024	-1845	113	36	-427	80	-211	4565	22825	4565	69833521
-12296	-1216	-10024	-1856	129	20	-425	79	-209	4566	22830	4566	69833541
-12284	-1244	-10045	-1866	171	13	-427	80	-213	4567	22835	4567	69833553
-12296	-1253	-10072	-1875	225	12	-428	80	-216	4568	22840	4568	69833553
-12264	-1312	-10122	-1874	289	9	-426	77	-210	4569	22845	4569	69833553
-12289	-1276	-10115	-1875	348	16	-426	76	-208	4570	22850	4570	69833553
-12293	-1298	-10084	-1871	380	32	-428	74	-206	4571	22855	4571	69833554
-12292	-1320	-10169	-1864	419	46	-429	73	-205	4572	22860	4572	69833554
-12279	-1319	-10120	-1862	441	58	-427	75	-211	4573	22865	4573	69833554
-12239	-1278	-10170	-1858	444	54	-427	75	-213	4574	22870	4574	69833555
-12256	-1308	-10187	-1862	436	52	-430	76	-211	4575	22875	4575	69833555
-12250	-1294	-10206	-1873	415	57	-432	76	-210	4576	22880	4576	69833559
-12265	-1274	-10226	-1881	391	54	-426	79	-213	4577	22885	4577	69833617
-12250	-1286	-10202	-1899	377	44	-424	80	-214	4578	22890	4578	69833635
-12182	-1282	-10246	-1911	359	42	-427	75	-209	4579	22895	4579	69833636
-12150	-1326	-10285	-1931	338	28	-428	74	-208	4580	22900	4580	69833636
-12194	-1306	-10226	-1957	322	15	-427	78	-214	4581	22905	4581	69833637
-12144	-1308	-10183	-1970	300	7	-427	79	-215	4582	22910	4582	69833637
-12170	-1312	-10173	-1983	288	-10	-428	80	-216	4583	22915	4583	69833638
-12178	-1341	-10250	-2001	269	-32	-428	80	-216	4584	22920	4584	69833643
-12104	-1364	-10202	-2026	233	-30	-429	77	-213	4585	22925	4585	69833674
-12132	-1362	-10172	-2028	226	-37	-429	77	-213	4586	22930	4586	69833674
-12096	-1390	-10284	-2046	210	-58	-430	80	-210	4587	22935	4587	69833674
-12158	-1322	-10174	-2056	187	-50	-430	80	-210	4588	22940	4588	69833674
-12176	-1396	-10140	-2073	168	-72	-425	77	-203	4589	22945	4589	69833674
-12160	-1346	-10150	-2087	174	-74	-425	77	-203	4590	22950	4590	69833674
-12154	-1362	-10276	-2116	162	-65	-432	76	-214	4591	22955	4591	69833674
-12224	-1380	-10136	-2134	147	-74	-432	76	-214	4592	22960	4592	69833675
-12200	-1418	-10092	-2149	147	-81	-424	72	-208	4593	22965	4593	69833675
-12218	-1404	-10114	-2164	132	-72	-425	73	-208	4594	22970	4594	69833675
-12231	-1403	-10044	-2176	133	-84	-429	75	-209	4595	22975	4595	69833675
-12231	-1368	-10126	-2194	125	-93	-429	76	-209	4596	22980	4596	69833685
-12244	-1406	-10146	-2193	117	-89	-426	78	-208	4597	22985	4597	69833734
-12322	-1362	-10108	-2198	110	-89	-426	78	-208	4598	22990	4598	69833734
-12268	-1442	-10084	-2194	101	-108	-426	72	-212	4599	22995	4599	69833734
-12314	-1416	-10058	-2204	114	-109	-426	72	-212	4600	23000	4600	69833735
-12444	-1404	-10078	-2203	119	-123	-426	76	-216	4601	23005	4601	69833735
-12347	-1413	-10072	-2210	122	-123	-427	77	-216	4602	23010	4602	69833735
-12393	-1354	-10047	-2210	130	-119	-429	81	-215	4603	23015	4603	69833735
-12380	-1390	-10052	-2216	134	-132	-428	81	-214	4604	23020	4604	69833735
-12402	-1402	-10046	-2225	125	-133	-426	80	-210	4605	23025	4605	69833735
-12406	-1361	-10021	-2235	114	-118	-428	80	-210	4606	23030	4606	69833735
-12408	-1360	-10026	-2226	116	-109	-434	78	-208	4607	23035	4607	69833735
-12393	-1354	-10017	-2213	110	-99	-432	77	-208	4608	23040	4608	69833740
-12394	-1374	-9958	-2203	112	-95	-426	74	-210	4609	23045	4609	69833762
-12409	-1334	-9961	-2199	115	-92	-428	75	-211	4610	23050	4610	69833762
-12420	-1363	-9965	-2187	102	-99	-432	78	-214	4611	23055	4611	69833762
-12428	-1332	-10024	-2166	92	-104	-429	76	-214	4612	23060	4612	69833762
-12414	-1328	-9998	-2142	83	-99	-425	73	-215	4613	23065	4613	69833762
-12401	-1374	-9943	-2118	67	-95	-427	73	-213	4614	23070	4614	69833762
-12402	-1372	-9982	-2092	34	-101	-429	73	-211	4615	23075	4615	69833762
-12429	-1362	-9979	-2074	-7	-106	-429	76	-211	4616	23080	4616	69833763
-12460	-1394	-10027	-2054	-50	-115	-428	80	-212	4617	23085	4617	69833763
-12514	-1388	-9995	-2040	-100	-125	-428	77	-213	4618	23090	4618	69833767
-12556	-1391	-9928	-2041	-144	-136	-428	74	-214	4619	23095	4619	69833785
-12584	-1386	-9934	-2060	-182	-152	-429	75	-214	4620	23100	4620	69833799
-12616	-1386	-9984	-2094	-219	-168	-430	76	-214	4621	23105	4621	69833799
