608	-334	-16007	1	-484	-133	-25381	46	-138	8134	40670	8134	69851341
616	-335	-15921	31	-459	-130	-25380	43	-139	8135	40675	8135	69851341
596	-335	-15973	46	-449	-129	-25379	41	-139	8136	40680	8136	69851342
656	-347	-16052	25	-446	-135	-25378	39	-136	8137	40685	8137	69851342
696	-378	-16078	-39	-436	-147	-25377	38	-134	8138	40690	8138	69851343
664	-353	-16106	-146	-424	-165	-25376	45	-136	8139	40695	8139	69851369
669	-343	-16112	-280	-392	-181	-25375	50	-138	8140	40700	8140	69851386
716	-275	-16108	-392	-345	-210	-25374	45	-139	8141	40705	8141	69851386
753	-310	-16057	-437	-304	-224	-25373	43	-139	8142	40710	8142	69851386
752	-333	-16035	-453	-265	-236	-25372	46	-137	8143	40715	8143	69851386
759	-302	-16013	-482	-213	-251	-25371	48	-136	8144	40720	8144	69851386
784	-210	-15990	-512	-171	-261	-25370	47	-137	8145	40725	8145	69851386
776	-170	-15968	-540	-174	-256	-25369	47	-137	8146	40730	8146	69851417
796	-168	-16011	-556	-200	-260	-25368	46	-135	8147	40735	8147	69851440
764	-180	-16047	-558	-219	-267	-25367	45	-133	8148	40740	8148	69851443
750	-171	-16013	-555	-211	-270	-25366	44	-135	8149	40745	8149	69851443
799	-85	-16013	-541	-198	-277	-25365	44	-136	8150	40750	8150	69851444
871	-122	-15983	-512	-223	-284	-25364	45	-137	8151	40755	8151	69851445
859	-122	-16044	-493	-248	-283	-25363	45	-137	8152	40760	8152	69851446
866	-153	-16152	-468	-279	-280	-25362	44	-136	8153	40765	8153	69851446
849	-117	-16180	-435	-297	-281	-25361	44	-136	8154	40770	8154	69851451
894	-116	-16092	-382	-310	-276	-25360	46	-133	8155	40775	8155	69851459
888	-116	-16025	-333	-322	-255	-25359	46	-132	8156	40780	8156	69851461
836	-108	-16062	-259	-340	-238	-25358	44	-136	8157	40785	8157	69851461
814	-126	-16046	-195	-344	-219	-25357	43	-137	8158	40790	8158	69851461
888	-82	-15960	-187	-315	-211	-25356	44	-134	8159	40795	8159	69851461
928	-54	-15888	-203	-316	-210	-25355	44	-134	8160	40800	8160	69851461
941	-51	-16023	-220	-362	-201	-25354	38	-137	8161	40805	8161	69851461
957	-52	-16066	-252	-425	-194	-25353	37	-137	8162	40810	8162	69851523
936	-81	-16057	-265	-468	-196	-25352	42	-142	8163	40815	8163	69851541
946	-58	-16054	-256	-498	-202	-25351	43	-143	8164	40820	8164	69851541
912	-79	-16027	-225	-506	-205	-25350	43	-138	8165	40825	8165	69851541
940	-46	-15986	-211	-503	-196	-25349	43	-137	8166	40830	8166	69851542
912	-158	-16008	-221	-477	-188	-25348	44	-132	8167	40835	8167	69851542
926	-120	-16002	-262	-451	-195	-25347	44	-132	8168	40840	8168	69851542
854	-104	-15996	-331	-410	-200	-25346	43	-139	8169	40845	8169	69851550
852	-48	-16052	-379	-397	-207	-25345	43	-139	8170	40850	8170	69851577
862	-62	-15990	-387	-416	-201	-25344	44	-138	8171	40855	8171	69851577
880	-32	-15988	-349	-452	-196	-25343	44	-138	8172	40860	8172	69851577
860	-90	-16080	-284	-469	-177	-25342	41	-133	8173	40865	8173	69851577
882	-114	-16052	-250	-474	-164	-25341	41	-133	8174	40870	8174	69851577
920	-43	-15987	-211	-507	-168	-25340	38	-136	8175	40875	8175	69851577
912	-51	-16028	-198	-543	-171	-25339	39	-136	8176	40880	8176	69851577
940	-86	-15959	-188	-551	-178	-25338	42	-138	8177	40885	8177	69851578
928	-48	-16142	-179	-563	-180	-25337	42	-138	8178	40890	8178	69851578
996	-16	-16056	-177	-563	-179	-25336	40	-138	8179	40895	8179	69851578
878	-66	-16076	-158	-598	-184	-25335	40	-138	8180	40900	8180	69851578
954	-110	-16064	-137	-612	-185	-25334	38	-136	8181	40905	8181	69851578
858	-102	-16024	-98	-626	-169	-25333	38	-136	8182	40910	8182	69851588
930	-108	-16134	-77	-655	-169	-25332	44	-136	8183	40915	8183	69851597
837	-141	-16012	-73	-648	-162	-25331	44	-136	8184	40920	8184	69851616
824	-86	-16037	-66	-646	-163	-25330	42	-134	8185	40925	8185	69851616
786	-115	-16045	-73	-634	-165	-25329	42	-134	8186	40930	8186	69851616
783	-126	-16044	-80	-645	-170	-25328	44	-136	8187	40935	8187	69851617
773	-127	-16064	-89	-633	-167	-25327	43	-136	8188	40940	8188	69851617
754	-129	-16000	-94	-644	-176	-25326	39	-137	8189	40945	8189	69851617
784	-121	-16044	-91	-668	-172	-25325	40	-137	8190	40950	8190	69851617
772	-130	-16054	-78	-689	-181	-25324	43	-139	8191	40955	8191	69851617
755	-162	-16064	-56	-698	-182	-25323	43	-139	8192	40960	8192	69851641
729	-123	-16086	-38	-695	-182	-25322	43	-139	8193	40965	8193	69851676
710	-129	-16087	-31	-680	-184	-25321	44	-140	8194	40970	8194	69851676
713	-125	-16161	-45	-642	-192	-25320	47	-143	8195	40975	8195	69851676
762	-72	-16164	-70	-589	-205	-25319	46	-142	8196	40980	8196	69851676
715	-84	-16062	-85	-553	-215	-25318	42	-138	8197	40985	8197	69851676
711	-19	-16068	-79	-567	-226	-25317	42	-138	8198	40990	8198	69851677
794	-59	-16085	-70	-608	-227	-25316	44	-138	8199	40995	8199	69851677
776	-64	-16116	-45	-633	-219	-25315	43	-136	8200	41000	8200	69851685
750	-46	-16058	-13	-638	-225	-25314	41	-133	8201	41005	8201	69851700
698	-12	-16079	22	-637	-230	-25313	42	-138	8202	41010	8202	69851706
712	0	-16159	42	-645	-234	-25312	43	-145	8203	41015	8203	69851706
737	-35	-16169	53	-664	-242	-25311	41	-144	8204	41020	8204	69851707
735	-15	-16178	62	-681	-254	-25310	39	-143	8205	41025	8205	69851707
742	-13	-16132	70	-699	-252	-25309	39	-140	8206	41030	8206	69851707
748	-32	-16064	83	-714	-250	-25308	40	-136	8207	41035	8207	69851712
748	-6	-16129	101	-721	-258	-25307	42	-139	8208	41040	8208	69851735
774	-8	-16108	109	-726	-263	-25305	43	-141	8209	41045	8209	69851754
780	-14	-16094	107	-731	-264	-25304	42	-134	8210	41050	8210	69851754
786	-58	-16079	113	-732	-260	-25304	42	-130	8211	41055	8211	69851755
802	-102	-16023	122	-731	-254	-25303	43	-132	8212	41060	8212	69851755
790	-73	-15973	125	-730	-254	-25302	44	-134	8213	41065	8213	69851755
785	-43	-15986	124	-728	-259	-25301	44	-138	8214	41070	8214	69851755
803	-48	-16055	127	-734	-254	-25300	45	-145	8215	41075	8215	69851756
843	-41	-16109	132	-745	-247	-25299	47	-142	8216	41080	8216	69851757
879	-48	-16097	141	-753	-249	-25297	48	-138	8217	41085	8217	69851757
883	-54	-16022	147	-765	-250	-25296	43	-135	8218	41090	8218	69851771
867	-82	-15939	149	-776	-249	-25295	39	-133	8219	41095	8219	69851781
886	-80	-15982	155	-774	-254	-25294	41	-138	8220	41100	8220	69851781
921	-75	-16020	157	-767	-265	-25293	42	-142	8221	41105	8221	69851781
899	-130	-16014	145	-772	-283	-25292	40	-140	8222	41110	8222	69851781
945	-120	-16014	141	-779	-288	-25291	38	-138	8223	41115	8223	69851781
941	-122	-16079	155	-784	-293	-25290	44	-140	8224	41120	8224	69851781
898	-104	-16088	183	-770	-309	-25289	48	-142	8225	41125	8225	69851789
872	-77	-16142	202	-751	-322	-25288	44	-138	8226	41130	8226	69851814
941	-90	-16164	210	-721	-337	-25287	43	-137	8227	41135	8227	69851819
933	-126	-16087	223	-702	-345	-25286	41	-139	8228	41140	8228	69851820
922	-172	-16055	226	-679	-354	-25285	40	-140	8229	41145	8229	69851821
931	-182	-16084	210	-664	-369	-25284	44	-138	8230	41150	8230	69851822
928	-205	-16129	185	-678	-378	-25283	47	-137	8231	41155	8231	69851822
966	-222	-16152	159	-705	-388	-25282	42	-136	8232	41160	8232	69851823
983	-228	-16145	134	-743	-399	-25281	39	-135	8233	41165	8233	69851848
962	-206	-16174	96	-795	-415	-25280	41	-137	8234	41170	8234	69851856
945	-242	-16278	78	-831	-434	-25279	41	-137	8235	41175	8235	69851856
984	-265	-16227	84	-858	-441	-25278	39	-139	8236	41180	8236	69851856
941	-204	-16176	57	-885	-456	-25277	38	-140	8237	41185	8237	69851857
918	-230	-16174	48	-897	-473	-25276	41	-135	8238	41190	8238	69851857
889	-206	-16142	35	-922	-476	-25275	42	-134	8239	41195	8239	69851857
847	-209	-16100	26	-926	-482	-25274	46	-136	8240	41200	8240	69851865
822	-236	-16079	15	-939	-483	-25273	47	-137	8241	41205	8241	69851890
776	-220	-15986	-5	-962	-489	-25272	47	-137	8242	41210	8242	69851896
692	-248	-15792	-56	-960	-505	-25271	47	-137	8243	41215	8243	69851896
652	-178	-15932	-99	-947	-500	-25270	45	-135	8244	41220	8244	69851896
627	-176	-15967	-129	-938	-507	-25269	45	-135	8245	41225	8245	69851896
630	-152	-15976	-145	-925	-498	-25268	46	-139	8246	41230	8246	69851896
669	-159	-16018	-144	-913	-502	-25267	46	-140	8247	41235	8247	69851896
654	-159	-16010	-132	-889	-494	-25266	44	-136	8248	41240	8248	69851924
667	-190	-16113	-119	-876	-497	-25265	43	-135	8249	41245	8249	69851931
742	-174	-16058	-102	-859	-488	-25264	46	-134	8250	41250	8250	69851934
736	-138	-16082	-94	-841	-471	-25263	46	-134	8251	41255	8251	69851934
714	-160	-16146	-97	-803	-475	-25262	46	-130	8252	41260	8252	69851934
726	-204	-16068	-112	-797	-468	-25261	46	-130	8253	41265	8253	69851934
746	-184	-16088	-121	-795	-464	-25260	43	-137	8254	41270	8254	69851934
672	-122	-16080	-149	-781	-457	-25259	43	-137	8255	41275	8255	69851934
750	-194	-16054	-189	-796	-447	-25258	46	-138	8256	41280	8256	69851934
714	-70	-16128	-226	-816	-430	-25257	46	-138	8257	41285	8257	69851958
740	-124	-16206	-249	-836	-432	-25256	42	-132	8258	41290	8258	69851968
760	-31	-16180	-256	-856	-418	-25255	41	-133	8259	41295	8259	69851969
774	8	-16123	-257	-861	-407	-25254	38	-138	8260	41300	8260	69851969
725	-64	-16134	-256	-877	-388	-25253	38	-137	8261	41305	8261	69851969
712	-32	-16164	-263	-888	-381	-25252	38	-134	8262	41310	8262	69851969
652	-34	-16178	-261	-882	-378	-25251	38	-134	8263	41315	8263	69851976
592	24	-16122	-282	-901	-367	-25250	39	-139	8264	41320	8264	69852006
556	2	-15916	-277	-892	-350	-25249	39	-139	8265	41325	8265	69852006
608	30	-16040	-273	-882	-340	-25248	50	-136	8266	41330	8266	69852006
615	37	-15981	-263	-875	-320	-25247	48	-135	8267	41335	8267	69852006
550	83	-15978	-258	-863	-309	-25246	39	-131	8268	41340	8268	69852006
504	81	-16018	-232	-862	-301	-25245	39	-131	8269	41345	8269	69852006
514	55	-16024	-215	-865	-288	-25244	40	-130	8270	41350	8270	69852013
523	72	-16024	-216	-847	-276	-25243	40	-132	8271	41355	8271	69852043
541	126	-16028	-213	-817	-267	-25242	40	-140	8272	41360	8272	69852043
517	122	-16017	-214	-779	-258	-25241	41	-139	8273	41365	8273	69852044
558	120	-16089	-209	-760	-267	-25240	44	-134	8274	41370	8274	69852044
586	133	-16159	-196	-756	-272	-25239	45	-134	8275	41375	8275	69852044
622	166	-16102	-178	-747	-269	-25238	46	-134	8276	41380	8276	69852044
596	155	-16054	-148	-745	-266	-25237	44	-136	8277	41385	8277	69852047
625	195	-16091	-129	-750	-279	-25236	42	-138	8278	41390	8278	69852062
687	216	-16154	-128	-765	-286	-25235	41	-138	8279	41395	8279	69852087
638	225	-16128	-119	-793	-296	-25234	35	-139	8280	41400	8280	69852108
632	194	-16132	-124	-810	-295	-25233	35	-140	8281	41405	8281	69852108
590	154	-16194	-123	-846	-299	-25232	37	-143	8282	41410	8282	69852108
648	186	-16169	-121	-853	-311	-25231	39	-141	8283	41415	8283	69852109
675	187	-16181	-113	-859	-318	-25230	43	-135	8284	41420	8284	69852111
680	146	-16144	-116	-856	-320	-25229	44	-135	8285	41425	8285	69852111
676	111	-16134	-118	-843	-323	-25228	46	-136	8286	41430	8286	69852114
686	84	-16119	-139	-836	-328	-25227	45	-137	8287	41435	8287	69852119
648	46	-16030	-163	-836	-336	-25226	44	-138	8288	41440	8288	69852119
610	12	-16012	-183	-845	-332	-25225	45	-137	8289	41445	8289	69852119
576	30	-16039	-210	-855	-327	-25224	47	-135	8290	41450	8290	69852119
585	46	-16036	-216	-856	-328	-25223	46	-135	8291	41455	8291	69852119
593	32	-15983	-220	-841	-326	-25221	45	-135	8292	41460	8292	69852119
641	20	-15988	-220	-832	-324	-25220	45	-137	8293	41465	8293	69852135
663	9	-16000	-211	-823	-319	-25219	45	-139	8294	41470	8294	69852152
668	11	-15984	-207	-806	-311	-25219	46	-138	8295	41475	8295	69852156
667	13	-16012	-197	-786	-306	-25218	46	-136	8296	41480	8296	69852156
684	8	-16073	-174	-765	-305	-25217	44	-137	8297	41485	8297	69852156
698	42	-16044	-148	-742	-291	-25216	41	-139	8298	41490	8298	69852156
682	120	-16066	-131	-730	-269	-25215	44	-138	8299	41495	8299	69852156
670	168	-16065	-117	-730	-262	-25214	49	-137	8300	41500	8300	69852160
640	146	-16028	-104	-726	-261	-25212	44	-136	8301	41505	8301	69852187
670	157	-16075	-100	-713	-254	-25211	41	-135	8302	41510	8302	69852202
717	160	-16145	-103	-711	-244	-25210	40	-138	8303	41515	8303	69852202
713	148	-16128	-110	-724	-239	-25209	40	-140	8304	41520	8304	69852203
684	140	-16110	-116	-741	-244	-25208	39	-136	8305	41525	8305	69852203
656	158	-16091	-127	-749	-241	-25207	39	-133	8306	41530	8306	69852203
707	146	-16133	-136	-757	-233	-25206	43	-135	8307	41535	8307	69852203
702	137	-16196	-143	-737	-237	-25205	45	-137	8308	41540	8308	69852231
683	74	-16084	-139	-735	-235	-25204	46	-136	8309	41545	8309	69852240
692	128	-16062	-139	-739	-232	-25203	46	-136	8310	41550	8310	69852241
700	125	-16014	-137	-738	-230	-25202	48	-134	8311	41555	8311	69852241
625	131	-16055	-120	-743	-223	-25201	48	-134	8312	41560	8312	69852242
633	41	-15945	-112	-734	-224	-25200	45	-134	8313	41565	8313	69852242
632	32	-15950	-103	-728	-230	-25199	44	-134	8314	41570	8314	69852242
645	27	-15974	-101	-719	-222	-25198	44	-135	8315	41575	8315	69852247
654	30	-15966	-108	-712	-211	-25197	44	-136	8316	41580	8316	69852285
588	33	-15994	-112	-677	-210	-25196	45	-138	8317	41585	8317	69852296
630	91	-16006	-123	-655	-204	-25195	45	-139	8318	41590	8318	69852296
684	47	-16042	-123	-632	-210	-25194	43	-142	8319	41595	8319	69852296
689	93	-16085	-119	-625	-202	-25193	43	-143	8320	41600	8320	69852297
714	70	-16128	-108	-631	-208	-25192	42	-137	8321	41605	8321	69852297
672	9	-16069	-107	-643	-207	-25191	42	-136	8322	41610	8322	69852297
702	26	-16119	-93	-651	-205	-25190	44	-138	8323	41615	8323	69852297
653	48	-16189	-90	-654	-200	-25189	45	-139	8324	41620	8324	69852297
644	58	-16196	-89	-653	-211	-25188	45	-129	8325	41625	8325	69852306
630	98	-16068	-110	-645	-215	-25187	45	-129	8326	41630	8326	69852327
682	70	-16048	-118	-638	-226	-25186	48	-136	8327	41635	8327	69852327
620	84	-16094	-120	-663	-207	-25185	48	-136	8328	41640	8328	69852328
666	38	-16066	-125	-664	-217	-25184	45	-137	8329	41645	8329	69852328
656	41	-16093	-123	-682	-207	-25183	45	-137	8330	41650	8330	69852329
590	66	-16151	-117	-688	-202	-25182	47	-139	8331	41655	8331	69852329
617	59	-16090	-114	-696	-187	-25181	47	-139	8332	41660	8332	69852329
580	122	-16134	-99	-711	-188	-25180	49	-139	8333	41665	8333	69852330
586	22	-16126	-98	-696	-181	-25179	49	-139	8334	41670	8334	69852330
504	56	-16136	-96	-693	-172	-25178	47	-139	8335	41675	8335	69852330
516	102	-16124	-100	-668	-173	-25177	47	-139	8336	41680	8336	69852330
514	148	-16068	-89	-673	-181	-25176	44	-138	8337	41685	8337	69852331
504	132	-16188	-96	-663	-177	-25175	44	-138	8338	41690	8338	69852337
496	82	-16200	-83	-657	-174	-25174	44	-136	8339	41695	8339	69852374
512	132	-16148	-77	-649	-181	-25173	44	-136	8340	41700	8340	69852374
556	78	-16206	-54	-631	-179	-25172	45	-137	8341	41705	8341	69852374
595	85	-16175	-47	-606	-184	-25171	45	-136	8342	41710	8342	69852374
566	41	-16148	-39	-611	-191	-25170	43	-131	8343	41715	8343	69852374
564	49	-16120	-35	-606	-190	-25169	44	-132	8344	41720	8344	69852374
562	64	-16148	-28	-609	-192	-25168	50	-138	8345	41725	8345	69852374
579	44	-16183	-42	-610	-206	-25167	49	-138	8346	41730	8346	69852380
592	32	-16108	-61	-617	-207	-25166	46	-140	8347	41735	8347	69852411
596	-2	-16070	-66	-611	-218	-25165	46	-140	8348	41740	8348	69852421
654	88	-16114	-76	-589	-225	-25164	45	-137	8349	41745	8349	69852421
654	26	-16099	-93	-600	-215	-25163	44	-138	8350	41750	8350	69852421
632	19	-16012	-105	-608	-200	-25162	39	-141	8351	41755	8351	69852421
620	84	-16043	-116	-610	-201	-25161	42	-140	8352	41760	8352	69852421
664	44	-16080	-119	-591	-197	-25160	54	-138	8353	41765	8353	69852426
674	53	-16082	-111	-571	-196	-25159	52	-137	8354	41770	8354	69852449
684	138	-16074	-99	-573	-192	-25158	42	-132	8355	41775	8355	69852460
674	162	-16036	-101	-570	-183	-25157	42	-133	8356	41780	8356	69852460
651	130	-16001	-91	-555	-183	-25156	40	-138	8357	41785	8357	69852460
695	164	-16050	-91	-559	-183	-25155	41	-138	8358	41790	8358	69852460
704	192	-16050	-69	-555	-174	-25154	44	-136	8359	41795	8359	69852460
702	181	-16075	-41	-559	-170	-25153	42	-138	8360	41800	8360	69852464
729	176	-16127	-15	-574	-166	-25152	40	-140	8361	41805	8361	69852480
744	178	-16080	-1	-590	-166	-25151	40	-139	8362	41810	8362	69852497
742	191	-16058	-1	-600	-164	-25150	41	-137	8363	41815	8363	69852498
711	194	-16111	1	-603	-164	-25149	42	-138	8364	41820	8364	69852498
694	198	-16084	1	-592	-168	-25148	44	-144	8365	41825	8365	69852498
682	205	-16096	-18	-593	-175	-25147	42	-143	8366	41830	8366	69852498
688	222	-16124	-21	-609	-168	-25146	37	-139	8367	41835	8367	69852499
683	217	-16107	-18	-606	-170	-25145	39	-138	8368	41840	8368	69852513
704	151	-16090	-19	-605	-162	-25144	42	-136	8369	41845	8369	69852533
680	167	-16104	-17	-602	-155	-25143	43	-137	8370	41850	8370	69852534
594	173	-16147	-15	-598	-157	-25142	44	-138	8371	41855	8371	69852535
604	124	-16116	-15	-579	-164	-25141	43	-137	8372	41860	8372	69852535
659	92	-16064	-19	-570	-165	-25140	41	-135	8373	41865	8373	69852536
664	111	-16002	-22	-586	-162	-25139	41	-136	8374	41870	8374	69852536
643	99	-15995	-16	-586	-148	-25138	42	-138	8375	41875	8375	69852538
613	70	-16041	-5	-589	-146	-25136	41	-137	8376	41880	8376	69852554
639	86	-16079	5	-590	-142	-25135	41	-137	8377	41885	8377	69852564
674	84	-16084	19	-585	-135	-25134	42	-136	8378	41890	8378	69852565
603	54	-16094	32	-580	-130	-25133	42	-136	8379	41895	8379	69852565
574	56	-16107	39	-565	-123	-25133	43	-137	8380	41900	8380	69852565
598	67	-16098	42	-551	-118	-25132	44	-138	8381	41905	8381	69852565
600	65	-16067	41	-544	-120	-25131	42	-137	8382	41910	8382	69852565
609	74	-16072	27	-535	-119	-25130	39	-135	8383	41915	8383	69852571
642	59	-16039	1	-522	-119	-25128	43	-136	8384	41920	8384	69852592
683	86	-16084	-22	-511	-121	-25127	45	-137	8385	41925	8385	69852602
642	67	-16114	-46	-498	-120	-25126	45	-138	8386	41930	8386	69852603
601	77	-16126	-67	-495	-110	-25125	45	-139	8387	41935	8387	69852603
626	88	-16063	-79	-502	-109	-25124	44	-141	8388	41940	8388	69852603
644	83	-16005	-72	-513	-102	-25123	44	-142	8389	41945	8389	69852603
624	104	-16044	-54	-532	-104	-25122	44	-140	8390	41950	8390	69852623
634	101	-16109	-29	-544	-113	-25121	44	-138	8391	41955	8391	69852636
626	50	-16136	-16	-545	-111	-25120	46	-135	8392	41960	8392	69852636
563	24	-16137	-13	-523	-120	-25119	46	-134	8393	41965	8393	69852636
562	6	-16107	-13	-520	-114	-25118	46	-136	8394	41970	8394	69852636
592	12	-16081	-32	-521	-119	-25117	46	-136	8395	41975	8395	69852636
608	6	-16002	-47	-507	-128	-25116	44	-138	8396	41980	8396	69852636
663	9	-16029	-49	-513	-134	-25115	44	-138	8397	41985	8397	69852641
647	14	-16077	-50	-523	-137	-25114	43	-136	8398	41990	8398	69852661
624	20	-16093	-42	-529	-135	-25113	42	-134	8399	41995	8399	69852674
670	12	-16127	-35	-533	-135	-25112	41	-131	8400	42000	8400	69852674
668	45	-16093	-43	-527	-140	-25111	40	-130	8401	42005	8401	69852675
667	48	-16090	-47	-523	-136	-25110	42	-136	8402	42010	8402	69852676
655	78	-16132	-50	-515	-142	-25109	43	-137	8403	42015	8403	69852676
711	48	-16097	-70	-515	-154	-25108	43	-135	8404	42020	8404	69852677
712	59	-16062	-93	-499	-165	-25107	43	-135	8405	42025	8405	69852680
742	56	-15992	-122	-496	-167	-25106	41	-133	8406	42030	8406	69852705
721	73	-15997	-130	-506	-166	-25105	41	-133	8407	42035	8407	69852711
728	70	-15968	-125	-520	-171	-25104	47	-141	8408	42040	8408	69852711
736	26	-16134	-120	-543	-164	-25103	47	-141	8409	42045	8409	69852711
710	108	-16108	-89	-557	-163	-25102	45	-135	8410	42050	8410	69852711
740	76	-16002	-61	-564	-163	-25101	45	-135	8411	42055	8411	69852711
748	112	-16088	-39	-572	-158	-25100	46	-134	8412	42060	8412	69852762
746	72	-16110	-39	-565	-147	-25099	46	-134	8413	42065	8413	69852766
808	88	-16030	-26	-562	-153	-25098	43	-139	8414	42070	8414	69852766
723	155	-16057	-39	-557	-151	-25097	43	-139	8415	42075	8415	69852767
708	147	-16059	-35	-566	-149	-25096	43	-137	8416	42080	8416	69852767
716	228	-16152	-40	-579	-139	-25095	43	-137	8417	42085	8417	69852767
700	136	-16080	-21	-582	-138	-25094	38	-134	8418	42090	8418	69852767
734	224	-16036	4	-582	-140	-25093	38	-134	8419	42095	8419	69852767
630	194	-16076	2	-571	-131	-25092	41	-135	8420	42100	8420	69852823
676	226	-16058	-4	-573	-128	-25091	41	-135	8421	42105	8421	69852824
724	202	-16008	12	-573	-110	-25090	35	-139	8422	42110	8422	69852824
704	194	-16070	7	-558	-112	-25089	35	-139	8423	42115	8423	69852824
692	208	-16078	11	-574	-113	-25088	41	-137	8424	42120	8424	69852824
664	218	-16149	21	-586	-100	-25087	41	-137	8425	42125	8425	69852825
694	189	-16088	30	-595	-92	-25086	41	-139	8426	42130	8426	69852832
718	244	-16056	49	-605	-80	-25085	42	-138	8427	42135	8427	69852856
674	250	-16100	65	-616	-73	-25084	46	-136	8428	42140	8428	69852857
601	200	-16118	58	-603	-66	-25083	45	-137	8429	42145	8429	69852857
652	140	-16042	67	-607	-58	-25082	41	-139	8430	42150	8430	69852857
580	153	-16048	65	-594	-51	-25081	40	-138	8431	42155	8431	69852858
588	190	-16030	47	-588	-47	-25080	35	-133	8432	42160	8432	69852858
638	200	-16088	48	-589	-32	-25079	35	-133	8433	42165	8433	69852858
663	172	-16025	44	-602	-23	-25078	46	-138	8434	42170	8434	69852858
667	120	-16083	48	-619	-15	-25077	46	-138	8435	42175	8435	69852859
638	183	-16066	56	-621	-7	-25076	44	-136	8436	42180	8436	69852859
635	241	-16031	63	-633	-4	-25075	44	-136	8437	42185	8437	69852859
632	227	-16078	65	-624	-2	-25074	46	-138	8438	42190	8438	69852863
650	222	-16049	72	-611	-2	-25073	46	-138	8439	42195	8439	69852884
669	220	-16155	80	-609	4	-25072	46	-136	8440	42200	8440	69852897
641	199	-16129	88	-616	7	-25071	44	-137	8441	42205	8441	69852897
676	180	-16189	95	-617	4	-25070	39	-141	8442	42210	8442	69852897
659	152	-16208	105	-609	1	-25069	40	-140	8443	42215	8443	69852897
659	136	-16183	114	-610	5	-25068	42	-138	8444	42220	8444	69852897
671	139	-16203	117	-614	13	-25067	42	-139	8445	42225	8445	69852897
696	135	-16162	127	-601	14	-25066	41	-141	8446	42230	8446	69852897
685	108	-16131	133	-589	16	-25065	41	-139	8447	42235	8447	69852901
673	60	-16108	133	-586	16	-25064	42	-136	8448	42240	8448	69852916
642	34	-16088	128	-594	12	-25063	42	-136	8449	42245	8449	69852937
598	53	-16052	140	-608	14	-25062	43	-135	8450	42250	8450	69852938
628	44	-16030	149	-634	24	-25061	42	-139	8451	42255	8451	69852938
606	-17	-15954	148	-656	31	-25060	40	-144	8452	42260	8452	69852938
582	-29	-15983	155	-665	34	-25059	42	-141	8453	42265	8453	69852938
610	-7	-15968	162	-662	41	-25058	46	-136	8454	42270	8454	69852939
618	-36	-15955	157	-653	39	-25057	45	-136	8455	42275	8455	69852941
626	-39	-15970	149	-635	34	-25056	44	-136	8456	42280	8456	69852956
621	24	-16012	140	-608	40	-25055	42	-135	8457	42285	8457	69852973
593	29	-16116	124	-583	36	-25054	40	-134	8458	42290	8458	69852974
635	29	-16117	110	-561	31	-25052	45	-133	8459	42295	8459	69852974
633	9	-16159	103	-535	31	-25051	49	-133	8460	42300	8460	69852974
674	20	-16221	90	-518	21	-25050	46	-136	8461	42305	8461	69852974
720	46	-16180	74	-509	13	-25049	44	-138	8462	42310	8462	69852974
720	37	-16096	62	-502	8	-25048	44	-139	8463	42315	8463	69852978
716	17	-16109	58	-508	2	-25047	44	-140	8464	42320	8464	69853000
735	40	-16151	71	-516	-5	-25047	42	-140	8465	42325	8465	69853013
762	39	-16147	83	-523	-9	-25046	40	-140	8466	42330	8466	69853013
786	73	-16153	90	-535	-18	-25044	42	-143	8467	42335	8467	69853013
778	136	-16124	106	-544	-20	-25043	43	-145	8468	42340	8468	69853013
788	119	-16125	125	-561	-20	-25042	42	-143	8469	42345	8469	69853013
777	96	-16162	149	-586	-18	-25041	42	-142	8470	42350	8470	69853013
764	63	-16120	163	-600	-18	-25040	42	-138	8471	42355	8471	69853023
731	84	-16097	175	-605	-29	-25039	42	-136	8472	42360	8472	69853042
704	136	-16063	185	-615	-34	-25038	45	-137	8473	42365	8473	69853050
688	147	-16078	191	-625	-39	-25037	47	-137	8474	42370	8474	69853050
684	125	-16117	184	-635	-44	-25036	46	-137	8475	42375	8475	69853050
700	84	-16120	171	-637	-44	-25035	45	-137	8476	42380	8476	69853050
637	81	-16098	158	-627	-50	-25034	44	-136	8477	42385	8477	69853050
625	55	-16158	145	-613	-62	-25033	44	-136	8478	42390	8478	69853050
616	85	-16153	135	-608	-67	-25032	43	-135	8479	42395	8479	69853060
633	36	-16082	137	-597	-63	-25031	43	-135	8480	42400	8480	69853082
633	20	-16053	120	-579	-64	-25030	45	-138	8481	42405	8481	69853087
645	74	-16148	92	-567	-61	-25029	45	-139	8482	42410	8482	69853087
621	78	-16098	83	-556	-57	-25028	44	-137	8483	42415	8483	69853087
600	-6	-16045	85	-552	-40	-25027	44	-136	8484	42420	8484	69853087
610	33	-16062	96	-552	-32	-25026	41	-138	8485	42425	8485	69853087
657	54	-16055	109	-535	-17	-25025	40	-138	8486	42430	8486	69853087
638	99	-16023	129	-518	2	-25024	46	-137	8487	42435	8487	69853102
710	86	-16024	168	-535	18	-25023	47	-137	8488	42440	8488	69853123
719	59	-16117	201	-542	32	-25022	49	-135	8489	42445	8489	69853127
742	56	-16042	229	-545	40	-25021	49	-135	8490	42450	8490	69853128
762	83	-16064	245	-536	47	-25020	48	-137	8491	42455	8491	69853128
790	66	-16034	231	-536	60	-25019	48	-138	8492	42460	8492	69853129
752	92	-16112	214	-534	65	-25018	46	-140	8493	42465	8493	69853129
672	124	-16112	195	-538	66	-25017	46	-140	8494	42470	8494	69853130
714	84	-16090	176	-535	59	-25016	48	-138	8495	42475	8495	69853154
756	82	-16050	167	-529	67	-25015	48	-138	8496	42480	8496	69853162
826	130	-16018	159	-547	68	-25014	33	-133	8497	42485	8497	69853162
694	88	-16096	152	-569	71	-25013	33	-133	8498	42490	8498	69853162
688	84	-16038	147	-623	73	-25012	42	-138	8499	42495	8499	69853162
738	144	-16128	173	-617	96	-25011	42	-138	8500	42500	8500	69853162
708	120	-16100	181	-603	98	-25010	37	-139	8501	42505	8501	69853162
728	178	-16092	203	-610	121	-25009	37	-139	8502	42510	8502	69853171
690	82	-16108	226	-620	127	-25008	45	-135	8503	42515	8503	69853199
744	134	-16086	243	-595	125	-25007	45	-135	8504	42520	8504	69853200
668	116	-16144	244	-594	126	-25006	47	-133	8505	42525	8505	69853200
722	66	-16128	241	-601	124	-25005	47	-133	8506	42530	8506	69853200
720	82	-16088	236	-602	127	-25004	38	-136	8507	42535	8507	69853200
706	48	-16050	219	-599	137	-25003	38	-136	8508	42540	8508	69853200
733	82	-16115	224	-613	142	-25002	46	-138	8509	42545	8509	69853209
730	80	-16132	224	-618	151	-25001	46	-137	8510	42550	8510	69853246
724	76	-16164	219	-622	156	-25000	48	-134	8511	42555	8511	69853246
695	91	-16183	230	-629	153	-24999	47	-134	8512	42560	8512	69853247
762	64	-16131	248	-622	156	-24998	44	-136	8513	42565	8513	69853247
746	74	-16154	256	-617	170	-24997	44	-136	8514	42570	8514	69853247
810	91	-16086	260	-618	180	-24996	42	-138	8515	42575	8515	69853247
770	128	-16044	269	-624	187	-24995	42	-138	8516	42580	8516	69853250
751	160	-16049	273	-637	200	-24994	43	-137	8517	42585	8517	69853261
800	122	-16000	268	-643	217	-24993	43	-136	8518	42590	8518	69853283
797	118	-16092	258	-644	226	-24992	44	-132	8519	42595	8519	69853284
728	63	-16143	245	-663	231	-24991	44	-132	8520	42600	8520	69853284
726	33	-16038	248	-664	246	-24990	43	-133	8521	42605	8521	69853284
744	32	-16014	250	-656	261	-24989	43	-134	8522	42610	8522	69853284
798	88	-16100	252	-661	284	-24988	44	-138	8523	42615	8523	69853284
723	130	-16048	265	-675	301	-24987	43	-138	8524	42620	8524	69853284
662	122	-16036	287	-672	312	-24986	38	-136	8525	42625	8525	69853284
683	102	-16036	305	-677	323	-24985	40	-138	8526	42630	8526	69853295
666	80	-16031	322	-680	335	-24984	43	-141	8527	42635	8527	69853315
663	67	-16086	340	-675	341	-24983	44	-140	8528	42640	8528	69853321
620	68	-16116	358	-660	343	-24982	45	-139	8529	42645	8529	69853321
578	68	-16165	360	-653	345	-24981	45	-139	8530	42650	8530	69853321
606	44	-16100	347	-650	349	-24980	45	-139	8531	42655	8531	69853322
594	4	-16099	329	-642	356	-24979	45	-139	8532	42660	8532	69853322
593	6	-16113	312	-632	356	-24978	46	-138	8533	42665	8533	69853332
580	4	-16067	299	-627	345	-24977	45	-139	8534	42670	8534	69853354
562	-55	-16077	289	-628	341	-24976	43	-139	8535	42675	8535	69853369
604	-123	-16163	276	-621	340	-24975	44	-134	8536	42680	8536	69853372
619	-107	-16152	267	-608	337	-24974	45	-127	8537	42685	8537	69853372
601	-86	-16132	267	-612	330	-24973	44	-132	8538	42690	8538	69853372
557	-109	-16116	263	-629	326	-24972	43	-139	8539	42695	8539	69853372
578	-119	-16096	263	-639	324	-24971	44	-136	8540	42700	8540	69853372
587	-154	-16056	273	-624	321	-24970	46	-132	8541	42705	8541	69853379
591	-214	-16012	281	-623	325	-24968	47	-135	8542	42710	8542	69853399
611	-206	-16042	279	-624	323	-24967	47	-137	8543	42715	8543	69853407
584	-213	-16072	268	-625	319	-24966	45	-142	8544	42720	8544	69853408
543	-251	-16105	257	-631	318	-24965	44	-146	8545	42725	8545	69853408
562	-283	-16086	245	-631	306	-24964	43	-142	8546	42730	8546	69853408
601	-283	-16062	238	-635	305	-24963	43	-139	8547	42735	8547	69853409
