-15109	-1155	-3528	-6035	655	637	-82	127	-23	3821	19105	3821	69090715
-15138	-1082	-3566	-6086	558	658	-84	126	-20	3822	19110	3822	69090716
-15207	-1022	-3660	-6168	505	681	-79	125	-24	3823	19115	3823	69090716
-15195	-988	-3730	-6267	552	705	-76	124	-26	3824	19120	3824	69090721
-15178	-949	-3786	-6334	681	743	-77	125	-23	3825	19125	3825	69090742
-15134	-936	-3766	-6326	819	775	-77	125	-21	3826	19130	3826	69090753
-14990	-986	-3718	-6227	927	792	-82	126	-23	3827	19135	3827	69090753
-14925	-1053	-3694	-6095	960	774	-84	126	-24	3828	19140	3828	69090753
-14884	-1157	-3712	-5967	966	722	-79	123	-24	3829	19145	3829	69090754
-14726	-1242	-3681	-5888	977	673	-78	122	-24	3830	19150	3830	69090754
-14638	-1280	-3581	-5876	988	649	-81	122	-19	3831	19155	3831	69090754
-14551	-1249	-3580	-5925	995	636	-82	122	-18	3832	19160	3832	69090764
-14438	-1269	-3632	-5999	994	635	-80	126	-19	3833	19165	3833	69090781
-14344	-1249	-3609	-6062	983	645	-79	127	-19	3834	19170	3834	69090786
-14186	-1170	-3588	-6091	928	652	-79	123	-17	3835	19175	3835	69090786
-14080	-1050	-3730	-6142	871	641	-79	123	-17	3836	19180	3836	69090786
-13950	-950	-3718	-6215	858	657	-82	120	-18	3837	19185	3837	69090786
-13764	-978	-3748	-6284	888	696	-82	120	-18	3838	19190	3838	69090786
-13694	-952	-3754	-6320	914	740	-81	123	-23	3839	19195	3839	69090796
-13592	-938	-3864	-6328	936	779	-81	123	-23	3840	19200	3840	69090823
-13392	-896	-3878	-6296	923	844	-82	122	-24	3841	19205	3841	69090823
-13258	-822	-3882	-6266	920	868	-82	122	-24	3842	19210	3842	69090823
-13184	-816	-3764	-6164	949	900	-83	127	-17	3843	19215	3843	69090823
-12990	-831	-3827	-6021	1013	975	-84	126	-18	3844	19220	3844	69090823
-12700	-833	-3865	-5928	1108	1055	-86	124	-22	3845	19225	3845	69090828
-12450	-832	-3802	-5786	1209	1097	-86	124	-23	3846	19230	3846	69090852
-12225	-876	-3686	-5606	1275	1082	-84	122	-26	3847	19235	3847	69090866
-11988	-862	-3747	-5506	1284	1078	-87	120	-24	3848	19240	3848	69090866
-11786	-891	-3735	-5503	1262	1074	-98	112	-18	3849	19245	3849	69090866
-11557	-965	-3796	-5551	1252	1100	-95	114	-19	3850	19250	3850	69090866
-11249	-941	-3687	-5624	1270	1124	-85	123	-25	3851	19255	3851	69090866
-11032	-941	-3692	-5667	1266	1145	-86	123	-21	3852	19260	3852	69090866
-10845	-921	-3632	-5693	1249	1189	-88	122	-14	3853	19265	3853	69090868
-10611	-935	-3566	-5706	1245	1257	-86	120	-16	3854	19270	3854	69090892
-10414	-870	-3512	-5734	1237	1304	-84	118	-20	3855	19275	3855	69090926
-10139	-819	-3490	-5789	1207	1319	-83	121	-21	3856	19280	3856	69090926
-9882	-812	-3443	-5855	1174	1360	-82	126	-22	3857	19285	3857	69090926
-9607	-845	-3398	-5922	1126	1409	-84	123	-24	3858	19290	3858	69090926
-9316	-849	-3336	-6006	1058	1459	-88	118	-26	3859	19295	3859	69090926
-9048	-833	-3306	-6122	966	1508	-88	120	-22	3860	19300	3860	69090927
-8870	-828	-3399	-6229	892	1534	-88	122	-18	3861	19305	3861	69090944
-8659	-791	-3410	-6319	850	1547	-85	119	-17	3862	19310	3862	69090963
-8516	-747	-3314	-6392	797	1562	-83	117	-17	3863	19315	3863	69090970
-8416	-770	-3213	-6379	705	1601	-88	113	-24	3864	19320	3864	69090971
-8362	-784	-3072	-6263	645	1633	-91	111	-29	3865	19325	3865	69090971
-8326	-851	-3007	-6125	656	1612	-89	119	-25	3866	19330	3866	69090972
-8198	-888	-2997	-6118	720	1550	-88	124	-22	3867	19335	3867	69090972
-8043	-802	-2951	-6335	796	1481	-87	117	-25	3868	19340	3868	69090973
-7923	-715	-2932	-6590	843	1491	-86	114	-26	3869	19345	3869	69090974
-7908	-721	-2820	-6784	841	1505	-92	112	-24	3870	19350	3870	69090974
-7889	-780	-2835	-6965	784	1517	-94	112	-24	3871	19355	3871	69090975
-7839	-844	-2760	-7199	700	1554	-91	117	-21	3872	19360	3872	69090975
-7783	-838	-2720	-7467	624	1551	-90	118	-20	3873	19365	3873	69090996
-7772	-826	-2596	-7691	538	1541	-90	121	-23	3874	19370	3874	69091001
-7750	-835	-2473	-7919	441	1561	-90	122	-24	3875	19375	3875	69091001
-7771	-787	-2493	-8160	319	1590	-95	125	-24	3876	19380	3876	69091002
-7852	-728	-2400	-8466	163	1596	-96	126	-24	3877	19385	3877	69091002
-7914	-784	-2494	-8720	39	1608	-93	117	-21	3878	19390	3878	69091002
-8004	-658	-2406	-9041	-6	1652	-93	117	-21	3879	19395	3879	69091002
-8032	-538	-2100	-9299	-47	1723	-94	110	-22	3880	19400	3880	69091002
-8006	-574	-2036	-9465	-189	1810	-94	110	-22	3881	19405	3881	69091002
-8214	-426	-1936	-9591	-343	1797	-94	110	-22	3882	19410	3882	69091012
-8350	-410	-1978	-9741	-476	1746	-94	110	-22	3883	19415	3883	69091039
-8448	-248	-1718	-9940	-609	1743	-96	116	-28	3884	19420	3884	69091039
-8623	-152	-1550	-10142	-761	1712	-95	116	-28	3885	19425	3885	69091040
-8790	49	-1361	-10266	-910	1738	-93	117	-29	3886	19430	3886	69091040
-8986	265	-1213	-10364	-1050	1703	-94	117	-27	3887	19435	3887	69091041
-9162	497	-1036	-10431	-1159	1651	-96	118	-18	3888	19440	3888	69091041
-9435	624	-940	-10484	-1271	1671	-98	116	-19	3889	19445	3889	69091046
-9657	738	-901	-10570	-1358	1746	-104	110	-22	3890	19450	3890	69091070
-9788	943	-859	-10677	-1427	1737	-104	112	-22	3891	19455	3891	69091077
-9949	1080	-760	-10705	-1494	1691	-105	121	-23	3892	19460	3892	69091077
-10180	1236	-694	-10694	-1602	1716	-104	119	-23	3893	19465	3893	69091077
-10450	1421	-556	-10607	-1715	1698	-100	114	-22	3894	19470	3894	69091077
-10622	1641	-475	-10507	-1784	1666	-100	113	-21	3895	19475	3895	69091078
-10811	1859	-399	-10452	-1861	1517	-101	111	-19	3896	19480	3896	69091078
-11022	1991	-342	-10427	-1945	1440	-104	114	-17	3897	19485	3897	69091090
-11230	2102	-294	-10437	-1989	1389	-108	118	-14	3898	19490	3898	69091113
-11443	2210	-270	-10445	-1970	1296	-108	115	-13	3899	19495	3899	69091119
-11659	2337	-230	-10413	-1907	1120	-107	111	-11	3900	19500	3900	69091119
-11842	2372	-112	-10293	-1842	962	-105	113	-14	3901	19505	3901	69091119
-12039	2362	-14	-10092	-1814	731	-103	115	-17	3902	19510	3902	69091119
-12289	2287	8	-10007	-1777	527	-105	116	-18	3903	19515	3903	69091119
-12497	2275	56	-10120	-1695	372	-107	117	-19	3904	19520	3904	69091123
-12685	2472	161	-10470	-1590	69	-107	115	-16	3905	19525	3905	69091139
-13027	2720	317	-10838	-1525	-367	-108	112	-12	3906	19530	3906	69091152
-13380	2895	525	-11089	-1485	-656	-109	114	-13	3907	19535	3907	69091152
-13592	3162	715	-11281	-1472	-939	-110	116	-14	3908	19540	3908	69091152
-13819	3475	880	-11351	-1499	-1289	-111	115	-15	3909	19545	3909	69091152
-14234	3868	859	-11211	-1521	-1622	-113	113	-17	3910	19550	3910	69091153
-14589	4174	784	-10923	-1472	-1814	-111	112	-19	3911	19555	3911	69091153
-14959	4388	790	-10670	-1372	-2023	-109	111	-21	3912	19560	3912	69091153
-15350	4663	723	-10524	-1232	-2265	-110	113	-20	3913	19565	3913	69091185
-15776	4916	630	-10420	-1066	-2622	-111	115	-19	3914	19570	3914	69091210
-16218	4988	554	-10210	-892	-2870	-112	114	-20	3915	19575	3915	69091213
-16630	4924	441	-9884	-723	-3004	-112	114	-20	3916	19580	3916	69091213
-16919	4846	440	-9503	-572	-3191	-110	112	-14	3917	19585	3917	69091213
-17287	4831	561	-9010	-435	-3615	-108	110	-10	3918	19590	3918	69091215
-17751	4790	617	-8532	-334	-4083	-114	111	-17	3919	19595	3919	69091216
-18071	4732	616	-8131	-228	-4246	-115	111	-19	3920	19600	3920	69091225
-18274	4618	652	-7836	-176	-4386	-112	113	-16	3921	19605	3921	69091227
-18425	4590	524	-7627	-151	-4613	-111	113	-15	3922	19610	3922	69091228
-18627	4569	477	-7435	-89	-4857	-115	119	-14	3923	19615	3923	69091228
-18843	4410	461	-7188	-15	-5031	-116	120	-14	3924	19620	3924	69091228
-18944	4300	596	-6894	26	-5216	-109	114	-13	3925	19625	3925	69091228
-19078	4176	553	-6612	14	-5408	-107	113	-13	3926	19630	3926	69091228
-19344	4048	338	-6356	-71	-5613	-114	118	-14	3927	19635	3927	69091239
-19516	3998	386	-6228	-181	-5800	-114	118	-14	3928	19640	3928	69091266
-19730	4022	258	-6064	-277	-5977	-116	116	-20	3929	19645	3929	69091266
-20166	3890	292	-5904	-359	-6096	-116	116	-20	3930	19650	3930	69091266
-20202	3604	140	-5823	-406	-5917	-116	118	-18	3931	19655	3931	69091266
-20218	3398	116	-5911	-403	-5894	-116	118	-18	3932	19660	3932	69091266
-20460	3216	-86	-6091	-439	-6066	-122	116	-12	3933	19665	3933	69091266
-20650	2936	-236	-6345	-492	-6091	-122	116	-12	3934	19670	3934	69091266
-20777	2580	-169	-6602	-631	-6125	-113	125	-23	3935	19675	3935	69091283
-21006	2461	-147	-6729	-811	-6304	-114	125	-22	3936	19680	3936	69091313
-21298	2400	-184	-6799	-987	-6433	-118	124	-18	3937	19685	3937	69091313
-21584	2336	-280	-6901	-1199	-6485	-117	124	-19	3938	19690	3938	69091313
-21661	2247	-433	-7110	-1466	-6374	-113	123	-23	3939	19695	3939	69091313
-21601	2300	-522	-7371	-1701	-6226	-114	124	-22	3940	19700	3940	69091314
-21546	2444	-517	-7547	-1900	-6170	-116	126	-16	3941	19705	3941	69091314
-21451	2516	-646	-7573	-2082	-6169	-115	126	-16	3942	19710	3942	69091318
-21509	2535	-647	-7507	-2236	-6172	-112	128	-18	3943	19715	3943	69091335
-21710	2492	-858	-7352	-2381	-6180	-114	130	-15	3944	19720	3944	69091341
-22001	2458	-944	-7262	-2552	-6234	-117	133	-11	3945	19725	3945	69091341
-22270	2463	-956	-7235	-2738	-6288	-115	133	-14	3946	19730	3946	69091341
-22433	2513	-1017	-7212	-2896	-6298	-112	132	-18	3947	19735	3947	69091341
-22466	2613	-1070	-7121	-2990	-6263	-115	132	-17	3948	19740	3948	69091342
-22383	2663	-1024	-6891	-3043	-6196	-119	133	-15	3949	19745	3949	69091342
-22211	2680	-939	-6479	-3156	-6110	-116	133	-15	3950	19750	3950	69091361
-22077	2571	-880	-5881	-3363	-6016	-112	132	-14	3951	19755	3951	69091390
-22038	2302	-821	-5295	-3520	-5979	-120	131	-11	3952	19760	3952	69091390
-22058	2015	-758	-4920	-3588	-5960	-125	131	-9	3953	19765	3953	69091390
-22092	1800	-582	-4658	-3633	-5971	-123	131	-11	3954	19770	3954	69091390
-22166	1561	-313	-4400	-3691	-6015	-121	131	-13	3955	19775	3955	69091390
-22239	1355	-129	-4180	-3768	-6062	-117	132	-12	3956	19780	3956	69091390
-22178	1280	-52	-4085	-3848	-6134	-115	133	-11	3957	19785	3957	69091397
-22071	1272	-15	-4071	-3964	-6207	-116	138	-14	3958	19790	3958	69091423
-21903	1346	9	-4054	-4122	-6261	-116	142	-16	3959	19795	3959	69091438
-21798	1532	-71	-3966	-4342	-6353	-118	144	-10	3960	19800	3960	69091438
-21898	1706	-73	-3780	-4538	-6425	-118	144	-8	3961	19805	3961	69091439
-22079	1780	-135	-3405	-4699	-6429	-113	147	-6	3962	19810	3962	69091439
-22363	1700	-229	-2920	-4780	-6415	-112	148	-6	3963	19815	3963	69091439
-22669	1392	-266	-2526	-4770	-6382	-116	149	-8	3964	19820	3964	69091439
-23135	1162	-376	-2237	-4747	-6384	-117	149	-9	3965	19825	3965	69091440
-23479	792	-248	-2050	-4733	-6391	-119	151	-9	3966	19830	3966	69091440
-23841	363	-84	-1848	-4752	-6360	-119	151	-9	3967	19835	3967	69091446
-24274	-152	10	-1577	-4874	-6361	-115	149	-3	3968	19840	3968	69091475
-24504	-354	64	-1446	-5066	-6440	-115	149	-3	3969	19845	3969	69091475
-24550	-432	88	-1462	-5277	-6497	-115	151	-3	3970	19850	3970	69091475
-24572	-496	-66	-1513	-5566	-6584	-115	151	-3	3971	19855	3971	69091476
-24708	-392	50	-1449	-5893	-6733	-114	154	-4	3972	19860	3972	69091476
-24816	-202	58	-1179	-6281	-6943	-114	154	-4	3973	19865	3973	69091476
-25124	-28	180	-726	-6627	-7111	-115	155	-7	3974	19870	3974	69091476
-25400	72	108	-379	-6798	-7227	-115	155	-7	3975	19875	3975	69091557
-25552	210	24	-225	-6843	-7329	-111	155	-5	3976	19880	3976	69091558
-25634	344	306	192	-6942	-7474	-110	155	-6	3977	19885	3977	69091558
-25832	360	353	1060	-7110	-7576	-108	154	-8	3978	19890	3978	69091558
-26110	203	236	2035	-7136	-7558	-108	156	-7	3979	19895	3979	69091558
-26060	-62	242	2673	-6999	-7454	-107	165	-3	3980	19900	3980	69091558
-26000	-347	185	3006	-6808	-7346	-106	165	-2	3981	19905	3981	69091560
-25970	-592	230	3051	-6759	-7275	-103	163	1	3982	19910	3982	69091571
-26055	-929	235	2968	-6901	-7111	-104	163	1	3983	19915	3983	69091585
-26294	-1263	-34	2693	-7152	-6930	-107	163	-1	3984	19920	3984	69091585
-26647	-1311	-221	2223	-7441	-6774	-105	163	-2	3985	19925	3985	69091585
-26919	-1084	-318	2004	-7670	-6649	-102	162	-4	3986	19930	3986	69091585
-27322	-839	-460	2119	-7801	-6507	-103	163	-2	3987	19935	3987	69091586
-27782	-750	-824	2403	-7784	-6303	-105	165	1	3988	19940	3988	69091586
-28227	-920	-1120	2565	-7566	-6056	-103	167	3	3989	19945	3989	69091590
-28456	-1268	-1225	2552	-7250	-5822	-99	171	5	3990	19950	3990	69091610
-28449	-1757	-1135	2463	-6999	-5657	-98	171	7	3991	19955	3991	69091630
-28418	-2296	-1045	2289	-6840	-5563	-96	172	10	3992	19960	3992	69091630
-28427	-2914	-999	1881	-6846	-5469	-94	173	8	3993	19965	3993	69091630
-28452	-3504	-931	1201	-7031	-5331	-92	174	6	3994	19970	3994	69091631
-28540	-3953	-853	382	-7281	-5154	-96	170	3	3995	19975	3995	69091631
-28622	-4249	-813	-519	-7553	-4946	-99	167	1	3996	19980	3996	69091631
-28738	-4370	-810	-1486	-7889	-4676	-94	173	6	3997	19985	3997	69091631
-28790	-4290	-905	-2572	-8176	-4318	-91	177	9	3998	19990	3998	69091632
-28731	-3978	-1103	-3739	-8319	-3869	-92	172	12	3999	19995	3999	69091632
-28792	-3482	-1345	-4800	-8374	-3334	-92	168	14	4000	20000	4000	69091632
-28958	-2940	-1309	-5576	-8377	-2756	-87	170	13	4001	20005	4001	69091633
-28995	-2608	-1096	-5991	-8230	-2154	-83	171	13	4002	20010	4002	69091633
-28534	-2480	-891	-6134	-7909	-1696	-85	170	22	4003	20015	4003	69091643
-27910	-2589	-708	-6545	-7542	-1380	-86	170	24	4004	20020	4004	69091645
-27224	-2763	-376	-7184	-7234	-1104	-90	174	18	4005	20025	4005	69091647
-26540	-3057	-62	-7958	-7024	-868	-91	175	17	4006	20030	4006	69091652
-25799	-3359	160	-8807	-6908	-645	-89	175	20	4007	20035	4007	69091666
-25072	-3669	574	-9801	-6755	-355	-89	175	21	4008	20040	4008	69091669
-24680	-3870	969	-10933	-6713	-80	-89	180	26	4009	20045	4009	69091669
-24324	-4122	1320	-12355	-6974	228	-89	181	27	4010	20050	4010	69091669
-24166	-4092	1558	-13505	-7178	546	-90	178	28	4011	20055	4011	69091669
-24108	-3828	1872	-14557	-7424	794	-90	178	28	4012	20060	4012	69091669
-24020	-3382	2078	-15373	-7642	1040	-86	178	32	4013	20065	4013	69091669
-24082	-2980	2154	-15929	-7860	1251	-86	178	32	4014	20070	4014	69091669
-23980	-2268	2396	-16259	-8015	1465	-90	162	40	4015	20075	4015	69091682
-23846	-1598	2574	-16411	-8079	1723	-90	162	40	4016	20080	4016	69091709
-23798	-862	2794	-16373	-8035	2022	-88	170	34	4017	20085	4017	69091709
-23548	-142	2984	-16261	-7928	2364	-88	170	34	4018	20090	4018	69091710
-23528	714	3168	-16063	-7710	2580	-87	175	39	4019	20095	4019	69091710
-23220	1348	3320	-15611	-7494	2802	-87	175	39	4020	20100	4020	69091710
-23022	1844	3412	-14913	-7140	2904	-88	170	38	4021	20105	4021	69091710
-22984	2282	3594	-14191	-6892	2915	-88	170	38	4022	20110	4022	69091711
-23014	2752	3622	-13356	-6649	2876	-79	169	45	4023	20115	4023	69091733
-22962	3096	3742	-12363	-6304	2823	-79	169	45	4024	20120	4024	69091769
-22684	3508	3586	-11293	-5845	2781	-84	166	44	4025	20125	4025	69091769
-22290	3700	3520	-10123	-5269	2750	-84	166	44	4026	20130	4026	69091770
-21931	3782	3467	-8697	-4744	2660	-78	168	50	4027	20135	4027	69091770
-21862	3659	3376	-7476	-4406	2610	-80	168	51	4028	20140	4028	69091770
-21688	3340	3398	-6231	-4103	2572	-87	167	53	4029	20145	4029	69091771
-21623	2888	3225	-4988	-3787	2556	-86	166	53	4030	20150	4030	69091775
-21641	2315	3203	-3828	-3448	2582	-80	162	52	4031	20155	4031	69091794
-21701	1704	3197	-2785	-3081	2635	-80	161	53	4032	20160	4032	69091802
-21714	1027	3201	-1814	-2730	2702	-81	159	57	4033	20165	4033	69091802
-21684	436	3086	-997	-2431	2775	-80	161	56	4034	20170	4034	69091802
-21813	-236	3013	-416	-2185	2878	-76	166	52	4035	20175	4035	69091802
-21887	-732	2948	-190	-2038	2974	-78	164	57	4036	20180	4036	69091802
-21903	-1160	2922	-171	-1922	3074	-82	162	64	4037	20185	4037	69091802
-21930	-1401	2867	-292	-1817	3174	-84	159	62	4038	20190	4038	69091802
-21868	-1430	2735	-448	-1736	3283	-86	154	60	4039	20195	4039	69091802
-21886	-1435	2707	-628	-1725	3436	-84	157	57	4040	20200	4040	69091802
-22020	-1350	2618	-810	-1819	3597	-81	161	53	4041	20205	4041	69091802
-21971	-1251	2529	-990	-1957	3777	-80	161	54	4042	20210	4042	69091816
-21988	-1084	2611	-1223	-2050	3974	-78	160	56	4043	20215	4043	69091837
-21952	-887	2661	-1446	-2134	4167	-82	159	54	4044	20220	4044	69091839
-21872	-727	2675	-1595	-2227	4336	-84	158	52	4045	20225	4045	69091840
-21803	-604	2706	-1668	-2334	4479	-80	155	54	4046	20230	4046	69091840
-21732	-517	2781	-1671	-2427	4592	-77	153	55	4047	20235	4047	69091840
-21690	-532	2890	-1631	-2482	4669	-80	151	58	4048	20240	4048	69091840
-21704	-622	2925	-1556	-2483	4706	-82	150	60	4049	20245	4049	69091850
-21675	-679	2986	-1494	-2404	4711	-81	149	61	4050	20250	4050	69091867
-21576	-865	3087	-1493	-2243	4712	-80	148	62	4051	20255	4051	69091875
-21416	-1081	3169	-1532	-2027	4711	-86	145	67	4052	20260	4052	69091875
-21330	-1207	3250	-1631	-1818	4723	-88	144	68	4053	20265	4053	69091875
-21219	-1260	3292	-1750	-1611	4758	-86	143	64	4054	20270	4054	69091875
-21053	-1257	3293	-1793	-1382	4825	-85	143	63	4055	20275	4055	69091875
-20900	-1225	3326	-1719	-1171	4883	-79	147	61	4056	20280	4056	69091875
-20790	-1221	3196	-1545	-981	4938	-78	148	60	4057	20285	4057	69091898
-20671	-1169	3072	-1333	-792	4982	-86	145	62	4058	20290	4058	69091910
-20526	-1081	2930	-1136	-598	5036	-88	144	62	4059	20295	4059	69091913
-20468	-1044	2838	-964	-412	5061	-86	144	60	4060	20300	4060	69091913
-20414	-1028	2630	-939	-245	5036	-86	144	60	4061	20305	4061	69091913
-20348	-992	2630	-1014	-65	5007	-83	143	61	4062	20310	4062	69091913
-20220	-874	2568	-1077	126	4961	-83	143	61	4063	20315	4063	69091914
-20146	-882	2650	-1120	332	4954	-86	144	56	4064	20320	4064	69091922
-19922	-812	2608	-1161	545	4921	-86	144	56	4065	20325	4065	69091950
-19812	-692	2758	-1138	748	4887	-84	136	62	4066	20330	4066	69091950
-19592	-602	2622	-1111	900	4857	-84	136	62	4067	20335	4067	69091951
-19506	-524	2698	-1060	1048	4803	-74	142	60	4068	20340	4068	69091951
-19181	-476	2662	-1004	1288	4786	-75	142	62	4069	20345	4069	69091951
-18983	-450	2777	-984	1529	4797	-81	143	71	4070	20350	4070	69091951
-18850	-439	2778	-986	1715	4764	-82	142	69	4071	20355	4071	69091953
-18691	-444	2775	-1009	1856	4725	-85	139	61	4072	20360	4072	69091965
-18563	-346	2836	-1053	2007	4687	-84	139	61	4073	20365	4073	69091988
-18374	-296	2873	-1090	2178	4673	-81	137	63	4074	20370	4074	69091988
-18116	-204	2908	-1089	2355	4646	-81	138	62	4075	20375	4075	69091988
-17849	-100	2945	-1050	2512	4609	-82	140	60	4076	20380	4076	69091988
-17697	-2	3018	-973	2672	4552	-81	140	60	4077	20385	4077	69091989
-17504	79	3101	-839	2848	4542	-80	140	60	4078	20390	4078	69091989
-17269	201	3187	-647	3039	4562	-84	134	60	4079	20395	4079	69092003
-17035	319	3347	-402	3223	4574	-89	125	59	4080	20400	4080	69092025
-16804	484	3390	-95	3402	4577	-86	130	58	4081	20405	4081	69092025
-16575	658	3394	249	3610	4593	-81	137	57	4082	20410	4082	69092025
-16356	779	3397	601	3835	4623	-83	134	60	4083	20415	4083	69092025
-16090	901	3418	921	4069	4639	-86	130	64	4084	20420	4084	69092025
-15833	981	3441	1264	4301	4643	-86	125	62	4085	20425	4085	69092025
-15597	1001	3468	1594	4501	4648	-85	119	59	4086	20430	4086	69092035
-15422	1015	3533	1883	4670	4641	-82	126	57	4087	20435	4087	69092055
-15242	990	3683	2165	4831	4636	-80	130	56	4088	20440	4088	69092063
-14983	947	3750	2421	4986	4630	-87	127	60	4089	20445	4089	69092063
-14718	902	3748	2635	5151	4628	-91	125	63	4090	20450	4090	69092063
-14448	796	3813	2821	5312	4626	-84	126	60	4091	20455	4091	69092063
-14129	733	3880	2978	5458	4620	-80	126	58	4092	20460	4092	69092063
-13775	709	3893	3155	5608	4621	-80	126	57	4093	20465	4093	69092063
-13532	680	3788	3301	5697	4634	-80	126	56	4094	20470	4094	69092073
-13359	695	3738	3443	5753	4640	-84	127	54	4095	20475	4095	69092105
-13185	802	3654	3588	5802	4642	-85	127	53	4096	20480	4096	69092112
-13004	890	3655	3730	5839	4656	-84	129	52	4097	20485	4097	69092114
-12909	980	3594	3851	5848	4681	-84	130	52	4098	20490	4098	69092116
-12761	1043	3602	3970	5867	4694	-88	129	58	4099	20495	4099	69092116
-12672	1177	3499	4096	5896	4695	-89	129	59	4100	20500	4100	69092117
-12546	1288	3442	4242	5952	4684	-87	127	50	4101	20505	4101	69092117
-12396	1312	3426	4482	6046	4658	-86	126	48	4102	20510	4102	69092124
-12288	1504	3410	4770	6178	4624	-85	127	51	4103	20515	4103	69092142
-12136	1524	3280	5117	6318	4592	-85	127	51	4104	20520	4104	69092143
-11818	1468	3180	5510	6468	4542	-87	117	47	4105	20525	4105	69092143
-11670	1594	3166	5898	6605	4514	-87	117	47	4106	20530	4106	69092143
-11420	1538	3110	6295	6725	4488	-89	123	51	4107	20535	4107	69092143
-11204	1378	3042	6714	6834	4476	-89	123	51	4108	20540	4108	69092143
-10930	1490	2862	7091	6957	4407	-94	124	46	4109	20545	4109	69092143
-10659	1507	2780	7531	7104	4331	-93	124	46	4110	20550	4110	69092164
-10488	1503	2662	7892	7237	4270	-90	126	48	4111	20555	4111	69092175
-10262	1474	2580	8258	7330	4187	-90	126	47	4112	20560	4112	69092175
-10076	1317	2458	8622	7416	4087	-89	127	43	4113	20565	4113	69092176
-9994	1199	2394	8997	7468	3986	-89	127	43	4114	20570	4114	69092176
-9878	1186	2295	9399	7506	3889	-90	128	44	4115	20575	4115	69092176
-9690	1163	2132	9845	7572	3769	-89	126	44	4116	20580	4116	69092176
-9625	1102	1983	10308	7683	3638	-86	118	44	4117	20585	4117	69092182
-9500	1039	1745	10838	7845	3497	-87	119	43	4118	20590	4118	69092205
-9306	972	1634	11436	8017	3362	-89	123	41	4119	20595	4119	69092212
-9133	976	1483	11948	8138	3254	-89	124	40	4120	20600	4120	69092212
-8958	974	1346	12439	8233	3147	-90	126	38	4121	20605	4121	69092212
-8868	937	1204	12917	8322	3047	-90	124	35	4122	20610	4122	69092212
-8731	803	1082	13374	8416	2941	-90	120	30	4123	20615	4123	69092216
-8611	731	1009	13805	8500	2814	-89	120	30	4124	20620	4124	69092233
-8497	662	857	14197	8577	2668	-88	120	30	4125	20625	4125	69092250
-8405	522	785	14573	8661	2489	-92	118	33	4126	20630	4126	69092250
-8261	402	700	14920	8737	2308	-96	116	36	4127	20635	4127	69092250
-8248	337	633	15225	8811	2146	-91	124	33	4128	20640	4128	69092250
-8241	338	538	15520	8887	1978	-87	129	31	4129	20645	4129	69092250
-8228	253	436	15820	8958	1811	-91	128	27	4130	20650	4130	69092255
-8231	170	334	16118	9030	1678	-94	128	24	4131	20655	4131	69092273
-8231	126	254	16425	9104	1547	-94	126	21	4132	20660	4132	69092287
-8218	19	171	16742	9183	1376	-95	123	17	4133	20665	4133	69092288
-8194	-137	45	17054	9258	1185	-91	123	21	4134	20670	4134	69092288
-8195	-272	63	17393	9318	979	-86	124	26	4135	20675	4135	69092288
-8196	-418	0	17699	9346	775	-91	126	21	4136	20680	4136	69092288
-8125	-627	-82	17949	9337	572	-95	127	17	4137	20685	4137	69092288
-8041	-788	-130	18150	9300	347	-90	127	15	4138	20690	4138	69092288
-7982	-922	-254	18309	9241	100	-87	127	13	4139	20695	4139	69092311
-7936	-1086	-398	18431	9152	-158	-91	130	11	4140	20700	4140	69092328
-7908	-1189	-512	18523	9016	-397	-94	132	10	4141	20705	4141	69092328
-7905	-1230	-641	18593	8831	-612	-93	127	8	4142	20710	4142	69092329
-8004	-1197	-832	18673	8603	-832	-93	123	7	4143	20715	4143	69092329
-8207	-1193	-1022	18776	8394	-1015	-89	127	6	4144	20720	4144	69092329
-8322	-1172	-1114	18934	8204	-1159	-88	128	6	4145	20725	4145	69092329
-8518	-1099	-1192	19162	8049	-1303	-86	128	1	4146	20730	4146	69092333
-8748	-1082	-1216	19467	7918	-1451	-86	128	0	4147	20735	4147	69092359
-8951	-1200	-1194	19825	7808	-1613	-88	129	-2	4148	20740	4148	69092365
-9139	-1390	-1193	20185	7710	-1794	-89	129	-3	4149	20745	4149	69092366
-9392	-1665	-1250	20515	7617	-2010	-87	123	-9	4150	20750	4150	69092366
-9574	-2023	-1294	20808	7512	-2281	-86	122	-10	4151	20755	4151	69092366
-9812	-2476	-1246	21086	7387	-2624	-84	118	-10	4152	20760	4152	69092366
-9994	-2740	-1276	21209	7267	-2947	-84	118	-10	4153	20765	4153	69092367
-10226	-3052	-1344	21241	7094	-3268	-90	122	-14	4154	20770	4154	69092383
-10390	-3326	-1396	21185	6871	-3586	-90	122	-14	4155	20775	4155	69092402
-10588	-3494	-1536	21061	6626	-3897	-82	126	-10	4156	20780	4156	69092403
-10804	-3610	-1776	20946	6420	-4206	-82	126	-10	4157	20785	4157	69092403
-11022	-3720	-1958	20857	6240	-4483	-84	128	-20	4158	20790	4158	69092403
-11368	-3854	-1972	20835	6093	-4749	-84	128	-20	4159	20795	4159	69092403
-11595	-3954	-2095	20852	5926	-5050	-79	125	-17	4160	20800	4160	69092403
-11854	-4027	-2182	20860	5751	-5252	-80	124	-17	4161	20805	4161	69092408
-11999	-4049	-2218	20864	5549	-5426	-84	122	-18	4162	20810	4162	69092432
-12113	-4132	-2211	20866	5336	-5562	-82	123	-19	4163	20815	4163	69092443
-12208	-4170	-2247	20844	5108	-5680	-76	126	-24	4164	20820	4164	69092444
-12270	-4224	-2398	20816	4860	-5787	-77	126	-25	4165	20825	4165	69092444
-12329	-4327	-2364	20789	4597	-5885	-80	124	-30	4166	20830	4166	69092445
-12392	-4422	-2473	20813	4296	-5970	-79	124	-29	4167	20835	4167	69092445
-12484	-4499	-2614	20820	3908	-6056	-73	123	-25	4168	20840	4168	69092446
-12538	-4559	-2723	20784	3422	-6093	-71	125	-26	4169	20845	4169	69092467
-12630	-4516	-2876	20746	2981	-6095	-67	129	-27	4170	20850	4170	69092499
-12767	-4489	-3108	20710	2537	-6080	-63	127	-27	4171	20855	4171	69092499
-12924	-4466	-3273	20669	2089	-6037	-58	124	-26	4172	20860	4172	69092499
-13092	-4525	-3395	20622	1639	-5969	-60	124	-28	4173	20865	4173	69092500
-13254	-4578	-3554	20547	1195	-5885	-62	124	-30	4174	20870	4174	69092500
-13418	-4641	-3708	20444	755	-5789	-60	125	-31	4175	20875	4175	69092500
-13627	-4664	-3883	20344	301	-5664	-58	126	-32	4176	20880	4176	69092500
-13816	-4698	-4043	20237	-118	-5513	-60	130	-32	4177	20885	4177	69092516
-13995	-4739	-4150	20112	-478	-5354	-62	132	-32	4178	20890	4178	69092532
-14236	-4750	-4348	19992	-841	-5190	-59	131	-34	4179	20895	4179	69092536
-14469	-4841	-4537	19857	-1212	-5010	-57	131	-35	4180	20900	4180	69092536
-14727	-4873	-4656	19691	-1578	-4820	-50	133	-36	4181	20905	4181	69092536
-14958	-4885	-4784	19528	-1923	-4626	-46	134	-36	4182	20910	4182	69092536
-15194	-4978	-4926	19381	-2240	-4440	-51	127	-35	4183	20915	4183	69092536
-15415	-5110	-5100	19210	-2534	-4230	-55	123	-35	4184	20920	4184	69092536
-15642	-5312	-5246	18919	-2849	-3998	-51	125	-31	4185	20925	4185	69092536
-15838	-5522	-5286	18541	-3111	-3832	-49	125	-29	4186	20930	4186	69092536
-15983	-5712	-5404	18087	-3326	-3640	-47	129	-33	4187	20935	4187	69092536
-16074	-5958	-5502	17538	-3515	-3449	-46	130	-34	4188	20940	4188	69092536
-16151	-6088	-5485	16891	-3676	-3292	-44	131	-35	4189	20945	4189	69092564
-16276	-6228	-5543	16140	-3831	-3192	-43	131	-35	4190	20950	4190	69092572
-16472	-6340	-5526	15320	-3968	-3110	-43	136	-33	4191	20955	4191	69092572
-16591	-6411	-5550	14458	-4077	-3028	-43	137	-33	4192	20960	4192	69092573
-16644	-6468	-5488	13374	-4193	-2883	-41	127	-33	4193	20965	4193	69092573
-16750	-6426	-5338	12424	-4282	-2750	-41	127	-33	4194	20970	4194	69092573
-16698	-6488	-5352	11457	-4414	-2614	-40	132	-34	4195	20975	4195	69092573
-16704	-6390	-5332	10442	-4556	-2471	-40	132	-34	4196	20980	4196	69092583
-16698	-6330	-5282	9400	-4723	-2285	-44	138	-34	4197	20985	4197	69092610
-16664	-6178	-5322	8347	-4890	-2050	-44	138	-34	4198	20990	4198	69092610
-16752	-5924	-5326	7400	-5045	-1768	-47	125	-27	4199	20995	4199	69092610
-16688	-5660	-5384	6543	-5203	-1467	-47	125	-27	4200	21000	4200	69092610
-16798	-5388	-5266	5798	-5367	-1164	-37	129	-31	4201	21005	4201	69092610
-16868	-5007	-5238	4913	-5579	-718	-37	131	-31	4202	21010	4202	69092610
-16918	-4800	-5169	4405	-5689	-373	-36	134	-32	4203	21015	4203	69092622
-16912	-4629	-5058	4021	-5759	-26	-38	136	-30	4204	21020	4204	69092644
