-10682	-4419	-5421	-2623	1972	3284	-118	165	-113	16462	82310	16462	69153935
-10558	-4396	-5235	-2594	1868	3203	-118	162	-110	16463	82315	16463	69153935
-10384	-4428	-5065	-2580	1766	3124	-120	161	-110	16464	82320	16464	69153939
-10247	-4469	-4990	-2602	1658	3036	-122	160	-110	16465	82325	16465	69153960
-10083	-4474	-4974	-2684	1554	2936	-123	161	-111	16466	82330	16466	69153972
-9913	-4446	-4909	-2810	1450	2848	-124	162	-112	16467	82335	16467	69153972
-9709	-4468	-4812	-2954	1341	2786	-126	155	-114	16468	82340	16468	69153973
-9481	-4474	-4708	-3091	1246	2726	-127	151	-115	16469	82345	16469	69153973
-9264	-4494	-4743	-3260	1166	2635	-122	153	-115	16470	82350	16470	69153973
-8998	-4490	-4891	-3487	1098	2518	-119	155	-115	16471	82355	16471	69153973
-8757	-4434	-5002	-3738	1033	2389	-120	154	-118	16472	82360	16472	69153999
-8540	-4382	-4916	-3985	977	2268	-120	154	-120	16473	82365	16473	69154017
-8331	-4279	-4795	-4172	917	2153	-125	156	-116	16474	82370	16474	69154017
-8086	-4130	-4683	-4296	866	2040	-128	158	-114	16475	82375	16475	69154017
-7838	-3930	-4490	-4358	819	1934	-125	157	-110	16476	82380	16476	69154017
-7550	-3770	-4307	-4344	759	1841	-123	157	-107	16477	82385	16477	69154017
-7262	-3764	-4150	-4265	692	1731	-123	158	-108	16478	82390	16478	69154017
-6940	-3730	-3911	-4151	627	1569	-123	159	-109	16479	82395	16479	69154017
-6654	-3752	-3697	-4056	565	1425	-127	158	-111	16480	82400	16480	69154042
-6344	-3698	-3517	-4030	484	1284	-128	158	-112	16481	82405	16481	69154048
-6130	-3671	-3228	-4054	405	1138	-127	156	-116	16482	82410	16482	69154048
-5906	-3601	-2938	-4057	321	1012	-127	155	-117	16483	82415	16483	69154048
-5666	-3445	-2621	-4058	210	888	-126	159	-111	16484	82420	16484	69154048
-5474	-3324	-2310	-4084	82	781	-126	160	-110	16485	82425	16485	69154048
-5225	-3272	-2110	-4091	-41	679	-131	157	-110	16486	82430	16486	69154048
-4932	-3174	-1988	-4115	-192	530	-132	156	-110	16487	82435	16487	69154056
-4888	-3116	-1906	-4167	-333	384	-129	153	-117	16488	82440	16488	69154077
-4800	-3114	-1688	-4288	-449	275	-129	153	-117	16489	82445	16489	69154077
-4774	-3204	-1598	-4457	-546	160	-131	157	-117	16490	82450	16490	69154077
-4658	-3178	-1512	-4607	-664	35	-131	157	-117	16491	82455	16491	69154078
-4640	-3156	-1326	-4719	-818	-61	-132	158	-114	16492	82460	16492	69154078
-4660	-3006	-1176	-4797	-950	-94	-132	158	-114	16493	82465	16493	69154078
-4618	-2939	-1098	-4907	-1083	-170	-136	156	-112	16494	82470	16494	69154078
-4680	-2880	-996	-5001	-1204	-260	-137	155	-111	16495	82475	16495	69154085
-4700	-2882	-932	-5126	-1355	-339	-140	154	-106	16496	82480	16496	69154117
-4856	-3038	-940	-5248	-1462	-406	-140	154	-106	16497	82485	16497	69154117
-4996	-3080	-994	-5344	-1554	-453	-141	145	-107	16498	82490	16498	69154117
-5178	-3348	-1042	-5427	-1694	-499	-141	145	-107	16499	82495	16499	69154118
-5498	-3642	-1048	-5592	-1817	-559	-143	151	-107	16500	82500	16500	69154118
-5786	-3908	-1082	-5845	-1913	-636	-143	151	-107	16501	82505	16501	69154118
-6036	-4102	-956	-6223	-2004	-728	-142	150	-108	16502	82510	16502	69154127
-6408	-4148	-1062	-6630	-2100	-797	-142	150	-108	16503	82515	16503	69154154
-6640	-4188	-854	-7031	-2232	-842	-144	146	-112	16504	82520	16504	69154154
-6861	-4172	-798	-7362	-2336	-895	-143	146	-112	16505	82525	16505	69154155
-7134	-4266	-642	-7715	-2443	-952	-141	147	-111	16506	82530	16506	69154157
-7457	-4405	-468	-8056	-2549	-1018	-142	147	-111	16507	82535	16507	69154168
-7711	-4521	-328	-8375	-2661	-1128	-144	146	-112	16508	82540	16508	69154184
-7987	-4566	-196	-8612	-2744	-1211	-145	148	-111	16509	82545	16509	69154184
-8224	-4441	-99	-8768	-2848	-1262	-147	155	-109	16510	82550	16510	69154185
-8474	-4291	-156	-8875	-2942	-1272	-148	153	-108	16511	82555	16511	69154185
-8776	-4078	-283	-8935	-3038	-1259	-150	146	-104	16512	82560	16512	69154185
-9070	-3926	-373	-8851	-3104	-1255	-152	145	-105	16513	82565	16513	69154185
-9231	-3809	-318	-8678	-3171	-1265	-154	144	-106	16514	82570	16514	69154187
-9407	-3680	-288	-8474	-3247	-1299	-155	143	-105	16515	82575	16515	69154206
-9569	-3768	-240	-8200	-3335	-1364	-160	138	-102	16516	82580	16516	69154264
-9705	-3977	-330	-7884	-3422	-1466	-159	138	-103	16517	82585	16517	69154266
-9919	-4196	-356	-7637	-3477	-1592	-156	138	-108	16518	82590	16518	69154266
-10110	-4493	-400	-7469	-3529	-1736	-158	140	-107	16519	82595	16519	69154266
-10288	-4776	-449	-7386	-3600	-1916	-164	150	-104	16520	82600	16520	69154267
-10610	-5164	-559	-7382	-3657	-2127	-162	147	-104	16521	82605	16521	69154267
-10862	-5487	-626	-7453	-3685	-2314	-159	143	-105	16522	82610	16522	69154283
-11124	-5736	-781	-7562	-3740	-2524	-161	145	-103	16523	82615	16523	69154307
-11415	-5936	-884	-7750	-3819	-2740	-165	149	-101	16524	82620	16524	69154307
-11628	-6133	-900	-8054	-3902	-2940	-168	148	-103	16525	82625	16525	69154307
-11848	-6391	-1000	-8468	-3995	-3146	-173	147	-105	16526	82630	16526	69154307
-12179	-6512	-1136	-8932	-4094	-3389	-173	146	-105	16527	82635	16527	69154307
-12533	-6515	-1228	-9401	-4199	-3635	-174	144	-106	16528	82640	16528	69154307
-12937	-6426	-1407	-9889	-4295	-3875	-173	146	-106	16529	82645	16529	69154323
-13299	-6331	-1651	-10326	-4374	-4113	-172	148	-106	16530	82650	16530	69154352
-13592	-6221	-1774	-10618	-4449	-4358	-176	146	-105	16531	82655	16531	69154363
-13910	-6090	-1880	-10816	-4548	-4651	-179	145	-105	16532	82660	16532	69154364
-14259	-6000	-1952	-10944	-4639	-4974	-178	144	-103	16533	82665	16533	69154364
-14608	-5950	-2001	-11015	-4725	-5307	-178	144	-102	16534	82670	16534	69154364
-15002	-5906	-1976	-11054	-4777	-5631	-180	149	-103	16535	82675	16535	69154365
-15322	-5866	-1952	-11111	-4787	-5929	-182	152	-104	16536	82680	16536	69154366
-15703	-5837	-2013	-11206	-4776	-6267	-185	149	-104	16537	82685	16537	69154366
-16106	-5754	-2183	-11221	-4764	-6623	-187	145	-103	16538	82690	16538	69154366
-16468	-5680	-2224	-11211	-4710	-6925	-194	147	-102	16539	82695	16539	69154367
-16874	-5670	-2262	-11247	-4628	-7218	-198	148	-102	16540	82700	16540	69154367
-17185	-5876	-2418	-11282	-4589	-7546	-194	150	-103	16541	82705	16541	69154367
-17594	-6075	-2632	-11326	-4587	-7958	-192	152	-104	16542	82710	16542	69154367
-18024	-6137	-2863	-11407	-4613	-8375	-194	154	-104	16543	82715	16543	69154367
-18442	-6050	-3302	-11607	-4597	-8681	-196	156	-104	16544	82720	16544	69154367
-18866	-5818	-3701	-11843	-4508	-8910	-198	159	-100	16545	82725	16545	69154368
-19393	-5546	-4032	-11878	-4408	-9199	-199	161	-97	16546	82730	16546	69154374
-19877	-5358	-4245	-11619	-4282	-9559	-205	169	-100	16547	82735	16547	69154391
-20288	-5385	-4082	-11284	-4187	-9939	-207	171	-101	16548	82740	16548	69154396
-20754	-5680	-3832	-10970	-4127	-10311	-209	165	-98	16549	82745	16549	69154396
-21119	-6294	-3558	-10839	-4051	-10663	-209	163	-97	16550	82750	16550	69154396
-21496	-6753	-3102	-11011	-3997	-11034	-211	169	-99	16551	82755	16551	69154396
-21723	-7130	-2834	-11308	-4030	-11342	-211	171	-99	16552	82760	16552	69154396
-22115	-7268	-2728	-11580	-4147	-11570	-215	172	-101	16553	82765	16553	69154396
-22538	-6906	-2760	-11778	-4201	-11806	-216	172	-102	16554	82770	16554	69154405
-22836	-6412	-2758	-11708	-4264	-11896	-214	180	-96	16555	82775	16555	69154433
-23028	-5824	-2726	-11406	-4294	-11958	-214	180	-96	16556	82780	16556	69154433
-23158	-5301	-2878	-10901	-4271	-12051	-222	188	-97	16557	82785	16557	69154434
-23466	-4838	-3108	-10162	-4228	-12162	-223	189	-97	16558	82790	16558	69154434
-23634	-4406	-3192	-9302	-4185	-12292	-218	197	-102	16559	82795	16559	69154434
-23831	-4027	-3299	-8313	-4109	-12389	-217	199	-103	16560	82800	16560	69154434
-24016	-3746	-3551	-7205	-4022	-12458	-219	198	-102	16561	82805	16561	69154434
-24100	-3852	-3954	-5872	-3867	-12558	-220	198	-102	16562	82810	16562	69154434
-24400	-3994	-4046	-5016	-3722	-12724	-215	203	-103	16563	82815	16563	69154434
-24606	-4368	-3942	-4389	-3614	-12853	-215	203	-103	16564	82820	16564	69154434
-24652	-4598	-3990	-4004	-3582	-12956	-217	213	-103	16565	82825	16565	69154460
-24540	-4574	-4264	-3718	-3564	-13037	-217	213	-103	16566	82830	16566	69154472
-24502	-4590	-4316	-3596	-3603	-13084	-216	220	-106	16567	82835	16567	69154472
-24636	-4670	-4500	-3563	-3671	-13145	-216	220	-106	16568	82840	16568	69154472
-24814	-4708	-4602	-3705	-3697	-13190	-208	222	-106	16569	82845	16569	69154472
-24866	-5006	-4806	-3961	-3709	-13231	-208	222	-106	16570	82850	16570	69154472
-24957	-5266	-5032	-4305	-3756	-13281	-214	226	-104	16571	82855	16571	69154474
-25052	-5295	-4996	-4591	-3761	-13268	-212	228	-104	16572	82860	16572	69154486
-25052	-5055	-4993	-4846	-3729	-13201	-204	238	-106	16573	82865	16573	69154508
-24982	-4693	-5175	-4915	-3721	-13080	-204	238	-106	16574	82870	16574	69154508
-24993	-4411	-5226	-4856	-3719	-12946	-205	239	-105	16575	82875	16575	69154508
-25046	-4108	-5412	-4655	-3706	-12820	-203	241	-105	16576	82880	16576	69154508
-25152	-3802	-5572	-4308	-3681	-12696	-195	251	-107	16577	82885	16577	69154508
-25275	-3458	-5866	-3704	-3629	-12542	-194	251	-107	16578	82890	16578	69154508
-25268	-3345	-6210	-2960	-3548	-12385	-191	249	-109	16579	82895	16579	69154516
-25320	-3651	-6306	-2276	-3484	-12332	-191	252	-109	16580	82900	16580	69154546
-25353	-4312	-6333	-1743	-3442	-12381	-189	263	-109	16581	82905	16581	69154546
-25422	-5110	-6375	-1365	-3356	-12447	-186	264	-108	16582	82910	16582	69154548
-25458	-5834	-6255	-1256	-3289	-12456	-174	268	-106	16583	82915	16583	69154549
-25446	-6250	-6172	-1337	-3311	-12406	-174	268	-107	16584	82920	16584	69154549
-25472	-6229	-6208	-1479	-3360	-12294	-175	267	-109	16585	82925	16585	69154550
-25507	-5944	-6347	-1732	-3408	-12140	-172	268	-110	16586	82930	16586	69154551
-25558	-5802	-6340	-1956	-3443	-11976	-162	270	-112	16587	82935	16587	69154562
-25770	-6184	-6350	-2219	-3439	-11890	-161	271	-110	16588	82940	16588	69154583
-26017	-6634	-6314	-2554	-3427	-11862	-160	272	-108	16589	82945	16589	69154583
-26277	-6798	-6230	-2843	-3422	-11779	-156	272	-110	16590	82950	16590	69154583
-26495	-6415	-6157	-2938	-3392	-11531	-150	272	-112	16591	82955	16591	69154583
-26631	-5557	-6144	-2671	-3344	-11159	-144	274	-110	16592	82960	16592	69154583
-26757	-4576	-6075	-1972	-3288	-10766	-136	276	-106	16593	82965	16593	69154583
-26813	-3795	-5889	-900	-3229	-10454	-134	275	-107	16594	82970	16594	69154598
-26792	-3387	-5829	614	-3166	-10236	-130	274	-108	16595	82975	16595	69154621
-26753	-3401	-5847	2080	-3109	-10076	-130	275	-103	16596	82980	16596	69154621
-26751	-3602	-5655	3146	-3093	-9916	-130	276	-100	16597	82985	16597	69154621
-26876	-4052	-5522	4242	-3100	-9769	-124	275	-104	16598	82990	16598	69154621
-26935	-4788	-5519	5326	-3157	-9671	-120	274	-106	16599	82995	16599	69154621
-26921	-5548	-5420	5998	-3266	-9623	-117	273	-102	16600	83000	16600	69154621
-26966	-6266	-5224	6330	-3411	-9552	-114	272	-98	16601	83005	16601	69154621
-27071	-6882	-5130	6420	-3575	-9390	-113	272	-99	16602	83010	16602	69154636
-27136	-7206	-5208	6360	-3748	-9186	-111	273	-101	16603	83015	16603	69154658
-27099	-7523	-5240	6124	-4003	-9017	-111	271	-101	16604	83020	16604	69154659
-26987	-8221	-5194	5581	-4315	-9015	-111	269	-101	16605	83025	16605	69154659
-26932	-9016	-5058	4794	-4628	-9086	-105	268	-100	16606	83030	16606	69154659
-26985	-9549	-4988	3871	-4965	-9072	-101	267	-99	16607	83035	16607	69154659
-27072	-9594	-4673	2996	-5322	-8923	-101	269	-101	16608	83040	16608	69154659
-27290	-8517	-4270	2331	-5813	-8686	-101	271	-103	16609	83045	16609	69154659
-27513	-6816	-4868	1970	-6180	-8154	-99	270	-99	16610	83050	16610	69154675
-27113	-8453	-4903	1378	-6389	-7750	-97	269	-97	16611	83055	16611	69154693
-27100	-11209	-4589	592	-6991	-8561	-99	272	-96	16612	83060	16612	69154698
-27003	-12159	-3678	-911	-7785	-8830	-99	273	-95	16613	83065	16613	69154698
-26829	-12298	-2966	-2981	-8407	-8501	-97	271	-92	16614	83070	16614	69154698
-27219	-10911	-3378	-4717	-8938	-8258	-97	271	-91	16615	83075	16615	69154698
-27796	-8798	-4366	-6039	-9312	-7955	-95	273	-92	16616	83080	16616	69154698
-28117	-6606	-4778	-7098	-9377	-7644	-94	274	-92	16617	83085	16617	69154724
-28051	-4397	-4809	-7499	-9486	-7477	-96	278	-90	16618	83090	16618	69154761
-28254	-3517	-6682	-6599	-9300	-7631	-97	279	-89	16619	83095	16619	69154768
-28858	-3424	-7224	-5593	-9093	-7586	-90	281	-87	16620	83100	16620	69154769
-28524	-4679	-6581	-4533	-8950	-7348	-88	282	-86	16621	83105	16621	69154769
-28089	-6432	-5454	-4017	-8931	-7792	-89	283	-87	16622	83110	16622	69154769
-27653	-7262	-4096	-3930	-9097	-8432	-89	283	-87	16623	83115	16623	69154769
-27334	-7279	-3131	-4002	-9266	-8740	-84	286	-87	16624	83120	16624	69154770
-27023	-7384	-2322	-4317	-9470	-8804	-83	287	-87	16625	83125	16625	69154801
-26907	-7882	-1690	-4713	-9799	-8985	-81	290	-89	16626	83130	16626	69154810
-26937	-8644	-1086	-5181	-10149	-9363	-81	291	-89	16627	83135	16627	69154810
-26975	-9371	-809	-5677	-10461	-9760	-79	289	-82	16628	83140	16628	69154811
-26936	-10036	-546	-6352	-10836	-10099	-78	288	-80	16629	83145	16629	69154811
-27022	-10368	-146	-7111	-11188	-10286	-66	290	-76	16630	83150	16630	69154811
-27164	-10128	538	-7910	-11425	-10526	-66	290	-76	16631	83155	16631	69154811
-27206	-9112	340	-8239	-11490	-10781	-62	294	-72	16632	83160	16632	69154812
-27148	-7992	-908	-8232	-11509	-10839	-62	294	-72	16633	83165	16633	69154813
-26778	-7504	282	-9267	-11826	-10742	-52	292	-64	16634	83170	16634	69154813
-27140	-6424	980	-10463	-12471	-10881	-52	292	-64	16635	83175	16635	69154813
-27566	-4042	318	-10243	-12820	-10602	-52	296	-62	16636	83180	16636	69154814
-26904	-1990	-726	-9928	-13242	-9461	-52	296	-62	16637	83185	16637	69154814
-26079	-1968	-376	-10810	-14016	-8814	-43	299	-51	16638	83190	16638	69154818
-25907	-4611	-1194	-12631	-14430	-9146	-43	298	-52	16639	83195	16639	69154818
-25337	-9364	-2875	-16490	-14623	-9706	-42	292	-54	16640	83200	16640	69154820
-23980	-14248	-4818	-22236	-14734	-9995	-42	293	-52	16641	83205	16641	69154833
-22296	-16393	-5829	-28996	-14701	-9855	-40	298	-42	16642	83210	16642	69154855
-21238	-15010	-6796	-32768	-14488	-9416	-40	298	-42	16643	83215	16643	69154855
-20730	-8672	-8372	-32768	-13997	-7804	-28	292	-46	16644	83220	16644	69154856
-21116	-640	-9222	-32768	-13270	-5247	-28	292	-46	16645	83225	16645	69154856
-21274	7778	-8336	-32768	-11797	-2507	-27	293	-39	16646	83230	16646	69154856
-20725	12585	-6634	-32768	-10436	-1068	-27	293	-39	16647	83235	16647	69154856
-19703	15283	-4692	-32244	-9222	-510	-27	295	-41	16648	83240	16648	69154862
-18901	15650	-3393	-28710	-8260	-468	-28	294	-40	16649	83245	16649	69154885
-18200	13770	-2582	-21612	-7423	-478	-33	289	-37	16650	83250	16650	69154893
-17882	10211	-2522	-15109	-6615	-357	-33	289	-37	16651	83255	16651	69154893
-17819	5820	-3083	-9608	-5871	-102	-31	287	-39	16652	83260	16652	69154893
-17971	1555	-3884	-5279	-5264	190	-31	287	-37	16653	83265	16653	69154893
-18103	-1439	-4409	-1957	-4778	609	-30	288	-32	16654	83270	16654	69154893
-17790	-2380	-4522	289	-4456	1175	-28	288	-31	16655	83275	16655	69154893
-16943	-2268	-4520	2215	-4249	1847	-25	287	-29	16656	83280	16656	69154893
-15981	-1787	-4402	3919	-4086	2440	-23	287	-30	16657	83285	16657	69154904
-15188	-1446	-4334	5423	-3927	2881	-20	286	-32	16658	83290	16658	69154928
-14551	-1432	-4278	6763	-3793	3191	-23	284	-30	16659	83295	16659	69154949
-14123	-1777	-4260	7890	-3670	3299	-28	282	-28	16660	83300	16660	69154965
-13770	-2227	-3909	8704	-3624	3205	-30	283	-27	16661	83305	16661	69154965
-13354	-2491	-3177	8831	-3722	2964	-34	284	-26	16662	83310	16662	69154966
-12783	-2533	-3033	8171	-3756	2697	-30	286	-25	16663	83315	16663	69154966
-12375	-2276	-3434	7634	-3856	2727	-27	287	-25	16664	83320	16664	69154967
-12041	-1706	-4046	7246	-3987	2996	-28	285	-22	16665	83325	16665	69154969
-11645	-861	-4520	6874	-4077	3315	-30	282	-18	16666	83330	16666	69154970
-11393	-62	-4802	6219	-4132	3338	-31	282	-19	16667	83335	16667	69154970
-11413	362	-4824	5266	-4023	3058	-33	281	-21	16668	83340	16668	69154971
-11439	196	-4574	4500	-3869	2761	-34	279	-23	16669	83345	16669	69154971
-11296	-180	-3993	3892	-3822	2607	-35	277	-25	16670	83350	16670	69154971
-10912	-474	-3251	3395	-3792	2630	-32	278	-20	16671	83355	16671	69154975
-10394	-902	-2572	3019	-3676	2646	-30	278	-16	16672	83360	16672	69154996
-10025	-1648	-1837	2785	-3529	2519	-30	276	-20	16673	83365	16673	69155008
-9764	-2690	-1180	2781	-3401	2300	-30	274	-22	16674	83370	16674	69155009
-9553	-3824	-548	2891	-3308	2097	-32	273	-23	16675	83375	16675	69155009
-9406	-4816	-104	3029	-3270	1893	-33	273	-23	16676	83380	16676	69155009
-9256	-5598	92	3250	-3321	1722	-37	273	-19	16677	83385	16677	69155009
-9158	-6160	100	3538	-3468	1680	-39	273	-17	16678	83390	16678	69155010
-9231	-6561	160	3793	-3693	1750	-41	277	-18	16679	83395	16679	69155015
-9396	-6749	240	3920	-3915	1841	-42	278	-18	16680	83400	16680	69155040
-9598	-6780	-38	4042	-4075	1925	-42	275	-15	16681	83405	16681	69155046
-9877	-6721	-300	4063	-4220	2019	-42	274	-14	16682	83410	16682	69155046
-10211	-6671	-329	3969	-4362	2136	-40	272	-12	16683	83415	16683	69155047
-10456	-6780	-586	3754	-4468	2231	-39	271	-11	16684	83420	16684	69155047
-10687	-6763	-805	3539	-4517	2249	-40	272	-10	16685	83425	16685	69155047
-10911	-6607	-984	3361	-4593	2246	-40	272	-10	16686	83430	16686	69155047
-11169	-6163	-1022	3205	-4681	2279	-36	273	-12	16687	83435	16687	69155052
-11236	-5370	-970	3052	-4692	2395	-35	273	-13	16688	83440	16688	69155077
-11323	-4474	-906	2903	-4689	2533	-41	268	-11	16689	83445	16689	69155083
-11416	-3610	-892	2880	-4624	2805	-43	267	-11	16690	83450	16690	69155083
-11373	-2981	-844	3068	-4474	3185	-43	267	-8	16691	83455	16691	69155083
-11158	-2802	-795	3451	-4324	3504	-43	267	-7	16692	83460	16692	69155083
-10882	-3020	-687	3905	-4238	3626	-47	269	-6	16693	83465	16693	69155083
-10765	-3518	-588	4312	-4214	3566	-48	270	-6	16694	83470	16694	69155083
-10689	-4460	-508	4711	-4254	3458	-46	269	-5	16695	83475	16695	69155118
-10652	-5758	-400	4980	-4283	3332	-45	269	-5	16696	83480	16696	69155127
-10570	-6736	-332	4925	-4335	3276	-47	273	-13	16697	83485	16697	69155127
-10434	-7678	-894	4595	-4438	3338	-47	273	-13	16698	83490	16698	69155128
-10388	-8450	-1214	3897	-4530	3448	-48	270	-6	16699	83495	16699	69155128
-10444	-8962	-1456	2987	-4660	3609	-48	270	-6	16700	83500	16700	69155128
-10506	-9320	-1808	1983	-4760	3771	-55	267	-7	16701	83505	16701	69155128
-10618	-9534	-2020	903	-4764	3913	-55	267	-7	16702	83510	16702	69155128
-10588	-9348	-2234	-186	-4734	3984	-53	271	1	16703	83515	16703	69155152
-10462	-8720	-2177	-1433	-4741	4096	-54	270	2	16704	83520	16704	69155152
-10263	-7930	-2120	-2266	-4811	4206	-56	266	8	16705	83525	16705	69155152
-10238	-7052	-2140	-2768	-4891	4285	-56	266	8	16706	83530	16706	69155152
-10326	-5792	-2166	-3148	-4894	4458	-59	271	-1	16707	83535	16707	69155152
-10190	-4582	-2066	-3450	-4834	4701	-59	271	-1	16708	83540	16708	69155152
-10084	-3572	-2128	-3531	-4809	5033	-59	271	-5	16709	83545	16709	69155152
-10142	-2658	-2170	-3369	-4739	5326	-59	271	-5	16710	83550	16710	69155161
-10292	-1992	-2128	-3120	-4622	5493	-62	270	2	16711	83555	16711	69155197
-10446	-2188	-2220	-2813	-4539	5621	-62	270	2	16712	83560	16712	69155197
-10668	-3053	-2106	-2493	-4562	5429	-65	269	1	16713	83565	16713	69155197
-11172	-3680	-2257	-1876	-4607	5060	-65	269	2	16714	83570	16714	69155197
-11575	-4602	-2444	-1281	-4537	4750	-66	268	6	16715	83575	16715	69155201
-11758	-5935	-2460	-759	-4353	4568	-66	268	5	16716	83580	16716	69155221
-11811	-7539	-2555	-333	-4076	4409	-66	268	2	16717	83585	16717	69155243
-11880	-8979	-2634	39	-3885	4063	-68	268	3	16718	83590	16718	69155243
-12071	-10007	-2328	148	-3857	3561	-76	266	6	16719	83595	16719	69155243
-12213	-10495	-1672	38	-4076	3130	-75	266	8	16720	83600	16720	69155243
-12284	-10342	-1015	-270	-4446	3011	-70	264	12	16721	83605	16721	69155243
-12265	-9818	-927	-421	-4685	3089	-71	264	10	16722	83610	16722	69155243
-12167	-9523	-1113	-547	-4826	3131	-72	264	8	16723	83615	16723	69155256
-12232	-10106	-1270	-755	-4891	2877	-72	264	7	16724	83620	16724	69155278
-12611	-11681	-1624	-1046	-4908	2265	-71	263	5	16725	83625	16725	69155281
-13119	-13932	-2091	-1665	-4975	1534	-70	264	7	16726	83630	16726	69155281
-13611	-16034	-2441	-2535	-5089	1010	-69	265	11	16727	83635	16727	69155281
-13987	-17433	-2833	-3619	-5195	837	-70	265	10	16728	83640	16728	69155282
-14042	-17618	-3450	-5152	-5276	1140	-71	265	5	16729	83645	16729	69155282
-14107	-16485	-3811	-6345	-5256	1507	-74	265	8	16730	83650	16730	69155282
-14266	-14516	-4027	-7124	-5143	1702	-78	266	12	16731	83655	16731	69155282
-14418	-12501	-3970	-7266	-4934	1746	-75	265	10	16732	83660	16732	69155282
-14488	-11177	-3543	-6827	-4678	1671	-70	264	6	16733	83665	16733	69155283
-14468	-10593	-3004	-5993	-4426	1521	-71	264	10	16734	83670	16734	69155286
-14414	-10446	-2337	-5131	-4192	1308	-72	264	16	16735	83675	16735	69155301
-14362	-10544	-1772	-4319	-3996	1028	-72	264	16	16736	83680	16736	69155318
-14384	-10840	-1429	-3533	-3810	706	-71	263	17	16737	83685	16737	69155318
-14552	-11223	-1181	-2987	-3690	430	-72	264	15	16738	83690	16738	69155318
-14784	-11598	-1087	-2714	-3598	266	-72	264	14	16739	83695	16739	69155318
-14998	-12073	-1137	-2723	-3516	138	-73	262	13	16740	83700	16740	69155318
-15209	-12491	-1248	-2981	-3427	-11	-74	260	12	16741	83705	16741	69155318
-15407	-12594	-1355	-3356	-3328	-174	-74	262	14	16742	83710	16742	69155342
-15605	-12332	-1486	-3718	-3248	-268	-74	264	16	16743	83715	16743	69155358
-15814	-11856	-1630	-3998	-3152	-269	-74	265	17	16744	83720	16744	69155358
-16088	-11350	-1753	-4186	-3038	-258	-74	266	18	16745	83725	16745	69155358
-16361	-11195	-1677	-4349	-2925	-336	-75	262	22	16746	83730	16746	69155358
-16693	-11448	-1615	-4490	-2860	-544	-75	261	23	16747	83735	16747	69155358
-17071	-11624	-1519	-4627	-2802	-751	-75	262	19	16748	83740	16748	69155358
-17433	-11738	-1438	-4809	-2747	-899	-75	263	17	16749	83745	16749	69155363
-17768	-11776	-1281	-5110	-2705	-925	-71	262	18	16750	83750	16750	69155388
-18113	-11676	-1038	-5535	-2701	-890	-68	262	18	16751	83755	16751	69155403
-18534	-11411	-894	-6013	-2725	-843	-68	262	23	16752	83760	16752	69155403
-18962	-11049	-769	-6494	-2734	-767	-68	262	26	16753	83765	16753	69155403
-19432	-10601	-512	-7032	-2700	-642	-65	265	22	16754	83770	16754	69155403
-19772	-10336	-179	-7375	-2687	-468	-64	266	20	16755	83775	16755	69155403
-20024	-9960	115	-7567	-2680	-302	-61	261	22	16756	83780	16756	69155403
-20270	-9591	334	-7619	-2647	-131	-60	260	22	16757	83785	16757	69155410
-20309	-9275	595	-7551	-2577	24	-66	262	22	16758	83790	16758	69155434
-20376	-9116	724	-7429	-2492	179	-68	262	22	16759	83795	16759	69155440
-20463	-8980	808	-7232	-2409	316	-64	256	24	16760	83800	16760	69155441
-20403	-8910	907	-6964	-2310	478	-63	255	25	16761	83805	16761	69155441
-20524	-8908	938	-6619	-2174	676	-69	265	21	16762	83810	16762	69155441
-20488	-9002	904	-6316	-2047	773	-69	265	21	16763	83815	16763	69155441
-20566	-9028	874	-6023	-1877	813	-63	257	23	16764	83820	16764	69155441
-20634	-9080	812	-5731	-1709	877	-63	257	23	16765	83825	16765	69155450
-20532	-8980	882	-5402	-1552	954	-61	255	23	16766	83830	16766	69155478
-20572	-8778	1020	-5077	-1399	1069	-61	255	23	16767	83835	16767	69155478
-20498	-8488	1212	-4778	-1281	1140	-65	263	29	16768	83840	16768	69155479
-20400	-8444	1264	-4567	-1141	1129	-65	263	29	16769	83845	16769	69155479
-20313	-8469	1172	-4371	-1038	1031	-56	257	22	16770	83850	16770	69155479
-20150	-8588	1150	-3999	-911	864	-54	256	20	16771	83855	16771	69155480
-20084	-8644	1034	-3678	-809	757	-63	255	21	16772	83860	16772	69155480
-20082	-8832	688	-3340	-704	648	-63	255	21	16773	83865	16773	69155480
-19974	-8984	640	-3052	-581	497	-58	254	20	16774	83870	16774	69155487
-19906	-9036	618	-2802	-462	333	-58	254	20	16775	83875	16775	69155568
-19846	-9060	492	-2600	-324	157	-58	252	20	16776	83880	16776	69155568
-19804	-9048	332	-2438	-224	-14	-58	252	20	16777	83885	16777	69155568
-19736	-9060	392	-2313	-108	-228	-55	255	23	16778	83890	16778	69155568
-19546	-8893	169	-2189	39	-431	-55	255	23	16779	83895	16779	69155568
-19498	-8798	92	-2096	170	-629	-57	253	21	16780	83900	16780	69155568
-19390	-8602	102	-2011	300	-862	-57	254	21	16781	83905	16781	69155576
-19200	-8364	42	-1869	423	-1080	-57	257	19	16782	83910	16782	69155610
-18953	-8174	-11	-1688	553	-1289	-57	256	20	16783	83915	16783	69155615
-18694	-7958	-27	-1468	673	-1508	-56	252	22	16784	83920	16784	69155630
-18464	-7771	-38	-1235	787	-1740	-55	252	22	16785	83925	16785	69155631
-18222	-7573	14	-980	915	-1997	-52	252	24	16786	83930	16786	69155631
-17959	-7351	122	-678	1082	-2238	-52	251	24	16787	83935	16787	69155632
-17606	-7184	258	-361	1252	-2450	-51	247	25	16788	83940	16788	69155632
-17224	-7002	291	-115	1368	-2627	-52	249	24	16789	83945	16789	69155632
-16951	-6883	279	105	1456	-2822	-53	251	23	16790	83950	16790	69155633
-16813	-6831	289	288	1531	-3011	-51	250	23	16791	83955	16791	69155633
-16748	-6873	295	436	1607	-3168	-48	248	22	16792	83960	16792	69155634
-16619	-6853	218	603	1678	-3308	-47	247	21	16793	83965	16793	69155634
-16545	-6706	87	784	1704	-3393	-45	245	19	16794	83970	16794	69155634
-16541	-6572	86	935	1746	-3458	-46	245	19	16795	83975	16795	69155635
-16495	-6392	-18	1024	1820	-3529	-50	246	18	16796	83980	16796	69155635
-16491	-6251	-95	1040	1894	-3590	-49	247	20	16797	83985	16797	69155635
-16464	-6239	-134	1036	1953	-3647	-48	248	22	16798	83990	16798	69155644
-16381	-6306	-276	999	1991	-3680	-49	249	21	16799	83995	16799	69155657
-16314	-6283	-382	947	2023	-3683	-50	250	20	16800	84000	16800	69155657
-16283	-6227	-372	878	2071	-3663	-47	251	19	16801	84005	16801	69155657
-16141	-6125	-340	791	2128	-3644	-43	253	17	16802	84010	16802	69155657
-15974	-5993	-355	680	2179	-3623	-44	250	15	16803	84015	16803	69155657
-15802	-5882	-272	554	2241	-3592	-45	245	13	16804	84020	16804	69155657
-15596	-5762	-176	459	2296	-3563	-44	243	17	16805	84025	16805	69155657
-15435	-5634	-95	377	2357	-3520	-43	241	19	16806	84030	16806	69155663
-15222	-5549	22	287	2424	-3464	-41	242	20	16807	84035	16807	69155683
-15043	-5518	143	225	2455	-3413	-40	242	20	16808	84040	16808	69155694
-14972	-5424	194	242	2500	-3366	-42	241	19	16809	84045	16809	69155694
-14932	-5356	287	315	2558	-3301	-44	240	18	16810	84050	16810	69155694
-14916	-5344	263	457	2574	-3223	-36	240	18	16811	84055	16811	69155695
-15010	-5332	233	668	2574	-3124	-30	240	18	16812	84060	16812	69155695
-15226	-5333	292	867	2575	-2975	-38	241	18	16813	84065	16813	69155695
-15435	-5483	370	1023	2573	-2795	-44	242	18	16814	84070	16814	69155695
-15759	-5724	384	1130	2567	-2636	-36	241	13	16815	84075	16815	69155711
-16061	-5891	292	1189	2541	-2479	-30	240	10	16816	84080	16816	69155731
-16380	-6000	201	1147	2508	-2287	-33	239	14	16817	84085	16817	69155737
-16676	-6169	146	987	2497	-2078	-35	239	17	16818	84090	16818	69155738
-16974	-6333	102	782	2496	-1889	-33	241	13	16819	84095	16819	69155738
-17217	-6517	117	572	2498	-1728	-32	242	10	16820	84100	16820	69155739
-17417	-6666	147	332	2501	-1556	-33	238	15	16821	84105	16821	69155740
-17625	-6827	116	100	2508	-1406	-33	237	17	16822	84110	16822	69155740
-17712	-7014	159	-96	2518	-1256	-31	236	10	16823	84115	16823	69155740
-17724	-7106	194	-298	2530	-1085	-30	236	8	16824	84120	16824	69155742
-17678	-7138	226	-556	2551	-940	-32	239	14	16825	84125	16825	69155764
-17592	-7148	310	-808	2570	-847	-32	240	16	16826	84130	16826	69155769
-17492	-7080	306	-1020	2596	-746	-31	233	12	16827	84135	16827	69155769
-17294	-7046	308	-1191	2626	-655	-31	231	11	16828	84140	16828	69155769
-17064	-6976	376	-1373	2688	-587	-30	238	10	16829	84145	16829	69155769
-16950	-7026	340	-1490	2723	-561	-30	238	10	16830	84150	16830	69155769
-16794	-7198	212	-1628	2767	-541	-29	237	7	16831	84155	16831	69155769
-16834	-7416	104	-1793	2806	-571	-29	237	7	16832	84160	16832	69155781
-16840	-7704	-2	-1963	2825	-594	-35	233	7	16833	84165	16833	69155809
-16958	-7782	-102	-2116	2851	-561	-35	233	7	16834	84170	16834	69155810
-17028	-7812	-263	-2341	2924	-517	-33	239	11	16835	84175	16835	69155810
-17005	-7822	-389	-2615	2987	-474	-32	240	12	16836	84180	16836	69155810
-16884	-7664	-406	-2941	3056	-433	-28	230	4	16837	84185	16837	69155811
-16832	-7468	-442	-3175	3174	-421	-28	230	4	16838	84190	16838	69155811
-16642	-7360	-596	-3387	3318	-425	-28	232	10	16839	84195	16839	69155812
-16440	-7292	-690	-3575	3456	-441	-28	232	10	16840	84200	16840	69155837
-16194	-7028	-536	-3664	3578	-465	-25	235	7	16841	84205	16841	69155845
-15930	-7006	-644	-3672	3715	-484	-25	235	7	16842	84210	16842	69155845
-15662	-6908	-514	-3608	3849	-522	-29	225	5	16843	84215	16843	69155846
-15356	-6754	-440	-3458	3968	-571	-29	225	5	16844	84220	16844	69155846
-15176	-6472	-576	-3331	4101	-550	-29	229	5	16845	84225	16845	69155846
-14946	-6569	-654	-3197	4317	-489	-30	229	4	16846	84230	16846	69155846
-14918	-6776	-655	-3011	4446	-687	-32	230	2	16847	84235	16847	69155850
-14950	-6688	-750	-2821	4574	-879	-31	230	1	16848	84240	16848	69155868
-14830	-6478	-786	-2648	4765	-864	-28	232	-4	16849	84245	16849	69155883
-14573	-6234	-848	-2472	4959	-785	-29	231	-3	16850	84250	16850	69155883
-14558	-5972	-813	-2244	5146	-818	-31	229	-1	16851	84255	16851	69155883
-14478	-5736	-822	-1947	5330	-878	-30	228	-1	16852	84260	16852	69155883
-14308	-5648	-929	-1625	5552	-951	-26	226	0	16853	84265	16853	69155883
-14132	-5624	-1091	-1243	5771	-1031	-26	227	-3	16854	84270	16854	69155886
-14056	-5584	-1132	-936	5944	-1089	-26	228	-8	16855	84275	16855	69155898
-13969	-5582	-1227	-596	6143	-1139	-26	228	-7	16856	84280	16856	69155922
-13833	-5631	-1251	-273	6377	-1172	-24	230	-4	16857	84285	16857	69155922
-13657	-5602	-1275	50	6598	-1187	-24	230	-4	16858	84290	16858	69155922
-13494	-5483	-1318	373	6825	-1236	-26	228	-2	16859	84295	16859	69155922
-13364	-5356	-1273	691	7066	-1296	-27	227	-3	16860	84300	16860	69155923
-13148	-5226	-1281	983	7289	-1337	-29	223	-7	16861	84305	16861	69155923
-12899	-5133	-1411	1273	7505	-1365	-28	225	-8	16862	84310	16862	69155937
-12694	-5080	-1442	1532	7755	-1408	-25	231	-9	16863	84315	16863	69155981
-12626	-5082	-1538	1740	7961	-1472	-25	231	-11	16864	84320	16864	69155983
-12565	-5112	-1598	1960	8156	-1511	-26	232	-14	16865	84325	16865	69155984
-12475	-5122	-1639	2158	8360	-1511	-24	230	-12	16866	84330	16866	69155984
-12389	-5125	-1667	2340	8560	-1507	-20	228	-8	16867	84335	16867	69155984
-12380	-5094	-1787	2508	8755	-1504	-20	227	-10	16868	84340	16868	69155984
-12336	-5047	-1748	2675	8940	-1487	-21	225	-13	16869	84345	16869	69155985
-12267	-4913	-1632	2896	9145	-1450	-22	229	-13	16870	84350	16870	69155987
-12189	-4704	-1624	3153	9354	-1400	-22	232	-12	16871	84355	16871	69155994
-12154	-4562	-1583	3404	9553	-1354	-24	231	-16	16872	84360	16872	69155998
-12030	-4500	-1584	3654	9748	-1303	-25	231	-19	16873	84365	16873	69155998
-11936	-4444	-1607	3905	9939	-1257	-24	224	-17	16874	84370	16874	69155998
-11890	-4406	-1676	4149	10119	-1206	-24	220	-16	16875	84375	16875	69155998
-11799	-4408	-1695	4378	10283	-1145	-24	221	-16	16876	84380	16876	69155998
-11718	-4358	-1633	4619	10441	-1069	-24	222	-16	16877	84385	16877	69156006
-11674	-4254	-1600	4883	10600	-980	-24	222	-18	16878	84390	16878	69156024
-11579	-4220	-1609	5170	10766	-883	-25	221	-21	16879	84395	16879	69156035
-11492	-4162	-1598	5450	10943	-777	-25	222	-27	16880	84400	16880	69156035
-11480	-4132	-1661	5681	11111	-696	-25	223	-31	16881	84405	16881	69156036
-11474	-4168	-1718	5900	11264	-601	-24	222	-27	16882	84410	16882	69156036
-11454	-4209	-1776	6112	11392	-476	-23	221	-25	16883	84415	16883	69156036
-11462	-4197	-1875	6313	11521	-329	-21	219	-26	16884	84420	16884	69156036
-11497	-4200	-1925	6504	11658	-174	-19	217	-27	16885	84425	16885	69156047
-11510	-4201	-1981	6661	11804	-20	-20	222	-29	16886	84430	16886	69156067
-11520	-4183	-2088	6832	11967	174	-21	225	-31	16887	84435	16887	69156077
-11535	-4134	-2066	6988	12118	359	-22	227	-25	16888	84440	16888	69156077
-11469	-4124	-2134	7125	12245	535	-22	228	-24	16889	84445	16889	69156078
-11466	-4122	-2192	7270	12353	729	-22	222	-30	16890	84450	16890	69156081
-11505	-4136	-2247	7420	12483	946	-22	220	-32	16891	84455	16891	69156082
-11444	-4151	-2276	7567	12603	1164	-20	218	-30	16892	84460	16892	69156084
-11429	-4103	-2346	7711	12715	1389	-20	218	-30	16893	84465	16893	69156106
-11441	-4101	-2352	7843	12828	1605	-22	218	-35	16894	84470	16894	69156112
-11423	-4048	-2422	7999	12937	1824	-22	218	-36	16895	84475	16895	69156112
-11374	-3952	-2406	8209	13082	2107	-21	215	-47	16896	84480	16896	69156112
-11330	-3850	-2490	8419	13210	2368	-21	215	-47	16897	84485	16897	69156112
-11338	-3800	-2508	8622	13303	2586	-24	216	-45	16898	84490	16898	69156112
-11289	-3676	-2544	8875	13412	2827	-24	216	-44	16899	84495	16899	69156112
-11217	-3584	-2523	9183	13527	3090	-26	218	-41	16900	84500	16900	69156112
-11196	-3413	-2521	9540	13635	3353	-26	218	-40	16901	84505	16901	69156142
-11170	-3339	-2530	9951	13739	3614	-25	222	-41	16902	84510	16902	69156150
-11122	-3368	-2430	10421	13816	3881	-25	223	-41	16903	84515	16903	69156150
-11090	-3434	-2308	11046	13901	4210	-32	210	-48	16904	84520	16904	69156151
-11068	-3532	-2272	11569	13992	4502	-32	210	-48	16905	84525	16905	69156151
-11124	-3554	-2212	12067	14062	4775	-25	215	-45	16906	84530	16906	69156151
-11142	-3702	-2212	12585	14105	5046	-25	215	-45	16907	84535	16907	69156151
-11198	-3746	-2068	13081	14141	5362	-24	218	-48	16908	84540	16908	69156162
-11298	-3850	-2158	13534	14182	5693	-24	218	-48	16909	84545	16909	69156188
-11290	-3930	-2032	14005	14195	6027	-32	216	-54	16910	84550	16910	69156188
-11482	-4076	-2110	14160	14177	6347	-32	216	-54	16911	84555	16911	69156189
-11482	-4228	-2220	14283	14154	6702	-31	213	-55	16912	84560	16912	69156189
-11622	-4464	-2228	14545	14105	7091	-31	214	-56	16913	84565	16913	69156189
-11775	-4577	-2276	14748	14045	7422	-32	218	-60	16914	84570	16914	69156189
-11906	-4713	-2332	14939	13970	7811	-32	217	-59	16915	84575	16915	69156194
-12027	-4772	-2379	15111	13882	8221	-33	211	-55	16916	84580	16916	69156212
-12174	-4863	-2357	15215	13794	8604	-34	212	-55	16917	84585	16917	69156218
-12251	-4970	-2359	15292	13683	8965	-38	216	-56	16918	84590	16918	69156218
-12346	-5026	-2284	15369	13571	9318	-37	216	-58	16919	84595	16919	69156218
-12438	-5148	-2282	15466	13483	9633	-32	216	-66	16920	84600	16920	69156218
-12564	-5203	-2202	15589	13345	10106	-33	216	-65	16921	84605	16921	69156218
-12678	-5294	-2171	15671	13204	10507	-35	215	-61	16922	84610	16922	69156218
-12722	-5394	-2231	15793	13036	10927	-36	215	-62	16923	84615	16923	69156231
-12791	-5461	-2038	15918	12875	11356	-38	216	-64	16924	84620	16924	69156283
-12907	-5618	-2019	16047	12715	11767	-39	215	-66	16925	84625	16925	69156285
-13050	-5844	-1873	16141	12517	12145	-45	211	-73	16926	84630	16926	69156286
