-16601	3287	974	-1880	6064	-1600	26499	207	53	16462	82310	16462	69153951
-16781	3397	852	-2074	6394	-1633	26500	201	47	16463	82315	16463	69153951
-16929	3427	512	-2232	6827	-1661	26501	202	48	16464	82320	16464	69153951
-17024	3354	54	-2357	7362	-1694	26502	206	50	16465	82325	16465	69153955
-17189	3222	-322	-2415	7884	-1756	26503	206	49	16466	82330	16466	69153982
-17370	2937	-783	-2438	8474	-1849	26504	206	48	16467	82335	16467	69154016
-17393	2558	-1188	-2511	9127	-1939	26505	206	47	16468	82340	16468	69154016
-17241	2190	-1345	-2700	9795	-2061	26506	206	46	16469	82345	16469	69154016
-16910	1820	-1299	-2983	10351	-2222	26507	206	45	16470	82350	16470	69154016
-16468	1550	-1121	-3297	10761	-2374	26508	206	44	16471	82355	16471	69154016
-15938	1316	-908	-3650	11090	-2506	26510	207	44	16472	82360	16472	69154016
-15468	1072	-682	-3975	11334	-2618	26511	207	43	16473	82365	16473	69154016
-15202	920	-684	-4243	11640	-2737	26512	209	42	16474	82370	16474	69154028
-15168	984	-558	-4461	12129	-2865	26513	210	42	16475	82375	16475	69154036
-15377	1259	-226	-4497	12848	-2973	26514	207	39	16476	82380	16476	69154036
-15743	1512	-11	-4307	13672	-3009	26515	205	37	16477	82385	16477	69154036
-16163	1681	2	-4002	14662	-3010	26515	206	35	16478	82390	16478	69154036
-16622	1881	-226	-3668	15983	-3020	26516	207	31	16479	82395	16479	69154036
-16867	2281	-344	-3351	17474	-3045	26518	207	32	16480	82400	16480	69154036
-16574	2868	234	-2932	18394	-3050	26519	207	33	16481	82405	16481	69154036
-16210	3520	858	-2233	18431	-2996	26520	207	31	16482	82410	16482	69154042
-16040	4136	924	-1271	17939	-2838	26521	207	29	16483	82415	16483	69154070
-16086	4642	363	-376	17272	-2578	26522	204	26	16484	82420	16484	69154086
-16258	4990	-753	115	16693	-2289	26523	202	24	16485	82425	16485	69154087
-16561	5172	-1828	140	16294	-2031	26524	205	25	16486	82430	16486	69154087
-16846	4978	-2411	-73	16069	-1818	26525	207	25	16487	82435	16487	69154088
-16940	4427	-2596	-258	15886	-1647	26526	209	23	16488	82440	16488	69154088
-16740	3552	-2581	-479	15595	-1538	26527	211	21	16489	82445	16489	69154088
-16506	2660	-2170	-841	15115	-1588	26528	209	19	16490	82450	16490	69154089
-16270	1790	-1502	-1325	14326	-1754	26529	209	19	16491	82455	16491	69154089
-15848	995	-723	-1905	13284	-1986	26530	214	16	16492	82460	16492	69154118
-15522	148	-331	-2365	12379	-2176	26531	215	15	16493	82465	16493	69154136
-15286	-811	-226	-2778	11642	-2315	26532	211	16	16494	82470	16494	69154143
-15247	-1813	-503	-3162	11229	-2389	26533	208	16	16495	82475	16495	69154143
-15320	-2599	-669	-3643	11176	-2418	26534	208	12	16496	82480	16496	69154143
-15391	-3130	-575	-4316	11315	-2387	26535	208	10	16497	82485	16497	69154144
-15521	-3382	-514	-4886	11457	-2273	26536	212	11	16498	82490	16498	69154144
-15601	-3646	-794	-5433	11640	-2123	26537	213	11	16499	82495	16499	69154144
-15568	-3577	-1392	-6179	11962	-2007	26538	211	5	16500	82500	16500	69154144
-15513	-3088	-1970	-7054	12466	-1969	26539	210	4	16501	82505	16501	69154145
-15446	-2302	-2735	-7807	12968	-1960	26540	211	6	16502	82510	16502	69154167
-15378	-1238	-3415	-8222	13297	-1911	26541	211	7	16503	82515	16503	69154172
-15390	-233	-4064	-7967	13385	-1856	26542	209	9	16504	82520	16504	69154172
-15548	432	-5138	-7164	13311	-1751	26543	208	10	16505	82525	16505	69154172
-15976	1204	-6192	-6209	13234	-1638	26544	207	5	16506	82530	16506	69154172
-16140	1754	-6744	-5661	13378	-1552	26545	207	5	16507	82535	16507	69154172
-16410	2464	-6810	-5316	13524	-1554	26546	211	-1	16508	82540	16508	69154172
-16494	3032	-6478	-4952	13485	-1479	26547	211	-1	16509	82545	16509	69154173
-16601	3522	-6226	-4540	13354	-1371	26548	209	-2	16510	82550	16510	69154173
-16500	4065	-6322	-3938	13268	-1159	26549	208	-2	16511	82555	16511	69154173
-16235	4442	-6537	-3337	13266	-879	26550	205	-2	16512	82560	16512	69154237
-15595	4425	-6580	-2830	13312	-573	26551	204	-2	16513	82565	16513	69154253
-14947	4104	-6186	-2391	12938	-415	26552	207	-4	16514	82570	16514	69154253
-14318	3730	-5694	-1964	12456	-294	26553	211	-7	16515	82575	16515	69154253
-14068	3142	-5252	-1503	11915	-360	26554	210	-12	16516	82580	16516	69154253
-13978	2930	-5272	-1020	11602	-568	26555	210	-12	16517	82585	16517	69154253
-13862	2836	-5872	-534	11510	-780	26556	207	-9	16518	82590	16518	69154294
-13460	2976	-6518	-172	11578	-986	26557	207	-9	16519	82595	16519	69154295
-13286	3250	-7220	216	11715	-1143	26558	210	-8	16520	82600	16520	69154295
-13090	3176	-7824	768	11899	-1180	26559	210	-8	16521	82605	16521	69154295
-13182	3092	-8482	1258	12144	-1209	26560	209	-21	16522	82610	16522	69154295
-13387	2872	-8864	1498	12494	-1289	26561	209	-19	16523	82615	16523	69154295
-13344	2496	-8984	1660	12712	-1309	26562	209	-13	16524	82620	16524	69154295
-13308	1856	-9044	1976	12741	-1361	26563	208	-15	16525	82625	16525	69154295
-13267	985	-9015	2455	12589	-1447	26564	206	-24	16526	82630	16526	69154297
-13250	318	-8802	2701	12401	-1584	26565	206	-24	16527	82635	16527	69154305
-13052	-404	-8490	2638	12146	-1637	26566	204	-22	16528	82640	16528	69154335
-13110	-1026	-8492	2172	11929	-1681	26567	204	-22	16529	82645	16529	69154335
-12976	-1302	-9002	1083	11805	-1558	26568	202	-22	16530	82650	16530	69154335
-12766	-1107	-9696	-615	11615	-1347	26569	201	-24	16531	82655	16531	69154335
-12643	-1073	-10344	-1894	11527	-1153	26570	199	-31	16532	82660	16532	69154336
-12420	-1020	-10471	-2818	11593	-922	26571	199	-31	16533	82665	16533	69154336
-12105	-1038	-10039	-3216	11557	-651	26572	200	-32	16534	82670	16534	69154336
-12038	-950	-9305	-3213	11382	-450	26573	200	-32	16535	82675	16535	69154337
-11946	-704	-8670	-3373	11291	-277	26574	202	-34	16536	82680	16536	69154337
-11764	21	-8414	-3913	11363	-104	26575	202	-34	16537	82685	16537	69154337
-11533	822	-8748	-4523	11640	96	26576	204	-36	16538	82690	16538	69154337
-10959	1619	-9240	-5126	12015	338	26577	203	-36	16539	82695	16539	69154338
-10525	2344	-9255	-5740	12113	601	26578	200	-34	16540	82700	16540	69154346
-10511	2738	-9058	-6095	11942	788	26579	199	-35	16541	82705	16541	69154361
-10656	2931	-8767	-6063	11833	940	26580	198	-36	16542	82710	16542	69154363
-10720	2693	-8694	-5593	11887	1100	26581	197	-36	16543	82715	16543	69154364
-10830	2562	-8824	-4727	12096	1293	26582	193	-35	16544	82720	16544	69154366
-11033	2557	-9310	-3626	12430	1396	26583	192	-36	16545	82725	16545	69154374
-11050	2481	-9825	-2420	12826	1526	26584	190	-42	16546	82730	16546	69154374
-10867	2401	-10098	-1615	13052	1609	26585	190	-43	16547	82735	16547	69154374
-10594	2914	-9834	-1470	12797	1740	26586	188	-44	16548	82740	16548	69154374
-10627	2811	-10213	-1407	12279	1880	26587	188	-46	16549	82745	16549	69154375
-10985	2379	-10844	-1459	11821	1918	26588	189	-49	16550	82750	16550	69154375
-11321	2170	-11387	-1721	11534	1794	26589	188	-48	16551	82755	16551	69154378
-11714	1888	-11575	-1872	11285	1558	26590	186	-46	16552	82760	16552	69154391
-12148	1410	-11607	-1847	11074	1386	26591	186	-47	16553	82765	16553	69154407
-12277	1429	-11520	-2031	10953	1266	26592	187	-49	16554	82770	16554	69154412
-12514	1751	-11409	-2535	10888	1047	26594	187	-51	16555	82775	16555	69154412
-12703	2042	-11282	-2980	10892	928	26595	186	-52	16556	82780	16556	69154412
-12663	2169	-11353	-3101	10936	877	26596	187	-53	16557	82785	16557	69154412
-12529	2353	-11486	-3104	10892	807	26597	187	-53	16558	82790	16558	69154412
-12353	2423	-11546	-2894	10816	733	26598	186	-55	16559	82795	16559	69154417
-12159	2278	-11466	-2486	10745	621	26598	184	-56	16560	82800	16560	69154433
-12000	2131	-11186	-1988	10667	481	26599	182	-57	16561	82805	16561	69154450
-11774	1839	-11004	-1363	10676	438	26600	178	-58	16562	82810	16562	69154450
-11470	1226	-11034	-688	10735	405	26601	181	-59	16563	82815	16563	69154450
-11048	997	-11371	-425	10529	381	26603	186	-60	16564	82820	16564	69154451
-10647	947	-11849	-378	10055	467	26604	177	-61	16565	82825	16565	69154451
-10636	599	-11958	-368	9655	510	26605	171	-61	16566	82830	16566	69154451
-10666	590	-11658	-845	9387	409	26606	173	-62	16567	82835	16567	69154456
-10621	941	-11324	-1544	9301	261	26607	175	-63	16568	82840	16568	69154476
-10562	875	-11140	-2004	9245	205	26608	177	-64	16569	82845	16569	69154487
-10639	694	-11300	-2330	9122	180	26609	178	-64	16570	82850	16570	69154487
-10535	876	-11843	-2693	9048	163	26610	176	-65	16571	82855	16571	69154487
-10123	1042	-12119	-3208	9069	212	26611	175	-65	16572	82860	16572	69154487
-9914	1898	-11504	-3564	8986	338	26612	175	-65	16573	82865	16573	69154487
-10107	1961	-11638	-3586	8872	372	26613	175	-65	16574	82870	16574	69154487
-10223	2079	-12022	-3767	8807	268	26614	173	-68	16575	82875	16575	69154510
-10109	2438	-12760	-3716	8755	209	26615	173	-69	16576	82880	16576	69154521
-9902	2257	-13599	-3293	8652	153	26616	174	-67	16577	82885	16577	69154524
-9821	2366	-14274	-2971	8499	51	26617	175	-65	16578	82890	16578	69154524
-9691	2513	-14535	-2991	8312	86	26618	173	-66	16579	82895	16579	69154524
-9468	3310	-14378	-3241	8153	60	26619	172	-66	16580	82900	16580	69154524
-9216	3839	-14126	-3012	7996	62	26620	168	-71	16581	82905	16581	69154525
-9202	3708	-13813	-2265	7747	13	26621	167	-73	16582	82910	16582	69154525
-9353	3096	-13778	-1663	7485	-177	26622	169	-71	16583	82915	16583	69154547
-9460	3096	-14276	-1483	7143	-320	26623	170	-70	16584	82920	16584	69154560
-9571	3556	-14296	-1196	7000	-397	26624	165	-67	16585	82925	16585	69154562
-9415	3216	-14236	-499	7126	-499	26625	164	-66	16586	82930	16586	69154562
-9383	3027	-14185	-138	7176	-622	26626	163	-70	16587	82935	16587	69154562
-9530	3011	-13806	-91	7066	-775	26627	163	-71	16588	82940	16588	69154562
-9412	3038	-14038	128	6712	-920	26628	161	-69	16589	82945	16589	69154562
-8932	2490	-14452	-30	6328	-1044	26629	161	-69	16590	82950	16590	69154571
-8810	2450	-14018	-428	5881	-1222	26630	158	-70	16591	82955	16591	69154601
-8840	2232	-13878	-503	5499	-1366	26631	158	-70	16592	82960	16592	69154602
-8683	2314	-14081	-546	5372	-1399	26632	168	-70	16593	82965	16593	69154603
-8428	1927	-14692	-673	4993	-1368	26633	170	-70	16594	82970	16594	69154603
-8703	1917	-15284	-1010	4516	-1439	26634	167	-72	16595	82975	16595	69154604
-8676	1948	-15590	-1283	4192	-1491	26635	166	-72	16596	82980	16596	69154605
-8736	2232	-15550	-1602	3804	-1428	26636	162	-74	16597	82985	16597	69154605
-9062	2536	-15336	-1815	3276	-1316	26637	162	-74	16598	82990	16598	69154637
-9550	2856	-15226	-1735	2860	-1231	26638	165	-75	16599	82995	16599	69154637
-9282	2216	-15272	-1340	2755	-1040	26639	165	-75	16600	83000	16600	69154637
-10004	2118	-15426	-1289	2597	-1205	26640	162	-80	16601	83005	16601	69154637
-10012	2514	-15398	-1625	2549	-1400	26641	162	-80	16602	83010	16602	69154637
-10048	2520	-15360	-1476	2638	-1508	26642	162	-74	16603	83015	16603	69154637
-10112	2558	-15338	-1399	2688	-1652	26643	162	-74	16604	83020	16604	69154637
-10056	2942	-15760	-1420	2717	-1782	26644	158	-76	16605	83025	16605	69154647
-9576	2684	-16120	-1232	2585	-1815	26645	159	-76	16606	83030	16606	69154674
-9551	2587	-15855	-1061	2298	-1819	26646	161	-75	16607	83035	16607	69154674
-9545	2723	-15621	-1157	2011	-1942	26647	161	-76	16608	83040	16608	69154674
-9538	2418	-15556	-1163	1808	-1984	26648	159	-79	16609	83045	16609	69154674
-9120	3314	-14758	-1298	1432	-1999	26649	159	-79	16610	83050	16610	69154674
-9322	2964	-15314	-1009	898	-2061	26650	160	-74	16611	83055	16611	69154674
-9448	3094	-15108	-1028	448	-2169	26651	160	-74	16612	83060	16612	69154674
-9496	3044	-15148	-657	96	-2329	26652	164	-74	16613	83065	16613	69154706
-9676	3144	-15359	-351	-272	-2493	26653	164	-74	16614	83070	16614	69154718
-9850	3207	-15562	-140	-503	-2578	26654	164	-74	16615	83075	16615	69154718
-9877	3130	-15633	236	-717	-2585	26655	163	-74	16616	83080	16616	69154719
-9801	2943	-15698	628	-1074	-2551	26656	160	-76	16617	83085	16617	69154719
-9840	2840	-15722	899	-1529	-2514	26657	160	-76	16618	83090	16618	69154719
-10038	2759	-15507	1016	-1943	-2495	26658	159	-75	16619	83095	16619	69154719
-10285	2669	-15040	1051	-2215	-2531	26659	160	-74	16620	83100	16620	69154725
-10458	2464	-15199	1056	-2465	-2580	26660	166	-72	16621	83105	16621	69154749
-10862	2370	-15673	911	-2719	-2645	26661	165	-73	16622	83110	16622	69154758
-11082	2172	-15729	787	-2798	-2664	26662	162	-74	16623	83115	16623	69154758
-11000	2048	-15655	646	-2930	-2655	26663	164	-76	16624	83120	16624	69154758
-10923	2150	-15445	325	-3180	-2661	26664	166	-78	16625	83125	16625	69154758
-10856	2253	-15458	-28	-3431	-2687	26665	166	-78	16626	83130	16626	69154758
-10894	2263	-15628	-348	-3692	-2709	26666	166	-80	16627	83135	16627	69154758
-10933	2277	-15515	-551	-3869	-2702	26667	166	-79	16628	83140	16628	69154763
-10846	2431	-15290	-678	-4036	-2650	26668	166	-76	16629	83145	16629	69154787
-10911	2742	-15120	-819	-4367	-2562	26669	166	-75	16630	83150	16630	69154796
-10957	3131	-15079	-802	-4840	-2439	26670	165	-71	16631	83155	16631	69154796
-10973	3482	-15286	-856	-5205	-2377	26671	165	-74	16632	83160	16632	69154796
-10974	3908	-15262	-1010	-5486	-2360	26672	165	-79	16633	83165	16633	69154797
-10975	4180	-14905	-994	-5742	-2362	26673	166	-77	16634	83170	16634	69154797
-11068	4232	-14499	-828	-6032	-2369	26674	168	-74	16635	83175	16635	69154797
-11420	4255	-14420	-712	-6316	-2401	26675	168	-74	16636	83180	16636	69154813
-11848	4277	-14228	-583	-6503	-2444	26676	168	-74	16637	83185	16637	69154837
-12285	4340	-13455	-301	-6560	-2483	26677	170	-74	16638	83190	16638	69154837
-12577	4281	-12779	162	-6416	-2513	26679	172	-74	16639	83195	16639	69154837
-12443	4179	-12846	621	-6220	-2498	26680	172	-70	16640	83200	16640	69154837
-12161	4215	-13317	826	-6190	-2420	26681	172	-68	16641	83205	16641	69154837
-11966	4422	-13546	823	-6245	-2281	26681	173	-67	16642	83210	16642	69154837
-11843	4759	-13274	808	-6325	-2043	26682	174	-66	16643	83215	16643	69154841
-11599	5105	-13114	952	-6471	-1686	26683	176	-68	16644	83220	16644	69154860
-11348	5546	-13215	973	-6710	-1224	26684	179	-71	16645	83225	16645	69154884
-11019	6097	-13007	792	-6994	-713	26685	177	-69	16646	83230	16646	69154886
-10642	6627	-12564	608	-7338	-158	26687	175	-67	16647	83235	16647	69154886
-10459	7008	-12493	493	-7574	356	26688	176	-65	16648	83240	16648	69154886
-10512	7262	-12708	574	-7581	801	26689	177	-63	16649	83245	16649	69154886
-10614	7200	-12862	968	-7491	1231	26690	174	-62	16650	83250	16650	69154886
-10838	6688	-13027	1505	-7470	1611	26691	172	-62	16651	83255	16651	69154886
-11233	5822	-13162	1926	-7561	1913	26692	175	-61	16652	83260	16652	69154886
-11623	4803	-13124	2152	-7660	2137	26693	177	-61	16653	83265	16653	69154902
-11914	3847	-12834	2361	-7707	2274	26694	174	-64	16654	83270	16654	69154912
-12087	2864	-12425	2627	-7730	2352	26695	172	-66	16655	83275	16655	69154912
-12108	1671	-12040	2764	-7811	2378	26696	178	-63	16656	83280	16656	69154912
-11943	703	-12012	2554	-7985	2348	26697	180	-62	16657	83285	16657	69154912
-11724	-9	-12064	2202	-8122	2298	26698	177	-66	16658	83290	16658	69154912
-11398	-654	-11762	1608	-8220	2194	26699	176	-68	16659	83295	16659	69154912
-11170	-1033	-11372	889	-8302	2030	26700	177	-63	16660	83300	16660	69154931
-11084	-1135	-11336	371	-8321	1859	26701	177	-59	16661	83305	16661	69154956
-10967	-1037	-11596	-45	-8264	1697	26702	182	-61	16662	83310	16662	69154965
-10870	-830	-11690	-527	-8235	1494	26703	186	-62	16663	83315	16663	69154966
-10968	-766	-11278	-1126	-8314	1158	26704	181	-60	16664	83320	16664	69154966
-11256	-846	-10931	-1516	-8415	744	26705	179	-59	16665	83325	16665	69154966
-11563	-989	-11305	-1727	-8505	283	26706	181	-54	16666	83330	16666	69154968
-11882	-956	-11606	-2006	-8513	-227	26707	181	-53	16667	83335	16667	69154968
-12058	-775	-11371	-2282	-8461	-789	26708	184	-58	16668	83340	16668	69154985
-12235	-739	-11018	-2361	-8361	-1356	26709	185	-59	16669	83345	16669	69154989
-12360	-644	-10862	-2164	-8124	-1923	26710	183	-49	16670	83350	16670	69154989
-12481	-577	-10974	-1841	-7856	-2450	26711	182	-46	16671	83355	16671	69154989
-12232	-358	-11042	-1413	-7507	-2903	26712	186	-50	16672	83360	16672	69154989
-11780	-188	-11128	-1140	-7429	-3163	26713	186	-50	16673	83365	16673	69154989
-11477	47	-11301	-1279	-7567	-3352	26714	186	-47	16674	83370	16674	69154996
-11285	489	-11136	-1565	-7709	-3537	26715	186	-46	16675	83375	16675	69155021
-11092	879	-10616	-1647	-7632	-3700	26716	187	-48	16676	83380	16676	69155027
-11018	1218	-10192	-1418	-7493	-3810	26717	187	-49	16677	83385	16677	69155027
-10893	1234	-10201	-758	-7313	-3870	26718	186	-48	16678	83390	16678	69155028
-10651	1116	-10356	-5	-7173	-3914	26719	186	-48	16679	83395	16679	69155028
-10459	1245	-10385	390	-7261	-3956	26720	190	-50	16680	83400	16680	69155028
-10290	1524	-10712	450	-7521	-4031	26721	191	-51	16681	83405	16681	69155029
-10194	1764	-10948	311	-7704	-4141	26722	189	-49	16682	83410	16682	69155035
-10134	2112	-10708	165	-7668	-4253	26723	189	-49	16683	83415	16683	69155067
-10022	2298	-10184	232	-7597	-4289	26724	187	-45	16684	83420	16684	69155067
-10024	2470	-9620	300	-7507	-4219	26725	187	-45	16685	83425	16685	69155067
-10234	2674	-9428	276	-7325	-4102	26726	194	-40	16686	83430	16686	69155067
-10276	2832	-9756	319	-7100	-3959	26727	194	-40	16687	83435	16687	69155067
-10352	3050	-10256	474	-6937	-3789	26728	197	-43	16688	83440	16688	69155067
-10512	3437	-10511	736	-6802	-3522	26729	196	-43	16689	83445	16689	69155068
-10612	3806	-10577	743	-6697	-3322	26730	194	-44	16690	83450	16690	69155077
-10740	3948	-10572	565	-6559	-3174	26731	194	-44	16691	83455	16691	69155102
-10850	3988	-10356	440	-6334	-2980	26732	193	-37	16692	83460	16692	69155102
-11064	3678	-10300	630	-6006	-2765	26733	193	-37	16693	83465	16693	69155103
-10984	3284	-10416	839	-5652	-2554	26734	193	-45	16694	83470	16694	69155103
-10966	3004	-10450	746	-5437	-2376	26735	193	-45	16695	83475	16695	69155103
-10904	2750	-10408	566	-5295	-2209	26736	198	-40	16696	83480	16696	69155104
-10972	2424	-10452	642	-5068	-2058	26737	198	-40	16697	83485	16697	69155104
-10959	1763	-10131	967	-4701	-1921	26738	194	-36	16698	83490	16698	69155143
-10981	1313	-9943	1189	-4443	-1854	26739	195	-37	16699	83495	16699	69155149
-11038	828	-10114	1294	-4215	-1792	26740	198	-40	16700	83500	16700	69155149
-11098	447	-10242	1251	-3950	-1779	26741	198	-40	16701	83505	16701	69155149
-11037	132	-10156	1166	-3654	-1781	26742	197	-41	16702	83510	16702	69155149
-11162	-163	-10334	940	-3497	-1785	26743	199	-40	16703	83515	16703	69155150
-11401	-334	-10251	507	-3296	-1819	26744	206	-36	16704	83520	16704	69155152
-11473	-382	-9872	-14	-3005	-1856	26745	205	-37	16705	83525	16705	69155167
-11569	-437	-10067	-578	-2820	-1864	26746	200	-38	16706	83530	16706	69155187
-11524	-406	-10395	-1096	-2722	-1857	26747	199	-38	16707	83535	16707	69155188
-11413	-210	-10495	-1783	-2638	-1829	26748	196	-38	16708	83540	16708	69155188
-11427	-15	-10300	-2449	-2639	-1766	26749	197	-38	16709	83545	16709	69155188
-11447	84	-10183	-2908	-2675	-1670	26750	199	-39	16710	83550	16710	69155188
-11491	-17	-10334	-3167	-2634	-1560	26751	199	-38	16711	83555	16711	69155189
-11536	-143	-10367	-3324	-2571	-1463	26752	197	-35	16712	83560	16712	69155189
-11628	-185	-10327	-3441	-2567	-1371	26753	198	-34	16713	83565	16713	69155189
-11803	-343	-10434	-3521	-2612	-1278	26754	201	-29	16714	83570	16714	69155189
-12098	-468	-10449	-3601	-2594	-1214	26755	201	-32	16715	83575	16715	69155207
-12330	-486	-10014	-3616	-2476	-1219	26756	202	-36	16716	83580	16716	69155233
-12486	-500	-9727	-3587	-2389	-1264	26757	201	-35	16717	83585	16717	69155233
-12676	-523	-9948	-3695	-2391	-1344	26758	199	-33	16718	83590	16718	69155233
-12891	-484	-10438	-3954	-2402	-1470	26759	200	-32	16719	83595	16719	69155233
-13144	-428	-10760	-4131	-2289	-1645	26760	202	-30	16720	83600	16720	69155233
-13427	-256	-10388	-4127	-2040	-1864	26761	198	-30	16721	83605	16721	69155233
-13631	-22	-9551	-4012	-1848	-2107	26763	193	-31	16722	83610	16722	69155237
-13903	152	-9297	-3933	-1884	-2288	26764	200	-31	16723	83615	16723	69155257
-14134	376	-9315	-3993	-1904	-2421	26764	206	-30	16724	83620	16724	69155272
-14174	763	-9310	-4156	-1838	-2516	26765	205	-28	16725	83625	16725	69155272
-14086	1084	-9423	-4138	-1803	-2533	26766	204	-26	16726	83630	16726	69155273
-13890	1327	-9665	-3970	-1816	-2492	26767	206	-28	16727	83635	16727	69155273
-13702	1618	-9786	-3851	-1876	-2423	26768	208	-32	16728	83640	16728	69155274
-13652	1922	-9757	-3710	-1998	-2336	26769	206	-30	16729	83645	16729	69155274
-13713	2167	-9684	-3327	-2087	-2231	26771	204	-28	16730	83650	16730	69155275
-13753	2330	-9789	-2874	-2096	-2138	26772	205	-27	16731	83655	16731	69155279
-13793	2492	-9913	-2630	-2103	-2084	26773	206	-26	16732	83660	16732	69155297
-13888	2560	-9856	-2473	-2153	-2053	26774	205	-26	16733	83665	16733	69155308
-13872	2571	-9806	-2310	-2192	-2024	26775	204	-26	16734	83670	16734	69155308
-13795	2648	-9903	-2179	-2262	-1972	26776	205	-27	16735	83675	16735	69155308
-13710	2747	-10046	-2132	-2395	-1902	26777	205	-27	16736	83680	16736	69155308
-13594	2816	-10018	-2160	-2584	-1831	26778	203	-26	16737	83685	16737	69155308
-13513	2902	-9795	-2169	-2827	-1751	26779	201	-25	16738	83690	16738	69155308
-13464	2946	-9475	-2073	-3131	-1657	26780	206	-29	16739	83695	16739	69155338
-13539	2785	-9573	-1912	-3344	-1597	26781	208	-30	16740	83700	16740	69155348
-13738	2565	-9735	-1740	-3495	-1561	26782	207	-30	16741	83705	16741	69155348
-13969	2357	-9784	-1581	-3580	-1517	26783	206	-30	16742	83710	16742	69155348
-14256	2179	-9736	-1350	-3658	-1424	26784	207	-29	16743	83715	16743	69155348
-14601	2045	-9680	-1113	-3756	-1281	26785	208	-28	16744	83720	16744	69155348
-14876	2001	-9691	-1081	-3825	-1145	26786	209	-26	16745	83725	16745	69155348
-15126	1974	-9674	-1309	-3872	-1067	26787	209	-25	16746	83730	16746	69155353
-15403	1938	-9433	-1701	-3908	-1054	26788	207	-24	16747	83735	16747	69155379
-15567	1857	-8954	-1831	-3948	-1068	26789	206	-24	16748	83740	16748	69155386
-15637	1654	-8545	-1626	-4044	-1065	26790	210	-23	16749	83745	16749	69155386
-15595	1480	-8575	-1451	-4199	-1058	26791	211	-23	16750	83750	16750	69155386
-15483	1418	-8762	-1489	-4390	-1052	26792	212	-22	16751	83755	16751	69155387
-15303	1554	-9002	-1684	-4595	-1028	26793	212	-22	16752	83760	16752	69155387
-15075	1708	-9172	-1925	-4794	-980	26794	210	-23	16753	83765	16753	69155387
-14887	1904	-9093	-2154	-4912	-891	26795	209	-23	16754	83770	16754	69155398
-14658	2200	-8999	-2329	-4991	-776	26796	212	-20	16755	83775	16755	69155419
-14458	2568	-8819	-2384	-5048	-615	26797	213	-19	16756	83780	16756	69155423
-14265	3028	-8604	-2445	-5125	-444	26798	213	-17	16757	83785	16757	69155423
-13986	3380	-8568	-2500	-5270	-280	26799	213	-17	16758	83790	16758	69155423
-13782	3556	-8559	-2543	-5445	-116	26800	216	-19	16759	83795	16759	69155423
-13645	3627	-8473	-2557	-5590	30	26801	217	-19	16760	83800	16760	69155423
-13598	3603	-8430	-2441	-5716	162	26802	211	-19	16761	83805	16761	69155423
-13592	3511	-8578	-2206	-5829	286	26803	209	-19	16762	83810	16762	69155460
-13693	3336	-8779	-1983	-5903	365	26804	210	-18	16763	83815	16763	69155470
-13926	3010	-9108	-1827	-5884	400	26805	210	-18	16764	83820	16764	69155470
-14080	2978	-9130	-1790	-5817	444	26806	206	-12	16765	83825	16765	69155470
-14144	2948	-9072	-1710	-5780	506	26807	206	-12	16766	83830	16766	69155470
-14226	2952	-8710	-1570	-5739	564	26808	211	-17	16767	83835	16767	69155471
-14268	3098	-8540	-1447	-5752	678	26809	211	-17	16768	83840	16768	69155471
-14130	3256	-8320	-1246	-5815	809	26810	215	-19	16769	83845	16769	69155471
-14028	3386	-8172	-965	-5869	941	26811	215	-19	16770	83850	16770	69155528
-13918	3390	-7954	-693	-5976	1063	26812	215	-15	16771	83855	16771	69155529
-13776	3572	-7958	-505	-6181	1146	26813	215	-15	16772	83860	16772	69155529
-13686	3556	-7904	-330	-6436	1204	26814	215	-9	16773	83865	16773	69155530
-13722	3394	-8156	-8	-6614	1244	26815	215	-9	16774	83870	16774	69155530
-13714	3220	-8306	481	-6667	1258	26816	212	-12	16775	83875	16775	69155530
-13688	2892	-8286	1075	-6629	1259	26817	212	-12	16776	83880	16776	69155531
-13716	2672	-8274	1646	-6663	1251	26818	209	-5	16777	83885	16777	69155586
-13752	2298	-8188	2180	-6771	1229	26819	209	-5	16778	83890	16778	69155586
-14086	1930	-8292	2727	-6874	1183	26820	212	-10	16779	83895	16779	69155586
-14424	1686	-8238	3216	-6645	1145	26821	212	-10	16780	83900	16780	69155586
-14605	1574	-7531	3520	-6149	1033	26822	210	-12	16781	83905	16781	69155587
-14578	1611	-7190	3571	-5914	942	26823	211	-10	16782	83910	16782	69155587
-14529	1669	-7056	3462	-5914	895	26824	214	-2	16783	83915	16783	69155588
-14592	1840	-7170	3257	-5964	917	26825	214	-2	16784	83920	16784	69155602
-14652	2124	-7276	3107	-5918	962	26826	213	-3	16785	83925	16785	69155636
-14702	2477	-7511	3152	-5875	986	26827	212	-3	16786	83930	16786	69155638
-14684	2834	-7835	3289	-5892	990	26828	210	-2	16787	83935	16787	69155639
-14517	3198	-7880	3387	-5930	1011	26829	211	-2	16788	83940	16788	69155639
-14341	3445	-7583	3565	-6100	1040	26830	217	-1	16789	83945	16789	69155640
-14234	3233	-7075	3898	-6461	1098	26831	216	-1	16790	83950	16790	69155640
-14295	2772	-6766	4294	-6911	1152	26832	210	-2	16791	83955	16791	69155640
-14551	2204	-6834	4686	-7227	1133	26833	209	-3	16792	83960	16792	69155640
-14745	1578	-6913	5036	-7401	1052	26834	207	-5	16793	83965	16793	69155640
-14986	913	-7035	5283	-7482	916	26835	209	-3	16794	83970	16794	69155641
-15238	420	-6857	5438	-7559	778	26836	215	3	16795	83975	16795	69155641
-15452	98	-6770	5548	-7640	659	26837	216	4	16796	83980	16796	69155642
-15591	-161	-6629	5548	-7658	577	26838	218	6	16797	83985	16797	69155644
-15603	-282	-6443	5222	-7628	539	26839	216	6	16798	83990	16798	69155644
-15554	-289	-6155	4680	-7618	536	26840	214	6	16799	83995	16799	69155645
-15475	-300	-5992	3995	-7583	549	26841	213	4	16800	84000	16800	69155657
-15240	-344	-5927	3220	-7503	584	26842	212	2	16801	84005	16801	69155675
-14950	-220	-5576	2343	-7498	628	26843	214	2	16802	84010	16802	69155675
-14764	77	-5196	1509	-7716	656	26844	216	2	16803	84015	16803	69155675
-14677	421	-5168	959	-8051	691	26845	214	0	16804	84020	16804	69155675
-14684	753	-5558	738	-8251	744	26846	210	-2	16805	84025	16805	69155675
-14711	1107	-5992	732	-8222	813	26847	210	-2	16806	84030	16806	69155675
-14647	1364	-6439	843	-8061	858	26848	210	-2	16807	84035	16807	69155675
-14538	1400	-6756	999	-7925	879	26849	212	1	16808	84040	16808	69155675
-14436	1140	-6842	1104	-7909	890	26850	216	6	16809	84045	16809	69155675
-14417	640	-6712	1117	-8005	854	26851	216	8	16810	84050	16810	69155675
-14556	65	-6484	1044	-8184	747	26852	216	10	16811	84055	16811	69155675
-14881	-398	-6156	907	-8401	602	26853	216	10	16812	84060	16812	69155686
-15385	-564	-5925	748	-8593	456	26854	217	9	16813	84065	16813	69155710
-15888	-484	-5767	605	-8672	338	26856	216	8	16814	84070	16814	69155721
-16196	-248	-5603	509	-8630	304	26857	214	6	16815	84075	16815	69155721
-16291	31	-5397	475	-8568	330	26858	216	9	16816	84080	16816	69155721
-16218	299	-5228	466	-8536	386	26859	217	11	16817	84085	16817	69155722
-16056	547	-5099	390	-8563	451	26860	216	15	16818	84090	16818	69155722
-15942	864	-4873	171	-8685	512	26861	215	17	16819	84095	16819	69155722
-15749	1335	-4662	-82	-8866	568	26862	216	17	16820	84100	16820	69155744
-15508	1852	-4545	-136	-9061	580	26863	217	17	16821	84105	16821	69155759
-15177	2254	-4509	101	-9274	536	26864	219	15	16822	84110	16822	69155759
-14861	2561	-4654	404	-9541	482	26865	220	14	16823	84115	16823	69155759
-14657	2670	-5014	613	-9814	470	26866	218	13	16824	84120	16824	69155759
-14537	2670	-5374	786	-9953	467	26867	216	12	16825	84125	16825	69155760
-14560	2732	-5612	1077	-9939	461	26868	217	18	16826	84130	16826	69155760
-14737	2761	-5766	1474	-9889	477	26869	218	22	16827	84135	16827	69155760
-14883	2705	-5657	1886	-9865	508	26870	217	20	16828	84140	16828	69155771
-14971	2612	-5311	2288	-9913	536	26871	216	18	16829	84145	16829	69155786
-15107	2471	-4911	2714	-10117	598	26872	215	22	16830	84150	16830	69155790
-15306	2307	-4543	3222	-10449	720	26873	215	25	16831	84155	16831	69155790
-15478	2240	-4557	3597	-10622	832	26874	215	27	16832	84160	16832	69155790
-15492	2074	-4517	3787	-10670	944	26875	215	27	16833	84165	16833	69155791
-15554	2044	-4523	3800	-10698	1070	26876	215	27	16834	84170	16834	69155791
-15570	1958	-4507	3730	-10717	1237	26877	215	27	16835	84175	16835	69155791
-15648	2026	-4443	3622	-10756	1427	26878	216	28	16836	84180	16836	69155791
-15806	2198	-4422	3532	-10843	1592	26879	216	28	16837	84185	16837	69155812
-15889	2448	-4491	3469	-10940	1718	26880	215	30	16838	84190	16838	69155822
-15907	2734	-4351	3447	-11028	1827	26881	215	31	16839	84195	16839	69155825
-15989	2842	-4388	3569	-11074	1901	26882	211	33	16840	84200	16840	69155825
-16197	2836	-4546	3763	-11021	1941	26883	210	34	16841	84205	16841	69155825
-16366	2731	-4743	3872	-10836	1942	26884	208	36	16842	84210	16842	69155825
-16423	2748	-4914	3843	-10544	1922	26885	208	36	16843	84215	16843	69155856
-16259	2785	-4940	3845	-10227	1877	26886	209	37	16844	84220	16844	69155865
-16008	2912	-4698	4122	-10012	1841	26887	209	37	16845	84225	16845	69155865
-15738	3027	-4312	4771	-9939	1819	26888	214	35	16846	84230	16846	69155865
-15506	2930	-3574	5776	-10062	1847	26889	215	35	16847	84235	16847	69155866
-15472	2724	-2992	6423	-10372	1879	26890	213	37	16848	84240	16848	69155866
-15522	2428	-2398	6756	-10759	1930	26891	213	37	16849	84245	16849	69155867
-15670	2170	-2018	6817	-11113	1914	26892	210	38	16850	84250	16850	69155872
-15806	1904	-1902	6788	-11359	1890	26893	210	38	16851	84255	16851	69155902
-15996	1660	-1732	6734	-11461	1827	26894	213	37	16852	84260	16852	69155902
-16116	1416	-1776	6714	-11483	1758	26895	213	37	16853	84265	16853	69155902
-16160	1184	-1842	6746	-11414	1668	26896	211	35	16854	84270	16854	69155902
-16265	1037	-1987	6775	-11340	1652	26897	211	35	16855	84275	16855	69155902
-16360	1022	-2010	6696	-11294	1578	26898	211	41	16856	84280	16856	69155902
-16376	992	-2092	6545	-11307	1567	26899	211	41	16857	84285	16857	69155902
-16431	1119	-2135	6331	-11292	1572	26900	209	44	16858	84290	16858	69155941
-16486	1246	-2178	6117	-11277	1577	26901	207	47	16859	84295	16859	69155979
-16376	1642	-2038	5970	-11162	1579	26902	207	39	16860	84300	16860	69155983
-16248	1926	-1966	5994	-10998	1569	26903	207	39	16861	84305	16861	69155984
-16104	2288	-1824	6299	-10804	1549	26904	207	47	16862	84310	16862	69155984
-15914	2286	-1840	6765	-10624	1604	26905	207	47	16863	84315	16863	69155984
-15940	2489	-1849	7206	-10502	1631	26906	214	44	16864	84320	16864	69155984
-16010	2574	-1807	7396	-10399	1582	26907	214	45	16865	84325	16865	69155985
-16102	2508	-1584	7556	-10247	1567	26908	215	47	16866	84330	16866	69155985
-16073	2616	-1408	7600	-10077	1535	26909	215	46	16867	84335	16867	69155985
-15950	2707	-1222	7586	-9968	1476	26910	215	43	16868	84340	16868	69155985
-15834	2650	-950	7622	-9946	1435	26911	213	44	16869	84345	16869	69155985
-16056	2588	-798	7668	-9917	1445	26912	207	49	16870	84350	16870	69155985
-16452	2381	-846	7680	-9846	1542	26913	208	49	16871	84355	16871	69155985
-16874	2236	-734	7596	-9741	1571	26914	210	46	16872	84360	16872	69155985
-17272	2051	-480	7170	-9576	1504	26915	209	47	16873	84365	16873	69156008
-17500	2085	-110	6534	-9535	1400	26916	206	50	16874	84370	16874	69156015
-17549	2364	279	5810	-9500	1229	26917	207	51	16875	84375	16875	69156015
-17462	2914	532	5236	-9345	1074	26918	211	55	16876	84380	16876	69156015
-17457	3690	314	4831	-8980	904	26919	211	55	16877	84385	16877	69156015
-17282	4382	-292	4433	-8222	728	26920	212	54	16878	84390	16878	69156016
-16849	4963	-745	4012	-7178	620	26921	212	55	16879	84395	16879	69156016
-16422	5388	-1074	3627	-6102	589	26922	210	60	16880	84400	16880	69156018
-15776	5358	-1049	3432	-5311	614	26923	208	56	16881	84405	16881	69156036
-15312	5294	-608	3475	-5100	671	26924	205	51	16882	84410	16882	69156053
-15144	5080	18	3718	-5334	732	26925	204	53	16883	84415	16883	69156053
-15088	4768	587	4135	-5960	806	26926	203	55	16884	84420	16884	69156053
-15050	4455	1192	4478	-6966	930	26927	205	56	16885	84425	16885	69156053
-15146	4221	1625	4683	-8153	1089	26928	209	57	16886	84430	16886	69156053
-15474	4105	1689	4922	-9133	1217	26929	208	56	16887	84435	16887	69156053
-15918	4022	1456	5227	-9748	1267	26930	205	53	16888	84440	16888	69156061
-16475	3593	920	5555	-9871	1327	26931	206	55	16889	84445	16889	69156093
-16980	3113	197	5509	-9416	1295	26932	208	62	16890	84450	16890	69156093
-17136	2824	82	5241	-8701	1162	26933	205	58	16891	84455	16891	69156093
-17106	2502	268	5140	-7896	993	26934	201	53	16892	84460	16892	69156093
-16960	2110	494	5328	-7222	833	26935	202	55	16893	84465	16893	69156093
-16763	1923	813	5657	-6794	672	26936	204	58	16894	84470	16894	69156093
-16452	1609	1189	6096	-6560	526	26937	204	56	16895	84475	16895	69156097
-16248	1328	1485	6721	-6452	436	26938	203	53	16896	84480	16896	69156117
-16304	966	1758	7351	-6487	409	26940	205	56	16897	84485	16897	69156139
-16324	450	2028	7606	-6634	465	26941	206	58	16898	84490	16898	69156139
-16575	353	2171	7349	-6761	456	26942	201	60	16899	84495	16899	69156140
-16828	518	2385	6691	-6755	342	26943	198	62	16900	84500	16900	69156140
-16985	791	2572	5900	-6518	234	26944	198	61	16901	84505	16901	69156140
-17172	1107	2632	5126	-6104	164	26945	198	60	16902	84510	16902	69156140
-17410	1592	2624	4406	-5594	43	26946	200	58	16903	84515	16903	69156141
-17381	1956	2530	3872	-5092	-62	26947	201	57	16904	84520	16904	69156151
-17471	2484	2494	3321	-4564	-49	26948	201	61	16905	84525	16905	69156165
-17482	3152	2901	2745	-4268	-116	26949	201	65	16906	84530	16906	69156169
-17398	3354	3323	2519	-4186	-157	26950	200	61	16907	84535	16907	69156169
-17214	3284	3727	2336	-4150	126	26951	199	59	16908	84540	16908	69156169
-16262	3828	3978	1893	-4338	66	26952	201	59	16909	84545	16909	69156169
-16083	3922	3560	1707	-4282	-462	26953	203	59	16910	84550	16910	69156170
-16747	3073	3058	1516	-3679	-37	26954	200	58	16911	84555	16911	69156174
-17831	3293	2766	688	-3422	120	26955	198	58	16912	84560	16912	69156207
-18185	3586	2353	-249	-3423	-46	26956	199	60	16913	84565	16913	69156227
-17465	3554	2107	-951	-3053	-77	26957	199	61	16914	84570	16914	69156227
-16752	3385	2230	-1220	-2485	-184	26958	201	63	16915	84575	16915	69156227
-16414	3199	2456	-1175	-2181	-235	26959	202	64	16916	84580	16916	69156227
-16215	3046	2955	-948	-2167	-248	26960	202	59	16917	84585	16917	69156227
-14778	2488	3276	-650	-2110	117	26961	202	58	16918	84590	16918	69156227
-13865	2889	3898	-427	-2020	80	26962	198	59	16919	84595	16919	69156237
-12396	3291	4622	131	-1918	-678	26963	197	59	16920	84600	16920	69156274
-15043	3895	5157	829	-2222	-917	26964	197	60	16921	84605	16921	69156284
-16013	3054	5376	1287	-3465	424	26965	197	61	16922	84610	16922	69156286
-16307	4222	4781	1300	-4638	-805	26966	200	63	16923	84615	16923	69156286
-18219	4864	5049	1587	-4021	-1134	26967	201	63	16924	84620	16924	69156287
-17516	4219	5215	1733	-3566	-23	26968	197	62	16925	84625	16925	69156288
-16561	4543	5110	1629	-3415	-153	26969	196	62	16926	84630	16926	69156288
