-16810	3669	1250	-2734	3532	-206	21869	202	64	11886	59430	11886	69131064
-16725	3736	1346	-2560	3688	-225	21870	199	61	11887	59435	11887	69131064
-16778	3805	1301	-2274	3892	-267	21871	199	61	11888	59440	11888	69131064
-16899	3672	1172	-1981	4194	-281	21872	198	60	11889	59445	11889	69131064
-16866	3631	1074	-1773	4708	-312	21873	200	58	11890	59450	11890	69131073
-16798	3654	1017	-1663	5169	-376	21874	203	55	11891	59455	11891	69131102
-16665	3634	877	-1468	5513	-455	21875	202	56	11892	59460	11892	69131125
-16572	3466	666	-1115	5683	-526	21876	201	57	11893	59465	11893	69131126
-16612	3167	360	-795	5673	-583	21877	202	57	11894	59470	11894	69131126
-16794	2905	296	-701	5595	-623	21878	204	56	11895	59475	11895	69131126
-17016	2778	374	-793	5623	-692	21879	201	53	11896	59480	11896	69131126
-17148	2781	419	-920	5865	-833	21881	196	48	11897	59485	11897	69131126
-17161	2896	378	-1040	6167	-988	21882	201	50	11898	59490	11898	69131136
-17129	3056	391	-1182	6374	-1072	21883	204	52	11899	59495	11899	69131142
-17061	3169	486	-1294	6589	-1102	21883	202	53	11900	59500	11900	69131142
-16979	3203	707	-1290	6896	-1122	21884	200	54	11901	59505	11901	69131142
-16890	3204	1013	-1151	7264	-1149	21885	202	51	11902	59510	11902	69131143
-16683	3272	1224	-989	7577	-1131	21886	204	46	11903	59515	11903	69131143
-16412	3438	1340	-895	7701	-1053	21887	206	48	11904	59520	11904	69131153
-16174	3635	1336	-816	7605	-940	21888	208	50	11905	59525	11905	69131187
-16110	3806	1207	-597	7385	-810	21890	206	51	11906	59530	11906	69131213
-16337	3725	964	-179	7233	-692	21891	203	51	11907	59535	11907	69131213
-16782	3351	550	160	7393	-663	21892	205	50	11908	59540	11908	69131214
-17074	2921	218	139	7930	-726	21893	206	50	11909	59545	11909	69131214
-17066	2748	129	-183	8640	-848	21894	205	48	11910	59550	11910	69131214
-16937	2674	248	-560	9161	-935	21895	204	46	11911	59555	11911	69131214
-16788	2570	349	-957	9359	-963	21896	203	47	11912	59560	11912	69131215
-16697	2440	563	-1402	9361	-964	21897	202	48	11913	59565	11913	69131243
-16680	2340	1017	-1813	9342	-923	21898	203	46	11914	59570	11914	69131263
-16528	2073	1372	-1949	9432	-884	21899	203	45	11915	59575	11915	69131263
-16285	1895	1443	-1805	9679	-872	21900	206	46	11916	59580	11916	69131263
-15997	1732	1275	-1558	10034	-890	21901	208	46	11917	59585	11917	69131263
-15754	1554	772	-1392	10355	-934	21902	206	41	11918	59590	11918	69131263
-15710	1460	317	-1453	10477	-976	21903	205	37	11919	59595	11919	69131263
-15757	1427	208	-1612	10443	-1009	21904	203	38	11920	59600	11920	69131268
-15893	1415	389	-1575	10349	-1014	21905	201	39	11921	59605	11921	69131294
-16088	1451	797	-1168	10210	-980	21906	206	36	11922	59610	11922	69131308
-16185	1504	832	-637	10168	-981	21907	207	35	11923	59615	11923	69131308
-16274	1613	515	-208	10256	-1008	21908	205	38	11924	59620	11924	69131308
-16457	1691	-38	-13	10486	-1097	21909	205	39	11925	59625	11925	69131308
-16490	1856	-496	-81	10910	-1275	21910	202	34	11926	59630	11926	69131308
-16464	2084	-609	-222	11439	-1488	21911	201	33	11927	59635	11927	69131308
-16546	2199	-707	-282	11826	-1630	21912	203	34	11928	59640	11928	69131308
-16672	2186	-1016	-431	11864	-1682	21913	204	34	11929	59645	11929	69131309
-16800	2093	-1384	-900	11626	-1690	21914	206	32	11930	59650	11930	69131309
-16620	2086	-1716	-1912	11346	-1701	21915	206	32	11931	59655	11931	69131309
-16510	2008	-1704	-2833	11263	-1716	21916	207	27	11932	59660	11932	69131309
-16590	1741	-1879	-3524	11365	-1707	21917	207	27	11933	59665	11933	69131309
-16700	1467	-2044	-4239	11747	-1686	21918	211	25	11934	59670	11934	69131315
-16649	1574	-1798	-4716	12296	-1707	21919	212	24	11935	59675	11935	69131317
-16265	1921	-1334	-4729	12582	-1716	21920	206	20	11936	59680	11936	69131317
-15846	2569	-820	-4435	12327	-1697	21921	205	19	11937	59685	11937	69131334
-15417	3154	-876	-4286	11655	-1659	21922	209	20	11938	59690	11938	69131363
-15264	3656	-1360	-4483	10811	-1604	21923	210	20	11939	59695	11939	69131369
-15300	3674	-1908	-4827	10528	-1539	21924	207	13	11940	59700	11940	69131369
-15388	3372	-2334	-5065	10704	-1471	21925	207	13	11941	59705	11941	69131369
-15512	3116	-2390	-5087	11125	-1413	21926	206	10	11942	59710	11942	69131369
-15668	2862	-2338	-4746	11476	-1360	21927	206	10	11943	59715	11943	69131370
-16020	2636	-2344	-4211	11584	-1340	21928	206	16	11944	59720	11944	69131370
-16266	2418	-2496	-3642	11573	-1293	21929	206	16	11945	59725	11945	69131370
-16238	2204	-2822	-3137	11534	-1232	21930	211	15	11946	59730	11946	69131395
-16152	1962	-3504	-2802	11439	-1172	21931	211	15	11947	59735	11947	69131407
-16080	1538	-4918	-2807	11432	-1133	21932	208	10	11948	59740	11948	69131407
-16078	1100	-5880	-2979	11573	-1122	21933	208	10	11949	59745	11949	69131407
-16028	984	-6492	-3383	11932	-1175	21934	205	3	11950	59750	11950	69131407
-15850	1212	-6334	-3849	12188	-1297	21935	205	3	11951	59755	11951	69131408
-15332	1838	-5430	-4282	12079	-1306	21936	204	4	11952	59760	11952	69131408
-14858	2788	-4532	-4611	11560	-1196	21937	204	4	11953	59765	11953	69131408
-14672	3730	-4622	-4577	10890	-985	21938	205	5	11954	59770	11954	69131408
-14730	4334	-5510	-4325	10674	-792	21939	205	5	11955	59775	11955	69131408
-14637	4720	-6600	-4368	11221	-628	21940	210	4	11956	59780	11956	69131420
-14338	5069	-6985	-4629	11866	-521	21941	209	4	11957	59785	11957	69131470
-13780	5179	-6913	-4618	12239	-423	21942	207	5	11958	59790	11958	69131475
-13303	5145	-6578	-4081	12110	-310	21943	207	4	11959	59795	11959	69131476
-13294	4889	-6328	-3031	11667	-195	21944	208	-2	11960	59800	11960	69131476
-13576	4517	-6502	-1700	11332	-116	21945	208	-2	11961	59805	11961	69131476
-14098	4216	-7104	-412	11348	-152	21946	209	-1	11962	59810	11962	69131477
-14494	3998	-7738	657	11799	-267	21947	208	-1	11963	59815	11963	69131477
-14554	3792	-8022	1408	12382	-355	21948	203	-1	11964	59820	11964	69131477
-14198	3783	-7705	1791	12684	-323	21949	203	-3	11965	59825	11965	69131477
-13602	3757	-7106	2048	12399	-185	21950	203	-9	11966	59830	11966	69131479
-13119	3502	-6870	2274	11645	-16	21951	204	-10	11967	59835	11967	69131484
-12907	3110	-7157	2390	10809	118	21952	207	-13	11968	59840	11968	69131484
-12986	2633	-8084	2290	10249	169	21953	205	-14	11969	59845	11969	69131484
-13036	2017	-9103	2200	10260	76	21954	199	-19	11970	59850	11970	69131484
-13045	1403	-9973	2340	10667	-162	21955	199	-18	11971	59855	11971	69131484
-13070	725	-10120	2502	11249	-489	21956	201	-13	11972	59860	11972	69131484
-13188	-190	-9442	2517	11890	-761	21957	201	-16	11973	59865	11973	69131500
-13168	-943	-8705	2203	12276	-909	21958	201	-21	11974	59870	11974	69131524
-12905	-1424	-8449	1503	12410	-878	21959	200	-21	11975	59875	11975	69131524
-12495	-1573	-8735	409	12475	-552	21960	198	-20	11976	59880	11976	69131524
-12099	-1322	-9082	-1131	12637	-60	21961	196	-22	11977	59885	11977	69131525
-11738	-772	-9068	-2895	12909	435	21962	194	-24	11978	59890	11978	69131525
-11414	143	-8286	-4479	13207	816	21963	197	-25	11979	59895	11979	69131525
-11174	1094	-7264	-5530	13394	1014	21964	201	-27	11980	59900	11980	69131525
-11096	1756	-6950	-5826	13458	1028	21965	198	-29	11981	59905	11981	69131541
-11128	2184	-7427	-5478	13586	967	21966	193	-31	11982	59910	11982	69131563
-11174	2471	-8294	-4897	13825	910	21967	195	-32	11983	59915	11983	69131564
-11186	2693	-9376	-4344	13984	898	21968	198	-34	11984	59920	11984	69131565
-11063	2771	-10180	-3669	13954	944	21969	197	-34	11985	59925	11985	69131565
-10846	2696	-10600	-2701	13708	1039	21970	195	-33	11986	59930	11986	69131566
-10808	2542	-10714	-1702	13228	1133	21971	195	-36	11987	59935	11987	69131566
-10874	2248	-10788	-1149	12576	1168	21972	196	-40	11988	59940	11988	69131567
-11008	2010	-10784	-1277	11901	1142	21974	193	-37	11989	59945	11989	69131570
-11195	2033	-10654	-1817	11354	1002	21975	190	-34	11990	59950	11990	69131589
-11371	2358	-10408	-2099	11039	813	21976	189	-38	11991	59955	11991	69131601
-11657	2721	-10262	-1995	10926	625	21977	189	-41	11992	59960	11992	69131601
-11866	3006	-10320	-1667	10974	478	21978	187	-40	11993	59965	11993	69131601
-12048	3246	-10480	-1474	11164	357	21979	186	-40	11994	59970	11994	69131601
-12116	3369	-10656	-1482	11369	319	21980	187	-39	11995	59975	11995	69131601
-12176	3266	-10860	-1481	11488	326	21981	187	-39	11996	59980	11996	69131608
-12139	2984	-11322	-1322	11637	305	21982	188	-40	11997	59985	11997	69131630
-11898	2681	-11675	-1166	11842	277	21983	189	-41	11998	59990	11998	69131641
-11579	2170	-11272	-1165	11799	322	21984	182	-44	11999	59995	11999	69131641
-11388	1814	-10751	-1263	11361	401	21985	178	-46	12000	60000	12000	69131641
-11371	1551	-10829	-1291	10994	484	21986	182	-45	12001	60005	12001	69131641
-11289	1495	-11406	-1400	11000	458	21987	184	-44	12002	60010	12002	69131641
-11009	1477	-11650	-1748	11124	404	21988	182	-48	12003	60015	12003	69131642
-10906	1590	-10976	-2264	11117	295	21989	180	-50	12004	60020	12004	69131647
-10907	1797	-10334	-2570	11002	211	21990	183	-52	12005	60025	12005	69131668
-11007	1519	-10530	-2626	10959	246	21991	185	-53	12006	60030	12006	69131680
-11179	1414	-11040	-3144	10993	283	21992	182	-48	12007	60035	12007	69131680
-11217	1470	-11052	-3801	11151	252	21993	181	-47	12008	60040	12008	69131680
-10834	1764	-11030	-3996	11263	293	21994	184	-52	12009	60045	12009	69131681
-10690	2146	-11801	-3718	11066	381	21995	185	-53	12010	60050	12010	69131681
-10755	1646	-12039	-3532	10868	638	21996	179	-52	12011	60055	12011	69131681
-10955	2137	-12360	-3749	10610	567	21997	178	-52	12012	60060	12012	69131681
-10773	3254	-12388	-4154	10426	459	21998	179	-56	12013	60065	12013	69131686
-10278	3806	-12302	-4342	10331	534	21999	179	-57	12014	60070	12014	69131710
-10416	3495	-12276	-4392	10026	471	22000	176	-59	12015	60075	12015	69131716
-10692	3737	-12605	-4398	9798	212	22001	175	-59	12016	60080	12016	69131716
-10856	4121	-12786	-4089	9823	75	22002	177	-58	12017	60085	12017	69131717
-10306	4508	-12695	-3362	9771	90	22003	178	-58	12018	60090	12018	69131717
-10474	4488	-12250	-2638	9627	44	22004	180	-59	12019	60095	12019	69131717
-10594	4997	-12231	-2366	9313	-116	22005	181	-59	12020	60100	12020	69131717
-10359	5432	-12623	-2044	9063	-278	22006	174	-60	12021	60105	12021	69131739
-9861	5663	-12988	-1631	8827	-356	22007	172	-60	12022	60110	12022	69131752
-9478	5590	-13224	-1218	8427	-439	22008	173	-69	12023	60115	12023	69131754
-9406	5826	-13246	-828	8251	-762	22009	173	-69	12024	60120	12024	69131754
-9104	5142	-13134	145	8248	-771	22010	167	-61	12025	60125	12025	69131754
-9356	4454	-13486	1001	8064	-842	22011	167	-61	12026	60130	12026	69131754
-9236	4710	-14476	1440	7789	-903	22012	174	-68	12027	60135	12027	69131754
-8800	4570	-15216	1854	7474	-792	22013	174	-68	12028	60140	12028	69131778
-8822	3888	-15368	1792	6988	-904	22014	170	-66	12029	60145	12029	69131805
-8860	3286	-15676	1384	6590	-843	22015	170	-66	12030	60150	12030	69131805
-8738	3552	-15520	964	6381	-919	22016	161	-67	12031	60155	12031	69131805
-8718	2706	-15124	859	6122	-1174	22017	161	-67	12032	60160	12032	69131805
-9014	3022	-14930	417	5933	-1226	22018	171	-65	12033	60165	12033	69131805
-9064	3354	-14960	-23	5815	-1102	22019	171	-65	12034	60170	12034	69131805
-8698	3654	-15414	-307	5632	-1146	22020	163	-71	12035	60175	12035	69131805
-8512	3170	-15848	-514	5269	-1235	22021	163	-71	12036	60180	12036	69131843
-8690	2960	-16252	-713	4649	-1365	22022	161	-63	12037	60185	12037	69131844
-8824	2912	-16172	-926	4131	-1370	22023	161	-63	12038	60190	12038	69131845
-8846	3106	-15926	-1345	3652	-1306	22024	168	-72	12039	60195	12039	69131845
-8975	4020	-15406	-1976	3038	-1313	22025	166	-70	12040	60200	12040	69131845
-9190	4634	-15449	-2148	2666	-1405	22026	160	-64	12041	60205	12041	69131845
-9335	4111	-15351	-2169	2390	-1452	22027	161	-65	12042	60210	12042	69131845
-9695	4310	-15077	-2384	1983	-1560	22028	164	-70	12043	60215	12043	69131845
-10035	4330	-15158	-2395	1619	-1640	22029	165	-69	12044	60220	12044	69131845
-10178	4523	-15359	-2317	1387	-1644	22030	167	-67	12045	60225	12045	69131850
-10276	4772	-15569	-2320	1093	-1596	22031	167	-68	12046	60230	12046	69131871
-10408	4992	-15434	-2406	780	-1544	22032	166	-72	12047	60235	12047	69131880
-10829	4928	-14930	-2474	392	-1524	22033	166	-71	12048	60240	12048	69131881
-11184	4881	-14713	-2274	148	-1524	22034	165	-65	12049	60245	12049	69131881
-11307	4872	-14870	-1984	-12	-1540	22035	165	-66	12050	60250	12050	69131881
-11136	5030	-14907	-1782	-181	-1542	22036	165	-71	12051	60255	12051	69131882
-11054	5020	-14788	-1558	-463	-1500	22037	165	-70	12052	60260	12052	69131885
-10913	5168	-14189	-1296	-720	-1452	22038	167	-65	12053	60265	12053	69131901
-10830	5252	-13943	-842	-1055	-1363	22039	167	-65	12054	60270	12054	69131916
-11020	5160	-14293	-137	-1402	-1270	22040	167	-63	12055	60275	12055	69131916
-11098	5092	-14603	396	-1606	-1305	22041	166	-66	12056	60280	12056	69131916
-11160	4979	-14633	552	-1861	-1400	22042	165	-71	12057	60285	12057	69131916
-11382	4761	-14307	674	-2219	-1482	22043	167	-69	12058	60290	12058	69131916
-11570	4510	-14243	1036	-2571	-1480	22044	169	-65	12059	60295	12059	69131916
-11665	4340	-14564	1426	-2870	-1404	22045	168	-66	12060	60300	12060	69131925
-11663	4239	-14730	1600	-3218	-1321	22046	166	-68	12061	60305	12061	69131949
-11601	4209	-14464	1652	-3613	-1265	22047	166	-68	12062	60310	12062	69131965
-11597	4113	-14138	1741	-3944	-1221	22048	167	-69	12063	60315	12063	69131965
-11594	3952	-14084	1870	-4209	-1178	22049	167	-71	12064	60320	12064	69131966
-11338	3850	-14189	1786	-4432	-1132	22050	165	-77	12065	60325	12065	69131966
-11137	4014	-14169	1538	-4668	-1106	22051	166	-72	12066	60330	12066	69131967
-10943	4162	-14088	1340	-4906	-1106	22052	167	-65	12067	60335	12067	69131967
-10848	4273	-13992	1160	-5129	-1126	22053	167	-66	12068	60340	12068	69131973
-10890	4296	-13987	1050	-5311	-1125	22054	169	-69	12069	60345	12069	69131985
-10861	4231	-14110	1060	-5432	-1088	22055	170	-72	12070	60350	12070	69131991
-10761	4246	-14245	984	-5583	-1046	22056	171	-73	12071	60355	12071	69131994
-10570	4359	-14280	736	-5836	-1002	22058	172	-69	12072	60360	12072	69131994
-10444	4428	-14110	465	-6121	-985	22059	173	-65	12073	60365	12073	69131994
-10406	4346	-13694	251	-6367	-986	22060	171	-68	12074	60370	12074	69131994
-10450	4261	-13325	131	-6571	-974	22061	170	-70	12075	60375	12075	69131994
-10603	4298	-13364	230	-6718	-894	22062	174	-67	12076	60380	12076	69132010
-10637	4292	-13683	492	-6807	-750	22063	177	-65	12077	60385	12077	69132031
-10488	4258	-13578	661	-6886	-623	22064	176	-65	12078	60390	12078	69132059
-10314	4264	-13239	626	-7091	-564	22065	175	-65	12079	60395	12079	69132076
-10213	4232	-13098	450	-7411	-543	22065	174	-64	12080	60400	12080	69132078
-10354	4103	-12997	195	-7723	-541	22067	172	-62	12081	60405	12081	69132079
-10554	3942	-12694	242	-7757	-549	22068	173	-59	12082	60410	12082	69132079
-10571	3690	-12640	574	-7678	-527	22069	173	-57	12083	60415	12083	69132079
-10591	3552	-12700	754	-7675	-467	22070	174	-59	12084	60420	12084	69132079
-10565	3541	-12704	574	-7717	-402	22071	175	-61	12085	60425	12085	69132080
-10384	3616	-12608	305	-7786	-337	22072	172	-60	12086	60430	12086	69132080
-10206	3676	-12475	219	-7936	-286	22073	170	-60	12087	60435	12087	69132080
-10063	3824	-12359	231	-8216	-234	22074	174	-61	12088	60440	12088	69132080
-10046	4046	-12496	135	-8693	-182	22075	176	-62	12089	60445	12089	69132080
-10343	4045	-12761	11	-9041	-182	22076	175	-58	12090	60450	12090	69132080
-10617	3983	-12889	104	-9130	-228	22077	175	-57	12091	60455	12091	69132101
-10831	3848	-12652	467	-9075	-282	22078	175	-59	12092	60460	12092	69132106
-10965	3616	-12170	884	-9070	-273	22079	175	-59	12093	60465	12093	69132106
-11196	3484	-11720	1169	-9151	-222	22080	183	-53	12094	60470	12094	69132106
-11416	3414	-11693	1438	-9189	-146	22081	185	-51	12095	60475	12095	69132106
-11419	3407	-11916	1651	-9086	-61	22082	185	-51	12096	60480	12096	69132106
-11321	3410	-12269	1671	-8963	20	22083	185	-51	12097	60485	12097	69132106
-11284	3423	-12086	1264	-9023	43	22084	185	-51	12098	60490	12098	69132113
-11418	3356	-11543	879	-9226	-9	22085	185	-51	12099	60495	12099	69132138
-11614	3096	-11331	933	-9434	-91	22086	183	-49	12100	60500	12100	69132144
-11884	2799	-11484	1251	-9502	-205	22087	182	-48	12101	60505	12101	69132144
-11977	2623	-11366	1453	-9496	-316	22088	179	-53	12102	60510	12102	69132144
-12000	2476	-11396	1492	-9577	-397	22089	178	-54	12103	60515	12103	69132144
-12175	2307	-11472	1500	-9724	-474	22090	182	-48	12104	60520	12104	69132144
-12349	2160	-11472	1491	-9791	-543	22091	183	-47	12105	60525	12105	69132144
-12444	2072	-11080	1620	-9822	-615	22092	183	-49	12106	60530	12106	69132181
-12488	1896	-10784	1910	-9933	-654	22093	183	-49	12107	60535	12107	69132181
-12466	1768	-10862	2060	-10118	-630	22094	186	-48	12108	60540	12108	69132181
-12526	1682	-10994	1918	-10155	-568	22095	186	-48	12109	60545	12109	69132181
-12688	1892	-11060	1733	-10065	-531	22096	188	-44	12110	60550	12110	69132181
-12746	2094	-10768	1789	-9938	-466	22097	188	-44	12111	60555	12111	69132182
-12613	2242	-10546	1931	-9924	-430	22098	186	-46	12112	60560	12112	69132182
-12540	2302	-10347	2092	-9928	-422	22099	186	-46	12113	60565	12113	69132190
-12450	2338	-10272	2284	-9969	-419	22100	190	-44	12114	60570	12114	69132219
-12468	2318	-10280	2348	-10093	-455	22101	190	-44	12115	60575	12115	69132219
-12510	2324	-10300	2295	-10338	-500	22102	189	-39	12116	60580	12116	69132219
-12672	2456	-9994	2284	-10519	-514	22103	189	-39	12117	60585	12117	69132220
-12794	2554	-9920	2504	-10609	-543	22104	192	-38	12118	60590	12118	69132220
-12852	2608	-10238	2716	-10627	-566	22105	192	-38	12119	60595	12119	69132220
-12870	2626	-10394	2682	-10615	-602	22106	191	-41	12120	60600	12120	69132220
-12696	2716	-10202	2448	-10725	-635	22107	191	-41	12121	60605	12121	69132235
-12780	2696	-9682	2299	-10989	-662	22108	190	-34	12122	60610	12122	69132259
-12906	2534	-9154	2449	-11271	-684	22109	190	-34	12123	60615	12123	69132259
-12968	2292	-8897	2808	-11455	-694	22110	190	-32	12124	60620	12124	69132259
-13032	2074	-8838	3190	-11653	-683	22111	191	-32	12125	60625	12125	69132259
-13100	1868	-8762	3354	-11868	-616	22112	195	-31	12126	60630	12126	69132259
-13129	1857	-8767	3244	-12044	-557	22113	195	-31	12127	60635	12127	69132259
-13177	1971	-8664	3082	-12203	-514	22114	196	-32	12128	60640	12128	69132265
-13152	2078	-8804	3003	-12346	-466	22115	196	-32	12129	60645	12129	69132295
-13190	2088	-8896	2894	-12504	-366	22116	193	-23	12130	60650	12130	69132297
-13264	1999	-8468	2788	-12605	-312	22117	195	-23	12131	60655	12131	69132297
-13329	1858	-8250	2874	-12650	-298	22118	203	-23	12132	60660	12132	69132297
-13386	1598	-8128	3110	-12684	-288	22119	201	-23	12133	60665	12133	69132297
-13408	1343	-8161	3344	-12720	-303	22120	194	-24	12134	60670	12134	69132297
-13546	1331	-8188	3505	-12772	-317	22121	196	-24	12135	60675	12135	69132297
-13677	1378	-8168	3600	-12916	-382	22122	202	-26	12136	60680	12136	69132301
-13837	1445	-8040	3626	-13042	-474	22123	202	-24	12137	60685	12137	69132319
-13882	1493	-7856	3606	-13120	-527	22124	200	-18	12138	60690	12138	69132334
-13876	1352	-7772	3741	-13201	-512	22125	200	-18	12139	60695	12139	69132334
-13900	1156	-7647	4011	-13324	-423	22126	201	-19	12140	60700	12140	69132335
-13978	1100	-7484	4061	-13420	-336	22127	203	-18	12141	60705	12141	69132335
-14014	1152	-7312	3824	-13435	-271	22128	206	-16	12142	60710	12142	69132335
-14054	1368	-7377	3455	-13308	-245	22129	203	-17	12143	60715	12143	69132335
-14018	1537	-7483	3138	-13115	-252	22130	199	-19	12144	60720	12144	69132349
-13936	1566	-7428	2937	-12972	-253	22131	200	-17	12145	60725	12145	69132377
-13820	1515	-7262	2936	-12937	-179	22132	202	-10	12146	60730	12146	69132387
-13819	1510	-7207	3197	-12906	-80	22133	202	-11	12147	60735	12147	69132387
-13810	1574	-7253	3398	-12821	63	22134	202	-12	12148	60740	12148	69132387
-13868	1593	-7266	3339	-12719	184	22135	202	-12	12149	60745	12149	69132387
-13930	1580	-6926	3197	-12617	251	22136	203	-11	12150	60750	12150	69132387
-14069	1586	-6342	3155	-12598	258	22137	205	-10	12151	60755	12151	69132387
-14167	1600	-5817	3293	-12679	231	22138	207	-9	12152	60760	12152	69132397
-14200	1622	-5554	3543	-12794	213	22139	207	-8	12153	60765	12153	69132411
-14188	1603	-5447	3795	-12873	233	22140	207	-7	12154	60770	12154	69132411
-14137	1474	-5522	3957	-12878	304	22141	206	-6	12155	60775	12155	69132411
-14138	1142	-5663	3914	-12802	438	22143	205	-5	12156	60780	12156	69132411
-14162	868	-5717	3674	-12654	575	22144	209	-4	12157	60785	12157	69132411
-14052	774	-5619	3623	-12475	679	22145	211	-3	12158	60790	12158	69132411
-13898	754	-5452	3849	-12352	771	22146	207	-2	12159	60795	12159	69132435
-13850	731	-5311	4101	-12421	871	22147	205	-1	12160	60800	12160	69132452
-13895	703	-5262	4181	-12662	990	22147	207	0	12161	60805	12161	69132452
-14123	669	-5340	3952	-12957	1095	22148	209	1	12162	60810	12162	69132452
-14538	662	-5376	3448	-13054	1125	22149	211	1	12163	60815	12163	69132452
-14906	780	-5071	2775	-12942	1118	22151	214	2	12164	60820	12164	69132453
-15309	1030	-4521	2307	-12857	1110	22152	207	3	12165	60825	12165	69132453
-15648	1232	-3977	2219	-12872	1154	22153	202	4	12166	60830	12166	69132453
-15768	1408	-3669	2409	-12878	1238	22154	206	6	12167	60835	12167	69132502
-15854	1452	-3839	2676	-12769	1337	22155	209	7	12168	60840	12168	69132535
-15968	1383	-4258	2637	-12520	1421	22156	207	10	12169	60845	12169	69132535
-15829	1399	-4498	1978	-12231	1435	22157	206	12	12170	60850	12170	69132535
-15530	1498	-4224	1086	-12164	1354	22158	204	13	12171	60855	12171	69132535
-15251	1661	-3842	534	-12531	1277	22159	203	13	12172	60860	12172	69132536
-15172	1788	-3613	826	-13063	1282	22160	213	8	12173	60865	12173	69132536
-15225	1844	-3517	1681	-13418	1328	22161	215	7	12174	60870	12174	69132537
-15434	1666	-3336	2574	-13509	1433	22162	213	9	12175	60875	12175	69132559
-15548	1479	-3204	3028	-13432	1529	22163	213	9	12176	60880	12176	69132592
-15612	1485	-2986	2981	-13407	1569	22164	210	11	12177	60885	12177	69132600
-15584	1595	-2745	2792	-13437	1570	22165	208	12	12178	60890	12178	69132600
-15558	1810	-2589	2760	-13443	1531	22166	209	17	12179	60895	12179	69132600
-15503	1970	-2570	2861	-13377	1497	22167	209	21	12180	60900	12180	69132600
-15515	2092	-2304	2692	-13289	1393	22168	213	23	12181	60905	12181	69132601
-15548	2218	-2047	2199	-13262	1221	22169	214	24	12182	60910	12182	69132601
-15750	2279	-2241	1686	-13215	1092	22170	208	27	12183	60915	12183	69132601
-15981	2502	-2340	1442	-12914	1003	22171	206	28	12184	60920	12184	69132602
-16026	2778	-2302	1790	-12413	913	22172	208	26	12185	60925	12185	69132602
-15712	2831	-1991	2601	-12088	868	22173	208	26	12186	60930	12186	69132602
-15423	2710	-1388	3370	-12166	892	22174	203	24	12187	60935	12187	69132602
-15280	2571	-1026	3891	-12617	942	22175	202	24	12188	60940	12188	69132607
-15398	2410	-1102	4183	-13279	913	22176	209	31	12189	60945	12189	69132609
-15646	2060	-2062	4224	-13756	813	22177	209	31	12190	60950	12190	69132609
-15880	1694	-2736	4043	-14132	688	22178	205	35	12191	60955	12191	69132642
-16128	1198	-2748	3732	-14351	558	22179	205	35	12192	60960	12192	69132661
-16258	993	-2413	3430	-14439	406	22180	208	34	12193	60965	12193	69132661
-16466	1078	-1975	3119	-14523	279	22181	208	34	12194	60970	12194	69132661
-16301	1099	-1620	2932	-14536	222	22182	209	33	12195	60975	12195	69132662
-16307	1405	-1042	2855	-14471	107	22183	209	33	12196	60980	12196	69132662
-16440	1912	-466	2810	-14397	13	22184	203	39	12197	60985	12197	69132662
-16392	2470	-206	2682	-14224	-22	22185	202	40	12198	60990	12198	69132662
-16256	2878	-460	2262	-14003	-96	22186	206	46	12199	60995	12199	69132662
-16194	3058	-684	1735	-13741	-2	22187	206	46	12200	61000	12200	69132684
-16288	3318	-1318	1371	-13407	225	22188	206	48	12201	61005	12201	69132716
-16490	3410	-1632	1167	-12963	411	22189	206	48	12202	61010	12202	69132716
-16394	3808	-1858	980	-12335	704	22190	210	50	12203	61015	12203	69132717
-16550	4338	-1892	659	-11604	889	22191	210	50	12204	61020	12204	69132717
-16552	4856	-2094	536	-10898	1087	22192	210	46	12205	61025	12205	69132717
-16773	5154	-2216	560	-10111	1444	22193	210	46	12206	61030	12206	69132717
-17031	5472	-2268	461	-9541	1739	22194	210	44	12207	61035	12207	69132718
-17422	5706	-2257	201	-9001	2066	22195	208	45	12208	61040	12208	69132718
-17744	5674	-1944	-52	-8462	2450	22196	201	47	12209	61045	12209	69132718
-17842	5672	-1682	-227	-8049	2727	22197	201	47	12210	61050	12210	69132719
-17716	5590	-1126	-227	-7647	3001	22198	203	55	12211	61055	12211	69132719
-17324	5562	-260	14	-7414	3191	22199	203	55	12212	61060	12212	69132719
-16648	5670	614	242	-7491	3227	22200	200	52	12213	61065	12213	69132719
-16640	5012	896	585	-7698	3272	22201	200	52	12214	61070	12214	69132719
-16153	4558	959	1099	-7945	3284	22202	199	51	12215	61075	12215	69132720
-15854	4234	871	1801	-8045	2979	22203	199	52	12216	61080	12216	69132723
-15683	3135	765	2722	-7895	2632	22204	198	58	12217	61085	12217	69132735
-16147	1894	775	3502	-7621	2348	22205	198	57	12218	61090	12218	69132744
-16126	1488	1300	4048	-7342	2056	22206	200	52	12219	61095	12219	69132744
-16245	1136	1880	4753	-7171	1660	22207	199	52	12220	61100	12220	69132744
-16164	866	2315	5472	-7139	1372	22208	196	50	12221	61105	12221	69132744
-15471	919	2600	6078	-7027	829	22209	198	51	12222	61110	12222	69132744
-14969	400	2762	6555	-6626	-129	22210	203	55	12223	61115	12223	69132744
-17876	-558	2820	6595	-6354	-351	22211	201	54	12224	61120	12224	69132744
-19416	-842	2607	5730	-6793	484	22212	197	53	12225	61125	12225	69132755
-18690	-510	2220	4380	-7365	869	22213	197	53	12226	61130	12226	69132778
-17966	71	2397	3243	-6849	743	22214	195	55	12227	61135	12227	69132784
-17512	315	2597	2689	-5916	578	22215	196	56	12228	61140	12228	69132784
-17198	524	2229	2462	-5185	516	22216	201	61	12229	61145	12229	69132784
-17167	1018	1689	2214	-4635	470	22217	200	62	12230	61150	12230	69132784
-17209	1681	994	1942	-3931	406	22218	197	63	12231	61155	12231	69132784
-17216	2180	694	1832	-3182	334	22219	198	60	12232	61160	12232	69132784
-17179	2528	673	1814	-2475	289	22220	200	56	12233	61165	12233	69132802
-17145	2752	774	1860	-2002	276	22221	198	58	12234	61170	12234	69132836
-17235	2916	698	1913	-1813	258	22222	196	62	12235	61175	12235	69132847
-17386	2913	514	1852	-1782	235	22223	196	63	12236	61180	12236	69132848
-17408	2717	312	1552	-1771	215	22224	197	65	12237	61185	12237	69132848
-17394	2470	149	891	-1757	186	22225	197	62	12238	61190	12238	69132848
-17381	2384	251	-295	-1711	121	22227	197	57	12239	61195	12239	69132848
-17386	2494	378	-1619	-1579	-7	22228	201	57	12240	61200	12240	69132848
-17291	2702	497	-2591	-1328	-154	22229	203	57	12241	61205	12241	69132848
-15949	2867	699	-3054	-1066	-423	22230	204	57	12242	61210	12242	69132881
-13907	3156	822	-2986	-695	-1163	22230	204	56	12243	61215	12243	69132918
-14510	3745	1149	-2352	121	-1809	22231	200	58	12244	61220	12244	69132923
-18020	4033	1494	-1567	310	-989	22232	194	60	12245	61225	12245	69132923
-19144	4002	998	-940	-891	-312	22233	195	61	12246	61230	12246	69132924
-17946	4117	932	-413	-1093	-532	22235	196	62	12247	61235	12247	69132925
-16577	4173	1334	185	-133	-458	22236	200	61	12248	61240	12248	69132925
-16214	4235	1462	1050	258	-428	22237	202	60	12249	61245	12249	69132925
-16207	4141	1490	2161	76	-325	22238	198	58	12250	61250	12250	69132925
-16281	3914	1414	3197	-335	-193	22239	195	57	12251	61255	12251	69132925
-16354	3654	1359	3861	-735	-71	22240	199	59	12252	61260	12252	69132925
-16430	3452	1392	4060	-1016	8	22241	202	60	12253	61265	12253	69132925
-16504	3375	1591	3965	-1090	42	22242	196	56	12254	61270	12254	69132942
-16438	3421	1998	3843	-969	46	22243	192	54	12255	61275	12255	69132963
-16249	3275	2480	3798	-720	29	22244	198	59	12256	61280	12256	69132969
-16049	2916	2720	3725	-600	14	22245	200	60	12257	61285	12257	69132970
-15941	2631	2717	3556	-596	-13	22246	200	60	12258	61290	12258	69132971
-15890	2279	2649	3316	-597	-53	22247	200	60	12259	61295	12259	69132972
-15935	1918	2606	3049	-539	-100	22248	198	58	12260	61300	12260	69132972
-16018	1589	2666	2806	-412	-138	22249	197	57	12261	61305	12261	69132973
-16067	1370	2838	2621	-281	-165	22250	196	56	12262	61310	12262	69132973
-16087	1262	3064	2544	-272	-160	22251	196	56	12263	61315	12263	69132974
-16202	1203	3263	2576	-506	-137	22252	195	58	12264	61320	12264	69132974
-16438	1207	3176	2666	-844	-146	22253	195	59	12265	61325	12265	69132974
-16682	1133	3012	2721	-1027	-154	22254	197	56	12266	61330	12266	69132975
-16879	1109	2823	2610	-1010	-214	22255	197	55	12267	61335	12267	69132975
-16831	1108	2686	2298	-938	-287	22256	202	55	12268	61340	12268	69132975
-16852	1318	2553	1943	-869	-364	22257	203	55	12269	61345	12269	69132976
-16844	1448	2360	1668	-841	-427	22258	200	50	12270	61350	12270	69132976
-16670	1553	2004	1398	-867	-464	22259	199	49	12271	61355	12271	69132984
-16439	1508	1726	1051	-949	-450	22260	196	60	12272	61360	12272	69133004
-16582	1802	1652	473	-1178	-488	22261	195	63	12273	61365	12273	69133008
-16409	1980	1642	138	-1231	-485	22262	200	56	12274	61370	12274	69133008
-16462	2235	1574	-139	-1188	-476	22263	201	55	12275	61375	12275	69133008
-16420	2487	1520	-277	-1045	-463	22264	199	57	12276	61380	12276	69133008
-16402	2669	1649	-320	-899	-402	22265	198	58	12277	61385	12277	69133008
-16375	2723	1790	-297	-804	-342	22266	198	58	12278	61390	12278	69133008
-16398	2909	1942	-263	-769	-291	22267	198	58	12279	61395	12279	69133008
-16347	3128	1968	-255	-775	-256	22268	193	64	12280	61400	12280	69133008
-16348	3234	2020	-307	-818	-247	22269	192	66	12281	61405	12281	69133025
-16428	3424	1900	-349	-825	-274	22270	195	51	12282	61410	12282	69133063
-16484	3424	1826	-255	-803	-309	22271	195	51	12283	61415	12283	69133063
-16478	3440	1768	-55	-721	-354	22272	196	60	12284	61420	12284	69133063
-16356	3512	1728	195	-640	-410	22273	196	60	12285	61425	12285	69133063
-16250	3572	1824	556	-657	-448	22274	205	53	12286	61430	12286	69133063
-16142	3582	2080	1056	-785	-462	22275	205	53	12287	61435	12287	69133063
-16138	3614	2260	1635	-984	-458	22276	204	58	12288	61440	12288	69133063
-15794	3624	2144	2128	-1097	-371	22277	204	58	12289	61445	12289	69133063
