838	-274	-15996	17	-641	-70	4652	39	-134	3176	15880	3176	69942915
804	-308	-16118	11	-647	-83	4653	39	-133	3177	15885	3177	69942915
792	-312	-15982	14	-640	-86	4654	42	-136	3178	15890	3178	69942916
810	-344	-16082	5	-635	-95	4655	42	-136	3179	15895	3179	69942916
770	-284	-16066	-1	-641	-118	4656	46	-138	3180	15900	3180	69942916
864	-316	-16098	-4	-644	-122	4657	46	-138	3181	15905	3181	69942916
784	-286	-15948	-18	-648	-124	4658	41	-137	3182	15910	3182	69942949
769	-324	-15958	-19	-661	-136	4659	41	-137	3183	15915	3183	69942949
809	-294	-16090	-21	-656	-146	4660	39	-135	3184	15920	3184	69942949
752	-302	-16030	-26	-673	-154	4661	39	-135	3185	15925	3185	69942949
878	-300	-15978	-31	-679	-160	4662	41	-139	3186	15930	3186	69942949
868	-274	-16052	-31	-679	-170	4663	41	-139	3187	15935	3187	69942949
752	-282	-16078	-21	-697	-180	4664	43	-137	3188	15940	3188	69942950
782	-236	-16104	-37	-687	-183	4665	43	-137	3189	15945	3189	69942950
812	-306	-16036	-36	-696	-188	4666	40	-138	3190	15950	3190	69942950
754	-244	-16146	-22	-701	-201	4667	40	-138	3191	15955	3191	69942950
780	-266	-16122	-22	-697	-205	4668	40	-136	3192	15960	3192	69942973
820	-246	-16046	-33	-700	-207	4669	40	-136	3193	15965	3193	69942982
767	-208	-16076	-22	-680	-219	4670	43	-139	3194	15970	3194	69942982
746	-186	-16086	-15	-665	-223	4671	43	-139	3195	15975	3195	69942982
714	-220	-16038	-19	-653	-215	4672	42	-138	3196	15980	3196	69942982
706	-226	-15979	-16	-646	-218	4673	42	-137	3197	15985	3197	69942983
725	-183	-16000	-31	-644	-232	4674	42	-132	3198	15990	3198	69942985
763	-161	-15981	-33	-660	-231	4675	43	-133	3199	15995	3199	69943000
736	-148	-16038	-35	-670	-226	4676	45	-135	3200	16000	3200	69943022
716	-154	-16074	-31	-674	-234	4677	45	-135	3201	16005	3201	69943023
730	-154	-16034	-35	-655	-222	4678	35	-139	3202	16010	3202	69943023
782	-154	-16017	-44	-655	-228	4679	35	-138	3203	16015	3203	69943023
734	-182	-16036	-45	-629	-234	4680	36	-136	3204	16020	3204	69943023
711	-162	-16063	-37	-622	-233	4681	37	-136	3205	16025	3205	69943027
763	-178	-15914	-39	-622	-231	4682	40	-138	3206	16030	3206	69943045
728	-171	-15957	-42	-616	-231	4683	41	-139	3207	16035	3207	69943062
746	-136	-16000	-53	-607	-235	4684	45	-141	3208	16040	3208	69943062
802	-114	-16024	-57	-605	-228	4685	44	-140	3209	16045	3209	69943064
772	-155	-16042	-57	-598	-227	4686	41	-137	3210	16050	3210	69943071
780	-165	-16037	-50	-595	-228	4687	41	-137	3211	16055	3211	69943072
777	-106	-15989	-39	-592	-230	4688	40	-138	3212	16060	3212	69943072
797	-57	-15985	-28	-591	-233	4689	40	-137	3213	16065	3213	69943084
782	-92	-15983	-20	-589	-222	4690	39	-135	3214	16070	3214	69943101
799	-125	-15986	-17	-594	-218	4691	39	-135	3215	16075	3215	69943102
792	-104	-16008	-9	-606	-210	4692	38	-136	3216	16080	3216	69943102
799	-96	-15997	-7	-616	-203	4693	38	-135	3217	16085	3217	69943102
757	-89	-16042	-6	-609	-207	4694	37	-133	3218	16090	3218	69943102
794	-83	-16048	-3	-603	-197	4695	39	-135	3219	16095	3219	69943102
730	-71	-16034	-11	-610	-187	4696	43	-139	3220	16100	3220	69943102
704	-63	-15984	-6	-609	-190	4697	43	-139	3221	16105	3221	69943114
705	-43	-15976	-9	-605	-191	4698	42	-138	3222	16110	3222	69943135
724	-46	-16006	-10	-616	-181	4699	41	-138	3223	16115	3223	69943139
714	-29	-16031	-6	-615	-174	4700	39	-137	3224	16120	3224	69943140
732	-52	-16049	-3	-610	-176	4701	40	-138	3225	16125	3225	69943140
710	-79	-16044	-1	-609	-175	4702	41	-139	3226	16130	3226	69943141
683	-89	-16014	-5	-612	-167	4704	42	-138	3227	16135	3227	69943142
695	-107	-16022	-2	-617	-156	4705	42	-136	3228	16140	3228	69943142
665	-91	-15975	4	-608	-151	4706	40	-135	3229	16145	3229	69943146
673	-74	-16003	4	-599	-150	4707	39	-135	3230	16150	3230	69943165
658	-112	-15978	0	-589	-142	4708	38	-137	3231	16155	3231	69943177
655	-131	-16048	0	-598	-140	4709	38	-138	3232	16160	3232	69943177
644	-115	-16140	2	-612	-143	4709	37	-138	3233	16165	3233	69943177
647	-105	-16039	-2	-615	-140	4710	36	-138	3234	16170	3234	69943177
691	-106	-16015	-11	-607	-128	4712	38	-137	3235	16175	3235	69943178
598	-113	-16057	-17	-594	-125	4713	40	-136	3236	16180	3236	69943178
598	-121	-16039	-21	-583	-124	4714	39	-136	3237	16185	3237	69943202
653	-148	-16086	-28	-575	-122	4715	38	-136	3238	16190	3238	69943218
691	-143	-16068	-36	-576	-117	4716	43	-140	3239	16195	3239	69943218
715	-131	-16037	-34	-585	-112	4717	47	-143	3240	16200	3240	69943218
757	-112	-15991	-37	-589	-101	4718	44	-140	3241	16205	3241	69943218
694	-108	-16056	-36	-588	-99	4719	42	-138	3242	16210	3242	69943218
685	-128	-16104	-34	-584	-91	4720	45	-139	3243	16215	3243	69943218
688	-114	-16030	-42	-575	-85	4721	47	-139	3244	16220	3244	69943226
668	-74	-16010	-42	-570	-81	4722	41	-139	3245	16225	3245	69943250
669	-84	-16023	-38	-572	-71	4723	39	-139	3246	16230	3246	69943256
681	-61	-16060	-46	-570	-61	4724	35	-132	3247	16235	3247	69943256
663	-78	-16080	-49	-560	-62	4725	34	-130	3248	16240	3248	69943256
627	-76	-16026	-57	-559	-63	4726	40	-135	3249	16245	3249	69943257
651	-106	-15964	-71	-554	-46	4727	44	-138	3250	16250	3250	69943257
666	-121	-15952	-69	-552	-36	4728	42	-137	3251	16255	3251	69943257
663	-68	-15957	-68	-544	-30	4729	40	-136	3252	16260	3252	69943257
696	-65	-15971	-79	-536	-14	4730	38	-136	3253	16265	3253	69943288
662	-111	-15958	-86	-534	7	4731	38	-136	3254	16270	3254	69943297
698	-100	-15935	-101	-534	20	4732	43	-138	3255	16275	3255	69943297
721	-86	-15938	-115	-542	28	4733	44	-138	3256	16280	3256	69943298
818	-31	-15935	-114	-528	39	4734	42	-133	3257	16285	3257	69943298
794	41	-15976	-107	-513	52	4735	42	-132	3258	16290	3258	69943298
748	48	-16066	-96	-508	69	4736	40	-135	3259	16295	3259	69943299
812	44	-16024	-113	-506	85	4737	40	-136	3260	16300	3260	69943307
856	-18	-16006	-112	-506	95	4738	38	-138	3261	16305	3261	69943390
842	98	-15974	-110	-500	104	4739	38	-138	3262	16310	3262	69943391
870	30	-15966	-85	-475	115	4740	40	-130	3263	16315	3263	69943391
834	42	-16026	-86	-478	120	4741	40	-130	3264	16320	3264	69943391
891	64	-16076	-81	-473	124	4742	40	-133	3265	16325	3265	69943392
873	54	-16140	-82	-485	133	4743	40	-134	3266	16330	3266	69943392
906	12	-16024	-65	-486	137	4744	41	-140	3267	16335	3267	69943393
980	36	-16091	-53	-476	139	4745	41	-141	3268	16340	3268	69943419
890	42	-16110	-52	-484	158	4746	40	-136	3269	16345	3269	69943438
970	-10	-16006	-43	-494	165	4747	40	-136	3270	16350	3270	69943438
928	-22	-16058	-32	-509	167	4748	42	-140	3271	16355	3271	69943439
974	-10	-16086	-19	-530	167	4749	42	-140	3272	16360	3272	69943439
922	-28	-16140	-35	-527	178	4750	40	-136	3273	16365	3273	69943439
892	-58	-16068	-24	-530	176	4751	40	-136	3274	16370	3274	69943439
924	-18	-16094	-29	-540	182	4752	42	-140	3275	16375	3275	69943439
922	-110	-16014	-39	-526	169	4753	42	-140	3276	16380	3276	69943439
881	-70	-16038	-54	-516	161	4754	44	-138	3277	16385	3277	69943439
887	-89	-16044	-59	-514	161	4755	44	-138	3278	16390	3278	69943439
830	-148	-15995	-53	-510	162	4756	43	-139	3279	16395	3279	69943439
843	-242	-15982	-49	-519	165	4757	42	-139	3280	16400	3280	69943441
880	-222	-15944	-37	-533	171	4758	38	-136	3281	16405	3281	69943449
788	-332	-16002	-29	-536	174	4759	38	-136	3282	16410	3282	69943449
766	-328	-15816	-36	-553	193	4760	40	-140	3283	16415	3283	69943450
764	-380	-15868	-38	-567	197	4761	40	-140	3284	16420	3284	69943450
762	-364	-15822	-41	-553	226	4762	42	-136	3285	16425	3285	69943450
813	-401	-15822	-43	-566	228	4763	42	-136	3286	16430	3286	69943451
873	-447	-15810	-31	-582	240	4764	40	-138	3287	16435	3287	69943451
909	-370	-15920	-27	-607	239	4765	40	-138	3288	16440	3288	69943452
914	-394	-16030	-4	-629	254	4766	42	-140	3289	16445	3289	69943464
931	-360	-16146	0	-658	265	4767	41	-141	3290	16450	3290	69943488
966	-349	-16098	-12	-664	272	4768	38	-144	3291	16455	3291	69943488
954	-345	-16102	-50	-665	275	4769	39	-143	3292	16460	3292	69943488
928	-342	-16156	-99	-661	283	4770	43	-139	3293	16465	3293	69943488
941	-306	-16162	-153	-660	268	4771	42	-138	3294	16470	3294	69943488
1025	-291	-16151	-175	-655	247	4772	40	-136	3295	16475	3295	69943488
1127	-278	-16191	-185	-650	226	4773	42	-134	3296	16480	3296	69943488
1122	-241	-16254	-183	-639	212	4774	45	-131	3297	16485	3297	69943488
1074	-200	-16360	-154	-646	189	4775	44	-132	3298	16490	3298	69943495
1107	-239	-16224	-106	-676	179	4776	39	-137	3299	16495	3299	69943524
1108	-211	-16127	-70	-697	172	4777	39	-137	3300	16500	3300	69943524
1081	-211	-16011	-42	-705	152	4778	40	-136	3301	16505	3301	69943525
1013	-199	-15988	-31	-734	128	4779	39	-136	3302	16510	3302	69943525
938	-138	-15856	-4	-760	101	4780	37	-135	3303	16515	3303	69943525
921	-148	-15803	36	-787	76	4781	39	-135	3304	16520	3304	69943525
923	-145	-15752	81	-806	44	4782	42	-136	3305	16525	3305	69943526
899	-158	-15868	126	-817	18	4783	42	-138	3306	16530	3306	69943530
877	-198	-15900	156	-824	-7	4784	43	-141	3307	16535	3307	69943548
845	-246	-15936	157	-819	-43	4785	43	-140	3308	16540	3308	69943565
872	-292	-15990	130	-796	-79	4786	44	-138	3309	16545	3309	69943566
849	-339	-16014	76	-755	-110	4788	43	-138	3310	16550	3310	69943566
863	-312	-15977	33	-727	-149	4789	42	-138	3311	16555	3311	69943566
850	-336	-15912	8	-726	-182	4790	44	-137	3312	16560	3312	69943567
839	-343	-15935	12	-724	-213	4791	45	-137	3313	16565	3313	69943567
865	-338	-15992	33	-719	-240	4791	44	-137	3314	16570	3314	69943582
883	-368	-15982	60	-728	-267	4792	42	-136	3315	16575	3315	69943604
855	-402	-16004	91	-734	-297	4793	43	-135	3316	16580	3316	69943604
829	-407	-16043	115	-711	-320	4794	45	-133	3317	16585	3317	69943605
858	-420	-16083	122	-691	-347	4796	44	-136	3318	16590	3318	69943605
861	-427	-16110	105	-666	-373	4797	42	-138	3319	16595	3319	69943606
892	-447	-16050	91	-661	-405	4798	41	-136	3320	16600	3320	69943606
878	-454	-15976	86	-666	-436	4799	41	-135	3321	16605	3321	69943606
795	-465	-15981	96	-673	-460	4800	35	-136	3322	16610	3322	69943629
791	-465	-16070	98	-685	-477	4801	31	-137	3323	16615	3323	69943644
838	-460	-16055	92	-691	-491	4802	37	-139	3324	16620	3324	69943644
834	-448	-16012	82	-698	-504	4803	41	-141	3325	16625	3325	69943644
760	-456	-15984	68	-683	-518	4804	42	-140	3326	16630	3326	69943644
755	-507	-15999	42	-662	-541	4805	43	-139	3327	16635	3327	69943644
742	-477	-16052	12	-657	-557	4806	41	-140	3328	16640	3328	69943644
739	-466	-16071	-5	-652	-561	4807	40	-140	3329	16645	3329	69943654
722	-448	-16038	-16	-641	-569	4808	40	-139	3330	16650	3330	69943674
727	-460	-16076	-28	-639	-582	4809	40	-138	3331	16655	3331	69943685
715	-466	-16056	-31	-637	-586	4810	41	-141	3332	16660	3332	69943686
701	-436	-15971	-26	-646	-580	4811	41	-143	3333	16665	3333	69943686
708	-428	-15948	-29	-654	-581	4812	41	-137	3334	16670	3334	69943686
738	-377	-16024	-51	-655	-595	4813	41	-133	3335	16675	3335	69943687
756	-332	-16006	-57	-636	-608	4814	40	-137	3336	16680	3336	69943687
729	-316	-16041	-77	-613	-612	4815	40	-138	3337	16685	3337	69943687
724	-296	-16070	-76	-598	-618	4816	40	-135	3338	16690	3338	69943714
690	-255	-16012	-83	-590	-624	4817	40	-134	3339	16695	3339	69943721
700	-228	-16135	-87	-579	-631	4818	42	-136	3340	16700	3340	69943722
699	-224	-16128	-89	-572	-632	4819	43	-137	3341	16705	3341	69943722
711	-198	-16014	-92	-569	-641	4820	39	-136	3342	16710	3342	69943722
685	-149	-16050	-90	-560	-647	4821	38	-136	3343	16715	3343	69943722
734	-214	-16024	-101	-564	-647	4822	39	-135	3344	16720	3344	69943722
732	-118	-16028	-100	-553	-644	4823	39	-135	3345	16725	3345	69943735
722	-171	-16063	-99	-553	-645	4824	41	-140	3346	16730	3346	69943754
707	-140	-16075	-105	-545	-648	4825	41	-141	3347	16735	3347	69943758
677	-106	-16014	-109	-543	-648	4826	36	-136	3348	16740	3348	69943758
720	-156	-15920	-116	-542	-646	4827	35	-135	3349	16745	3349	69943758
729	-90	-15969	-114	-520	-647	4828	38	-133	3350	16750	3350	69943758
704	-97	-16088	-113	-528	-646	4829	39	-133	3351	16755	3351	69943758
750	-80	-16032	-103	-528	-642	4830	43	-139	3352	16760	3352	69943758
752	-70	-16046	-110	-527	-632	4831	43	-139	3353	16765	3353	69943758
694	-64	-16100	-99	-528	-632	4832	39	-135	3354	16770	3354	69943782
696	-56	-16064	-105	-545	-617	4833	39	-135	3355	16775	3355	69943794
772	-78	-15960	-115	-539	-621	4834	38	-130	3356	16780	3356	69943794
730	-30	-15996	-103	-516	-614	4835	38	-130	3357	16785	3357	69943795
762	-24	-16200	-78	-523	-604	4836	41	-135	3358	16790	3358	69943795
766	12	-16062	-75	-515	-598	4837	41	-135	3359	16795	3359	69943795
832	-10	-16042	-78	-511	-588	4838	43	-131	3360	16800	3360	69943796
802	9	-16064	-42	-530	-585	4839	42	-132	3361	16805	3361	69943804
750	-38	-15974	-25	-534	-566	4840	39	-137	3362	16810	3362	69943827
820	12	-16094	-17	-527	-549	4841	39	-137	3363	16815	3363	69943828
778	38	-16064	-11	-538	-547	4842	42	-130	3364	16820	3364	69943828
806	34	-15984	-17	-542	-533	4843	42	-130	3365	16825	3365	69943828
760	-8	-16036	-38	-547	-530	4844	38	-140	3366	16830	3366	69943828
856	64	-15946	-41	-556	-526	4845	38	-140	3367	16835	3367	69943828
844	36	-16036	-44	-569	-502	4846	40	-138	3368	16840	3368	69943857
836	38	-16039	-51	-560	-496	4847	40	-137	3369	16845	3369	69943875
798	41	-15981	-48	-559	-489	4848	39	-135	3370	16850	3370	69943897
805	23	-15912	-50	-560	-479	4849	38	-136	3371	16855	3371	69943897
790	65	-15898	-50	-544	-472	4850	35	-139	3372	16860	3372	69943898
795	64	-15982	-45	-541	-459	4851	36	-140	3373	16865	3373	69943898
838	74	-16051	-38	-547	-446	4852	42	-142	3374	16870	3374	69943898
832	51	-16037	-42	-537	-439	4853	41	-141	3375	16875	3375	69943899
838	26	-16004	-23	-530	-433	4854	36	-138	3376	16880	3376	69943903
852	56	-16046	-20	-540	-415	4855	37	-137	3377	16885	3377	69943903
857	101	-15982	-21	-538	-404	4856	40	-132	3378	16890	3378	69943903
809	94	-15923	-23	-539	-396	4857	40	-132	3379	16895	3379	69943903
848	70	-16016	-20	-539	-387	4858	42	-130	3380	16900	3380	69943903
833	31	-16036	-25	-562	-373	4859	41	-131	3381	16905	3381	69943903
844	31	-15977	-35	-563	-357	4860	36	-136	3382	16910	3382	69943909
836	24	-15948	-30	-560	-354	4861	37	-136	3383	16915	3383	69943937
820	42	-15986	-28	-563	-344	4862	41	-137	3384	16920	3384	69943944
865	53	-16009	-29	-562	-310	4863	40	-139	3385	16925	3385	69943944
796	64	-15961	-37	-563	-293	4864	36	-144	3386	16930	3386	69943945
808	72	-16014	-41	-561	-288	4865	37	-141	3387	16935	3387	69943945
804	51	-16084	-49	-553	-269	4866	38	-136	3388	16940	3388	69943946
816	42	-16108	-58	-558	-246	4867	41	-135	3389	16945	3389	69943947
822	73	-16039	-64	-561	-234	4868	45	-133	3390	16950	3390	69943960
830	84	-16007	-67	-565	-220	4869	42	-133	3391	16955	3391	69943978
784	90	-16033	-70	-568	-199	4870	37	-133	3392	16960	3392	69943978
819	69	-16091	-64	-575	-187	4872	38	-136	3393	16965	3393	69943978
846	46	-16057	-63	-584	-179	4873	38	-138	3394	16970	3394	69943978
824	63	-16026	-54	-592	-169	4874	40	-138	3395	16975	3395	69943978
777	72	-16037	-37	-591	-152	4874	42	-138	3396	16980	3396	69943978
770	65	-16060	-31	-584	-130	4875	41	-136	3397	16985	3397	69943986
829	50	-16048	-27	-581	-121	4876	40	-134	3398	16990	3398	69944007
806	55	-16022	-24	-575	-115	4877	40	-137	3399	16995	3399	69944018
736	50	-16011	-19	-577	-104	4878	39	-141	3400	17000	3400	69944018
770	62	-16012	-14	-578	-92	4879	39	-137	3401	17005	3401	69944018
786	112	-15972	-25	-580	-78	4881	38	-132	3402	17010	3402	69944018
773	80	-16000	-36	-579	-62	4882	37	-139	3403	17015	3403	69944018
733	74	-16055	-39	-585	-40	4883	36	-144	3404	17020	3404	69944018
753	102	-16060	-39	-582	-34	4884	37	-139	3405	17025	3405	69944035
759	63	-16054	-35	-585	-30	4885	38	-136	3406	17030	3406	69944053
784	53	-16120	-32	-595	-14	4886	37	-133	3407	17035	3407	69944057
788	42	-16050	-27	-591	7	4887	37	-131	3408	17040	3408	69944057
779	28	-15981	-14	-589	18	4888	37	-132	3409	17045	3409	69944057
800	57	-16067	4	-602	16	4889	37	-133	3410	17050	3410	69944057
785	48	-16076	2	-606	36	4890	37	-139	3411	17055	3411	69944058
784	24	-16088	2	-608	42	4891	37	-141	3412	17060	3412	69944070
823	-5	-16094	16	-606	50	4892	38	-134	3413	17065	3413	69944087
830	-13	-16055	31	-601	59	4893	39	-129	3414	17070	3414	69944096
835	7	-16095	32	-594	62	4894	40	-134	3415	17075	3415	69944096
785	-23	-16052	29	-591	69	4895	41	-137	3416	17080	3416	69944096
764	-66	-16049	39	-597	68	4896	42	-136	3417	17085	3417	69944096
764	-57	-15995	41	-601	71	4897	42	-136	3418	17090	3418	69944097
805	-16	-16008	33	-589	80	4898	43	-138	3419	17095	3419	69944097
803	-62	-16054	23	-580	84	4899	43	-139	3420	17100	3420	69944104
792	-102	-15967	23	-571	91	4900	40	-137	3421	17105	3421	69944128
820	-66	-16013	17	-579	96	4901	39	-137	3422	17110	3422	69944134
854	-120	-16001	1	-593	96	4902	38	-135	3423	17115	3423	69944134
849	-134	-15960	-10	-600	100	4903	38	-134	3424	17120	3424	69944135
833	-118	-16086	-17	-593	105	4904	42	-138	3425	17125	3425	69944135
880	-117	-16056	-19	-593	115	4905	43	-139	3426	17130	3426	69944135
818	-96	-16078	-10	-594	118	4906	40	-140	3427	17135	3427	69944135
833	-129	-16070	7	-593	130	4907	40	-140	3428	17140	3428	69944143
839	-104	-16070	9	-604	134	4908	38	-139	3429	17145	3429	69944165
811	-152	-16041	5	-596	142	4909	37	-139	3430	17150	3430	69944171
831	-153	-15989	3	-582	141	4910	36	-133	3431	17155	3431	69944171
876	-99	-16074	11	-568	141	4911	36	-132	3432	17160	3432	69944171
849	-139	-16084	6	-568	134	4912	39	-137	3433	17165	3433	69944171
861	-142	-16149	-3	-580	134	4913	40	-138	3434	17170	3434	69944172
826	-122	-16026	-17	-563	129	4914	38	-132	3435	17175	3435	69944172
856	-206	-16018	-16	-583	127	4915	38	-132	3436	17180	3436	69944208
904	-160	-15950	-14	-573	133	4916	43	-135	3437	17185	3437	69944208
876	-138	-16070	-13	-561	134	4917	43	-135	3438	17190	3438	69944209
898	-182	-15990	-25	-558	137	4918	38	-132	3439	17195	3439	69944209
942	-196	-16024	-37	-561	142	4919	38	-132	3440	17200	3440	69944209
916	-178	-16042	-33	-579	134	4920	38	-132	3441	17205	3441	69944209
868	-170	-16058	-10	-580	141	4921	38	-132	3442	17210	3442	69944210
916	-168	-15968	-22	-585	145	4922	39	-137	3443	17215	3443	69944218
876	-178	-15900	-3	-598	146	4923	39	-137	3444	17220	3444	69944245
908	-198	-16006	-6	-599	146	4924	40	-136	3445	17225	3445	69944245
880	-148	-15992	-6	-604	140	4925	40	-136	3446	17230	3446	69944245
894	-240	-15890	-17	-588	132	4926	42	-134	3447	17235	3447	69944245
944	-200	-16042	-15	-598	142	4927	42	-134	3448	17240	3448	69944245
958	-174	-15982	-19	-597	138	4928	35	-139	3449	17245	3449	69944245
926	-266	-15974	-7	-598	136	4929	35	-139	3450	17250	3450	69944246
894	-256	-15982	-6	-598	127	4930	37	-137	3451	17255	3451	69944283
908	-257	-16001	-1	-586	123	4931	37	-137	3452	17260	3452	69944283
922	-244	-15984	-8	-592	116	4932	39	-137	3453	17265	3453	69944284
900	-251	-16030	-19	-594	114	4933	39	-136	3454	17270	3454	69944284
937	-262	-15943	-31	-593	98	4934	41	-133	3455	17275	3455	69944284
950	-223	-16000	-24	-592	93	4935	41	-134	3456	17280	3456	69944285
929	-203	-15928	-21	-598	82	4936	40	-140	3457	17285	3457	69944285
929	-229	-15943	-22	-608	73	4937	40	-140	3458	17290	3458	69944290
890	-215	-15985	-21	-617	67	4938	38	-138	3459	17295	3459	69944313
918	-218	-15998	-17	-614	53	4939	39	-137	3460	17300	3460	69944320
920	-235	-15972	-20	-625	44	4940	44	-134	3461	17305	3461	69944321
880	-215	-16070	-27	-627	33	4941	44	-134	3462	17310	3462	69944321
830	-242	-15953	-34	-624	24	4942	42	-134	3463	17315	3463	69944321
888	-237	-15943	-37	-617	10	4943	39	-135	3464	17320	3464	69944321
875	-214	-16000	-28	-608	-1	4944	29	-137	3465	17325	3465	69944324
885	-226	-16066	-15	-609	-1	4945	31	-137	3466	17330	3466	69944343
852	-233	-16005	-6	-603	-13	4946	40	-136	3467	17335	3467	69944361
899	-294	-16072	-10	-603	-31	4947	40	-136	3468	17340	3468	69944361
906	-237	-15998	-15	-611	-36	4948	39	-135	3469	17345	3469	69944361
886	-230	-16034	-18	-610	-51	4949	37	-136	3470	17350	3470	69944361
856	-217	-15998	-31	-609	-63	4950	35	-137	3471	17355	3471	69944362
839	-248	-15990	-41	-599	-68	4951	37	-137	3472	17360	3472	69944362
898	-237	-16055	-48	-593	-77	4952	39	-137	3473	17365	3473	69944377
887	-232	-16041	-58	-600	-80	4953	39	-137	3474	17370	3474	69944399
872	-251	-16002	-58	-606	-82	4954	40	-138	3475	17375	3475	69944399
831	-239	-16046	-57	-604	-90	4955	38	-141	3476	17380	3476	69944399
853	-204	-16064	-61	-600	-92	4956	35	-145	3477	17385	3477	69944399
912	-215	-16054	-66	-599	-99	4957	37	-141	3478	17390	3478	69944399
949	-198	-16101	-70	-596	-106	4958	40	-134	3479	17395	3479	69944399
956	-207	-16066	-69	-593	-109	4959	40	-135	3480	17400	3480	69944404
904	-197	-16007	-60	-598	-113	4960	41	-137	3481	17405	3481	69944419
862	-162	-16005	-53	-605	-115	4961	40	-137	3482	17410	3482	69944435
901	-158	-16021	-53	-610	-122	4962	38	-138	3483	17415	3483	69944436
902	-181	-16033	-48	-611	-132	4963	39	-135	3484	17420	3484	69944436
886	-158	-15986	-34	-611	-137	4965	40	-130	3485	17425	3485	69944436
880	-171	-15967	-31	-613	-140	4966	40	-135	3486	17430	3486	69944436
856	-162	-16064	-34	-607	-148	4967	40	-138	3487	17435	3487	69944437
867	-142	-16086	-32	-612	-151	4968	36	-138	3488	17440	3488	69944453
893	-108	-16026	-33	-618	-156	4969	34	-138	3489	17445	3489	69944474
871	-97	-16040	-35	-616	-158	4970	38	-137	3490	17450	3490	69944482
866	-135	-16057	-36	-618	-156	4971	40	-136	3491	17455	3491	69944482
852	-101	-16010	-37	-617	-167	4972	39	-141	3492	17460	3492	69944482
829	-94	-16021	-46	-612	-173	4973	38	-144	3493	17465	3493	69944482
826	-107	-16068	-40	-604	-174	4974	36	-138	3494	17470	3494	69944482
881	-126	-16000	-44	-607	-178	4975	34	-134	3495	17475	3495	69944482
898	-134	-15934	-48	-610	-180	4976	36	-135	3496	17480	3496	69944498
875	-142	-15955	-41	-610	-178	4977	38	-136	3497	17485	3497	69944514
850	-134	-15997	-35	-602	-174	4978	40	-137	3498	17490	3498	69944518
864	-124	-16019	-34	-600	-176	4979	42	-138	3499	17495	3499	69944519
905	-150	-15986	-31	-601	-180	4980	42	-137	3500	17500	3500	69944524
907	-153	-15952	-34	-597	-181	4981	42	-136	3501	17505	3501	69944528
927	-129	-15951	-38	-610	-186	4982	38	-134	3502	17510	3502	69944529
928	-138	-15968	-34	-612	-180	4983	37	-133	3503	17515	3503	69944530
904	-128	-16002	-31	-614	-180	4984	41	-135	3504	17520	3504	69944531
888	-116	-16082	-36	-629	-183	4985	42	-136	3505	17525	3505	69944543
904	-87	-16122	-25	-620	-181	4986	37	-134	3506	17530	3506	69944561
862	-120	-16098	-28	-624	-178	4987	36	-134	3507	17535	3507	69944565
885	-85	-16060	-39	-628	-176	4988	37	-136	3508	17540	3508	69944565
885	-85	-16049	-44	-625	-182	4989	37	-137	3509	17545	3509	69944565
898	-83	-16014	-44	-638	-182	4990	38	-138	3510	17550	3510	69944565
891	-90	-16028	-51	-641	-184	4991	38	-138	3511	17555	3511	69944565
894	-126	-16130	-47	-647	-177	4992	38	-136	3512	17560	3512	69944566
883	-107	-16093	-39	-642	-179	4993	38	-136	3513	17565	3513	69944631
920	-46	-15977	-36	-642	-178	4994	36	-134	3514	17570	3514	69944659
804	-96	-16037	-38	-633	-173	4995	36	-134	3515	17575	3515	69944662
841	-46	-16048	-36	-618	-170	4996	34	-142	3516	17580	3516	69944662
828	-75	-16017	-33	-605	-169	4997	34	-144	3517	17585	3517	69944663
809	-121	-15940	-26	-605	-156	4998	40	-138	3518	17590	3518	69944663
818	-112	-16018	-15	-612	-161	4999	41	-137	3519	17595	3519	69944664
820	-32	-15974	-18	-615	-151	5000	44	-138	3520	17600	3520	69944672
844	-58	-16034	2	-617	-148	5001	44	-138	3521	17605	3521	69944700
802	-80	-15966	3	-637	-145	5002	39	-137	3522	17610	3522	69944700
894	-102	-15952	-9	-636	-137	5003	39	-137	3523	17615	3523	69944700
866	-148	-15990	-9	-617	-143	5004	45	-139	3524	17620	3524	69944700
854	-138	-16066	-4	-631	-134	5005	45	-139	3525	17625	3525	69944700
862	-116	-16143	-17	-628	-127	5006	46	-135	3526	17630	3526	69944700
820	-66	-15976	-15	-628	-120	5007	46	-134	3527	17635	3527	69944700
792	-70	-15998	-26	-627	-128	5008	39	-137	3528	17640	3528	69944700
874	-60	-16076	-24	-621	-118	5009	39	-137	3529	17645	3529	69944700
852	-20	-15966	-33	-606	-120	5010	40	-134	3530	17650	3530	69944700
890	-40	-16016	-40	-601	-119	5011	40	-134	3531	17655	3531	69944701
840	-60	-16044	-41	-598	-117	5012	38	-138	3532	17660	3532	69944701
866	-52	-16002	-36	-590	-107	5013	38	-138	3533	17665	3533	69944710
862	14	-16060	-28	-591	-111	5014	38	-136	3534	17670	3534	69944710
880	-52	-16028	-18	-589	-103	5015	38	-136	3535	17675	3535	69944710
887	-12	-16046	-9	-600	-93	5016	38	-138	3536	17680	3536	69944710
898	-22	-16056	2	-610	-88	5017	38	-138	3537	17685	3537	69944710
911	-27	-16072	4	-608	-93	5018	37	-137	3538	17690	3538	69944710
878	-59	-16074	6	-613	-91	5019	38	-137	3539	17695	3539	69944710
902	-108	-15981	15	-610	-85	5020	40	-138	3540	17700	3540	69944717
859	-107	-16033	11	-607	-85	5021	41	-138	3541	17705	3541	69944739
924	-150	-15958	9	-619	-91	5022	45	-135	3542	17710	3542	69944739
874	-72	-15976	3	-618	-91	5023	45	-135	3543	17715	3543	69944739
888	-72	-15930	15	-623	-86	5024	43	-139	3544	17720	3544	69944739
894	-74	-15964	11	-616	-95	5025	42	-138	3545	17725	3545	69944739
910	-118	-16000	8	-622	-89	5026	40	-132	3546	17730	3546	69944739
900	-96	-16075	4	-618	-84	5027	40	-133	3547	17735	3547	69944739
906	-106	-16062	-2	-606	-91	5028	38	-136	3548	17740	3548	69944747
920	-152	-15955	0	-608	-85	5029	38	-137	3549	17745	3549	69944779
874	-142	-15941	3	-619	-89	5030	40	-140	3550	17750	3550	69944779
879	-144	-16063	14	-621	-88	5031	39	-139	3551	17755	3551	69944780
909	-158	-16055	20	-621	-80	5032	37	-135	3552	17760	3552	69944780
914	-137	-15983	27	-630	-82	5033	39	-136	3553	17765	3553	69944780
902	-78	-15901	31	-636	-79	5034	43	-137	3554	17770	3554	69944780
904	-103	-16013	24	-640	-83	5035	41	-136	3555	17775	3555	69944781
939	-144	-16047	20	-635	-81	5036	38	-134	3556	17780	3556	69944784
915	-144	-16011	8	-634	-85	5037	38	-137	3557	17785	3557	69944799
897	-165	-16005	-9	-632	-90	5038	37	-141	3558	17790	3558	69944815
911	-154	-15999	-16	-637	-92	5039	38	-139	3559	17795	3559	69944815
880	-228	-16031	-22	-637	-87	5040	41	-133	3560	17800	3560	69944815
899	-175	-16014	-19	-646	-89	5041	41	-133	3561	17805	3561	69944815
913	-148	-16008	-20	-648	-99	5042	41	-133	3562	17810	3562	69944815
935	-150	-15997	-18	-648	-104	5043	39	-133	3563	17815	3563	69944815
930	-204	-16000	-12	-655	-104	5044	37	-133	3564	17820	3564	69944819
930	-186	-16043	-3	-658	-107	5045	38	-137	3565	17825	3565	69944840
959	-123	-16046	12	-662	-105	5046	40	-142	3566	17830	3566	69944860
914	-104	-16030	25	-660	-107	5047	44	-139	3567	17835	3567	69944861
888	-169	-15943	30	-651	-108	5049	50	-134	3568	17840	3568	69944861
897	-193	-16001	36	-660	-105	5050	45	-136	3569	17845	3569	69944861
870	-207	-15984	29	-669	-116	5051	42	-138	3570	17850	3570	69944862
858	-218	-15982	14	-672	-125	5052	41	-136	3571	17855	3571	69944862
844	-212	-16043	8	-669	-124	5053	40	-134	3572	17860	3572	69944866
840	-194	-16031	5	-669	-133	5054	38	-135	3573	17865	3573	69944883
840	-178	-16032	-9	-670	-142	5055	37	-135	3574	17870	3574	69944893
862	-185	-16019	-24	-665	-140	5055	41	-135	3575	17875	3575	69944893
894	-202	-15977	-27	-657	-133	5056	46	-134	3576	17880	3576	69944893
901	-214	-16059	-30	-657	-139	5058	42	-135	3577	17885	3577	69944893
896	-211	-16076	-38	-652	-138	5059	38	-136	3578	17890	3578	69944893
883	-188	-16038	-39	-645	-131	5060	35	-134	3579	17895	3579	69944898
901	-166	-15994	-31	-646	-129	5061	33	-133	3580	17900	3580	69944921
863	-167	-16005	-31	-645	-137	5062	36	-136	3581	17905	3581	69944935
861	-167	-16004	-36	-647	-135	5063	38	-138	3582	17910	3582	69944935
865	-167	-15986	-30	-650	-133	5064	39	-139	3583	17915	3583	69944935
871	-145	-16064	-21	-651	-134	5065	39	-139	3584	17920	3584	69944936
857	-110	-16032	-20	-649	-138	5066	38	-134	3585	17925	3585	69944936
798	-99	-15988	-25	-638	-134	5067	38	-132	3586	17930	3586	69944937
780	-117	-16091	-24	-630	-132	5068	40	-135	3587	17935	3587	69944941
791	-167	-16040	-37	-639	-134	5069	40	-136	3588	17940	3588	69944965
791	-127	-16015	-38	-646	-132	5070	45	-134	3589	17945	3589	69944971
795	-143	-16019	-51	-648	-130	5071	46	-134	3590	17950	3590	69944972
784	-151	-16052	-51	-647	-145	5072	41	-137	3591	17955	3591	69944972
774	-136	-16030	-50	-644	-143	5073	38	-138	3592	17960	3592	69944972
758	-145	-16059	-52	-635	-140	5074	38	-134	3593	17965	3593	69944972
781	-143	-16030	-50	-631	-145	5075	38	-132	3594	17970	3594	69944972
790	-146	-16093	-53	-637	-156	5076	40	-138	3595	17975	3595	69944992
780	-137	-16108	-48	-632	-156	5077	40	-140	3596	17980	3596	69945006
812	-94	-16098	-54	-628	-165	5078	43	-135	3597	17985	3597	69945010
769	-108	-16104	-59	-631	-149	5079	44	-134	3598	17990	3598	69945010
751	-148	-16045	-46	-627	-145	5080	38	-135	3599	17995	3599	69945010
812	-98	-16040	-34	-626	-154	5081	37	-135	3600	18000	3600	69945010
830	-73	-16056	-38	-624	-158	5082	36	-139	3601	18005	3601	69945010
802	-124	-16016	-38	-613	-159	5083	36	-140	3602	18010	3602	69945010
786	-86	-15972	-26	-606	-154	5084	38	-138	3603	18015	3603	69945045
804	-150	-16058	-27	-621	-149	5085	38	-138	3604	18020	3604	69945045
844	-152	-16068	-21	-629	-151	5086	40	-140	3605	18025	3605	69945045
828	-150	-16060	-29	-630	-147	5087	40	-140	3606	18030	3606	69945045
860	-140	-16043	-26	-627	-148	5088	38	-136	3607	18035	3607	69945045
893	-141	-16139	-27	-648	-145	5089	37	-135	3608	18040	3608	69945045
922	-105	-16076	-18	-650	-149	5090	43	-135	3609	18045	3609	69945045
910	-84	-16060	-30	-663	-146	5091	45	-135	3610	18050	3610	69945053
890	-110	-16004	-37	-660	-139	5092	44	-138	3611	18055	3611	69945085
902	-96	-16160	-31	-640	-142	5093	44	-138	3612	18060	3612	69945086
878	-96	-16056	-31	-634	-146	5094	43	-137	3613	18065	3613	69945086
964	-110	-15912	-40	-647	-163	5095	43	-137	3614	18070	3614	69945086
910	-112	-16018	-30	-661	-154	5096	43	-137	3615	18075	3615	69945086
940	-120	-16034	-43	-662	-146	5097	43	-137	3616	18080	3616	69945087
962	-38	-16004	-33	-668	-161	5098	43	-137	3617	18085	3617	69945087
1000	-74	-16068	-16	-685	-157	5099	43	-137	3618	18090	3618	69945093
981	-127	-16082	-19	-675	-149	5100	38	-138	3619	18095	3619	69945120
1008	-92	-16047	-3	-676	-154	5101	38	-138	3620	18100	3620	69945120
974	-72	-15984	10	-685	-157	5102	39	-137	3621	18105	3621	69945120
1016	-111	-15944	33	-699	-159	5103	39	-137	3622	18110	3622	69945120
1057	-102	-15972	55	-711	-151	5104	37	-137	3623	18115	3623	69945120
1020	-84	-15994	73	-718	-153	5105	37	-137	3624	18120	3624	69945120
966	-108	-16048	83	-734	-177	5106	39	-139	3625	18125	3625	69945120
984	-80	-16032	79	-731	-184	5107	39	-139	3626	18130	3626	69945136
856	-113	-16092	86	-744	-200	5108	40	-136	3627	18135	3627	69945163
862	-130	-16076	78	-738	-213	5109	39	-136	3628	18140	3628	69945163
875	-122	-16044	76	-736	-226	5110	37	-135	3629	18145	3629	69945163
787	-163	-16049	74	-723	-241	5111	37	-135	3630	18150	3630	69945163
731	-159	-16081	53	-713	-244	5112	38	-134	3631	18155	3631	69945163
693	-156	-16088	41	-695	-262	5113	38	-135	3632	18160	3632	69945163
704	-162	-16060	26	-670	-271	5114	36	-138	3633	18165	3633	69945171
677	-142	-16028	5	-658	-280	5115	37	-138	3634	18170	3634	69945201
717	-144	-15994	-2	-640	-280	5116	43	-139	3635	18175	3635	69945202
682	-186	-16014	-8	-613	-272	5117	40	-141	3636	18180	3636	69945203
686	-176	-16012	-24	-609	-260	5118	36	-144	3637	18185	3637	69945203
713	-159	-15988	-35	-610	-250	5119	37	-141	3638	18190	3638	69945204
740	-180	-15951	-32	-610	-235	5120	38	-136	3639	18195	3639	69945205
721	-154	-15941	-27	-606	-221	5121	39	-136	3640	18200	3640	69945205
673	-163	-16001	-34	-599	-203	5122	41	-137	3641	18205	3641	69945209
728	-109	-15966	-30	-604	-187	5123	40	-137	3642	18210	3642	69945224
726	-152	-16004	-33	-596	-174	5124	38	-138	3643	18215	3643	69945238
692	-120	-16073	-39	-586	-158	5125	38	-136	3644	18220	3644	69945238
673	-110	-16034	-55	-568	-138	5126	37	-133	3645	18225	3645	69945238
694	-103	-16057	-69	-559	-128	5127	42	-133	3646	18230	3646	69945238
729	-108	-16142	-69	-562	-122	5128	50	-134	3647	18235	3647	69945238
726	-110	-16177	-60	-564	-113	5129	46	-133	3648	18240	3648	69945238
741	-88	-16139	-54	-568	-104	5130	41	-131	3649	18245	3649	69945249
750	-84	-16088	-55	-565	-91	5131	41	-131	3650	18250	3650	69945270
752	-69	-16083	-47	-550	-82	5132	40	-130	3651	18255	3651	69945278
751	-83	-16090	-52	-552	-72	5134	41	-134	3652	18260	3652	69945278
836	-114	-16104	-53	-561	-74	5135	41	-137	3653	18265	3653	69945278
888	-93	-16057	-38	-564	-75	5136	39	-138	3654	18270	3654	69945278
886	-94	-16000	-39	-566	-64	5137	37	-139	3655	18275	3655	69945278
945	-108	-15976	-42	-572	-56	5138	38	-135	3656	18280	3656	69945283
996	-96	-15934	-38	-585	-50	5138	39	-131	3657	18285	3657	69945298
961	-78	-15935	-39	-604	-44	5139	40	-132	3658	18290	3658	69945315
970	-70	-16009	-43	-616	-43	5140	42	-134	3659	18295	3659	69945315
1006	-77	-15988	-37	-624	-43	5142	40	-138	3660	18300	3660	69945316
992	-78	-15989	-15	-641	-46	5143	37	-141	3661	18305	3661	69945316
1035	-101	-16046	5	-653	-47	5144	40	-136	3662	18310	3662	69945317
1068	-144	-16066	21	-661	-54	5145	42	-132	3663	18315	3663	69945317
1068	-143	-16041	43	-666	-66	5146	41	-136	3664	18320	3664	69945317
1101	-164	-16079	58	-671	-80	5147	41	-139	3665	18325	3665	69945338
1062	-182	-16025	61	-674	-91	5148	40	-142	3666	18330	3666	69945353
1048	-193	-15993	59	-686	-98	5149	40	-144	3667	18335	3667	69945353
1076	-202	-16056	63	-704	-120	5150	37	-141	3668	18340	3668	69945353
1059	-182	-16080	67	-718	-138	5151	35	-139	3669	18345	3669	69945353
1031	-244	-15945	59	-725	-145	5152	37	-134	3670	18350	3670	69945353
1018	-249	-16006	63	-734	-152	5153	37	-133	3671	18355	3671	69945353
1074	-243	-16060	54	-729	-176	5154	36	-137	3672	18360	3672	69945360
1064	-211	-16035	47	-736	-191	5155	36	-138	3673	18365	3673	69945387
1086	-218	-16048	50	-744	-205	5156	38	-139	3674	18370	3674	69945400
1107	-222	-16010	46	-741	-216	5157	40	-140	3675	18375	3675	69945400
1068	-221	-15942	28	-745	-226	5158	39	-139	3676	18380	3676	69945400
988	-208	-15934	28	-758	-235	5159	39	-139	3677	18385	3677	69945401
960	-250	-15911	28	-755	-242	5160	38	-135	3678	18390	3678	69945401
892	-296	-15968	41	-767	-259	5161	38	-134	3679	18395	3679	69945402
887	-294	-15989	50	-754	-288	5162	39	-135	3680	18400	3680	69945429
834	-306	-15955	56	-737	-301	5163	39	-135	3681	18405	3681	69945436
863	-268	-15837	67	-736	-313	5164	40	-142	3682	18410	3682	69945436
797	-300	-15933	64	-713	-325	5165	40	-144	3683	18415	3683	69945437
752	-299	-16009	64	-690	-322	5166	42	-135	3684	18420	3684	69945437
746	-296	-15916	53	-692	-346	5167	43	-133	3685	18425	3685	69945437
680	-302	-16088	49	-662	-360	5168	39	-143	3686	18430	3686	69945437
682	-294	-16044	36	-655	-372	5169	39	-143	3687	18435	3687	69945447
632	-282	-15968	8	-654	-377	5170	40	-140	3688	18440	3688	69945482
547	-275	-16048	-15	-646	-381	5171	40	-140	3689	18445	3689	69945482
573	-288	-16005	-40	-645	-380	5172	42	-140	3690	18450	3690	69945482
632	-319	-16054	-78	-635	-373	5173	42	-140	3691	18455	3691	69945482
706	-288	-16092	-101	-633	-372	5174	44	-134	3692	18460	3692	69945482
623	-305	-16056	-119	-621	-375	5175	44	-132	3693	18465	3693	69945482
656	-238	-16044	-143	-614	-359	5176	38	-138	3694	18470	3694	69945482
704	-254	-16008	-148	-595	-353	5177	38	-138	3695	18475	3695	69945482
660	-268	-16036	-148	-578	-334	5178	39	-135	3696	18480	3696	69945482
726	-222	-16062	-137	-579	-324	5179	39	-135	3697	18485	3697	69945513
668	-256	-16000	-143	-588	-316	5180	35	-133	3698	18490	3698	69945521
632	-230	-16108	-139	-579	-306	5181	35	-133	3699	18495	3699	69945522
670	-166	-16064	-131	-583	-291	5182	36	-138	3700	18500	3700	69945522
728	-136	-16088	-136	-575	-297	5183	36	-138	3701	18505	3701	69945522
663	-172	-16121	-141	-574	-278	5184	42	-134	3702	18510	3702	69945522
688	-160	-16117	-141	-576	-269	5185	41	-134	3703	18515	3703	69945525
677	-162	-16151	-158	-584	-259	5186	37	-135	3704	18520	3704	69945539
693	-72	-16134	-170	-575	-253	5187	37	-135	3705	18525	3705	69945562
706	-100	-16072	-181	-582	-254	5188	37	-137	3706	18530	3706	69945562
678	-12	-16100	-198	-583	-248	5189	37	-137	3707	18535	3707	69945562
678	-14	-16068	-199	-579	-228	5190	47	-143	3708	18540	3708	69945562
726	58	-16072	-222	-581	-225	5191	47	-143	3709	18545	3709	69945562
684	-16	-16130	-225	-563	-218	5192	37	-139	3710	18550	3710	69945562
755	64	-16005	-224	-564	-210	5193	37	-138	3711	18555	3711	69945562
791	127	-16076	-226	-569	-196	5194	38	-136	3712	18560	3712	69945562
789	119	-16031	-220	-557	-193	5195	38	-137	3713	18565	3713	69945563
805	109	-15957	-211	-569	-190	5196	38	-140	3714	18570	3714	69945575
858	139	-16016	-189	-586	-172	5197	39	-140	3715	18575	3715	69945599
872	114	-16064	-173	-589	-162	5198	45	-141	3716	18580	3716	69945599
889	122	-16008	-155	-579	-163	5199	44	-141	3717	18585	3717	69945599
881	105	-16025	-144	-590	-158	5200	40	-140	3718	18590	3718	69945600
939	149	-16007	-136	-598	-146	5201	39	-138	3719	18595	3719	69945600
969	161	-15992	-123	-600	-143	5202	38	-136	3720	18600	3720	69945601
963	146	-16039	-106	-594	-145	5203	39	-135	3721	18605	3721	69945603
953	180	-15982	-91	-606	-139	5204	40	-134	3722	18610	3722	69945618
919	193	-15981	-77	-614	-137	5205	40	-135	3723	18615	3723	69945635
942	157	-16030	-61	-613	-133	5206	40	-138	3724	18620	3724	69945636
971	119	-16034	-58	-624	-128	5207	40	-138	3725	18625	3725	69945636
911	160	-15995	-50	-635	-131	5208	42	-140	3726	18630	3726	69945636
891	196	-16029	-38	-634	-128	5209	42	-139	3727	18635	3727	69945636
932	162	-16012	-21	-639	-118	5210	43	-137	3728	18640	3728	69945640
942	169	-16043	2	-637	-111	5211	43	-138	3729	18645	3729	69945656
922	144	-16006	20	-639	-113	5212	42	-140	3730	18650	3730	69945673
878	132	-15949	18	-643	-119	5213	40	-136	3731	18655	3731	69945673
862	116	-16026	11	-642	-127	5214	37	-131	3732	18660	3732	69945673
826	100	-16052	5	-639	-127	5215	38	-135	3733	18665	3733	69945673
840	96	-16021	9	-634	-115	5216	40	-140	3734	18670	3734	69945673
807	92	-15978	16	-626	-105	5218	41	-138	3735	18675	3735	69945673
848	101	-16007	31	-606	-98	5219	42	-136	3736	18680	3736	69945687
875	71	-16040	34	-611	-93	5220	41	-134	3737	18685	3737	69945706
836	39	-16012	36	-621	-97	5221	41	-133	3738	18690	3738	69945713
832	16	-15936	40	-629	-87	5222	42	-133	3739	18695	3739	69945713
830	-11	-16006	47	-634	-79	5223	43	-133	3740	18700	3740	69945713
838	-32	-16002	50	-635	-74	5224	39	-134	3741	18705	3741	69945713
854	-10	-15935	51	-638	-63	5224	34	-134	3742	18710	3742	69945713
811	6	-15953	59	-643	-52	5226	37	-135	3743	18715	3743	69945713
788	-38	-15959	56	-645	-36	5227	39	-135	3744	18720	3744	69945741
781	-18	-15959	54	-642	-24	5228	41	-136	3745	18725	3745	69945760
812	-32	-15949	57	-637	-13	5229	42	-136	3746	18730	3746	69945761
787	-57	-16020	55	-628	-4	5230	41	-137	3747	18735	3747	69945761
788	-51	-16101	51	-626	11	5231	40	-138	3748	18740	3748	69945761
821	-80	-16118	44	-630	20	5232	43	-136	3749	18745	3749	69945761
786	-96	-16157	26	-623	31	5233	45	-135	3750	18750	3750	69945762
747	-82	-16125	14	-612	40	5234	43	-134	3751	18755	3751	69945762
786	-93	-16001	0	-612	48	5235	41	-133	3752	18760	3752	69945799
828	-90	-15919	-10	-627	63	5236	36	-131	3753	18765	3753	69945812
805	-130	-15895	-26	-632	80	5237	35	-131	3754	18770	3754	69945812
782	-66	-15793	-40	-624	86	5238	34	-137	3755	18775	3755	69945812
823	5	-15770	-61	-628	104	5239	34	-138	3756	18780	3756	69945813
874	-4	-15852	-48	-629	104	5240	35	-136	3757	18785	3757	69945814
979	3	-15956	-13	-628	107	5241	35	-135	3758	18790	3758	69945814
997	-9	-16015	47	-647	109	5242	37	-134	3759	18795	3759	69945819
1004	28	-16179	133	-686	115	5243	39	-133	3760	18800	3760	69945843
977	78	-16251	177	-720	138	5244	41	-135	3761	18805	3761	69945850
893	48	-16259	183	-736	145	5245	42	-136	3762	18810	3762	69945850
848	84	-16330	159	-736	151	5246	39	-131	3763	18815	3763	69945850
789	62	-16239	112	-722	154	5247	38	-130	3764	18820	3764	69945851
757	-12	-16199	68	-693	137	5248	41	-141	3765	18825	3765	69945851
792	-62	-16233	18	-652	117	5249	42	-144	3766	18830	3766	69945851
834	-94	-16168	-8	-606	94	5250	38	-138	3767	18835	3767	69945852
842	-121	-16278	-35	-551	59	5251	37	-137	3768	18840	3768	69945852
860	-108	-16084	-58	-527	45	5252	41	-139	3769	18845	3769	69945852
846	-148	-15948	-58	-538	45	5253	41	-139	3770	18850	3770	69945853
850	-172	-15962	-12	-581	45	5254	45	-133	3771	18855	3771	69945859
832	-162	-15724	33	-643	70	5255	45	-133	3772	18860	3772	69945948
790	-180	-15552	88	-685	87	5256	42	-140	3773	18865	3773	69945948
812	-160	-15536	137	-711	102	5257	42	-140	3774	18870	3774	69945948
794	-138	-15528	175	-748	115	5258	40	-136	3775	18875	3775	69945948
803	-123	-15587	230	-781	126	5259	39	-135	3776	18880	3776	69945948
830	-134	-15776	281	-808	142	5260	40	-134	3777	18885	3777	69945948
818	-172	-15928	283	-782	137	5261	40	-134	3778	18890	3778	69945948
896	-236	-16058	243	-728	131	5262	36	-138	3779	18895	3779	69945987
908	-302	-16288	164	-658	111	5263	36	-138	3780	18900	3780	69945987
1032	-268	-16366	72	-602	89	5264	41	-137	3781	18905	3781	69945987
1056	-252	-16382	7	-582	67	5265	41	-137	3782	18910	3782	69945987
1016	-266	-16208	-15	-591	34	5266	44	-130	3783	18915	3783	69945988
1024	-188	-16170	16	-631	6	5267	44	-130	3784	18920	3784	69945988
992	-164	-16204	85	-684	10	5268	43	-133	3785	18925	3785	69945988
995	-136	-16056	186	-730	-8	5269	42	-134	3786	18930	3786	69945988
937	-205	-16119	243	-724	-36	5270	40	-140	3787	18935	3787	69945988
890	-191	-16135	271	-690	-66	5271	41	-140	3788	18940	3788	69945988
920	-216	-16073	269	-678	-88	5272	45	-141	3789	18945	3789	69945988
956	-243	-16030	252	-676	-116	5273	43	-140	3790	18950	3790	69945988
907	-288	-15996	246	-688	-144	5274	36	-136	3791	18955	3791	69945990
874	-340	-15986	236	-728	-162	5275	36	-136	3792	18960	3792	69945997
846	-332	-16006	207	-760	-188	5276	44	-136	3793	18965	3793	69945997
790	-368	-15932	184	-778	-196	5277	44	-137	3794	18970	3794	69945997
785	-424	-15943	170	-789	-207	5278	43	-139	3795	18975	3795	69945998
790	-472	-16009	139	-780	-227	5279	42	-138	3796	18980	3796	69945998
752	-500	-16051	114	-750	-234	5280	37	-135	3797	18985	3797	69945998
696	-477	-16006	105	-729	-234	5281	38	-136	3798	18990	3798	69946000
725	-544	-15987	100	-710	-235	5282	41	-139	3799	18995	3799	69946013
721	-546	-15958	98	-682	-246	5283	41	-137	3800	19000	3800	69946029
721	-545	-16000	95	-673	-250	5284	42	-130	3801	19005	3801	69946029
728	-526	-16051	92	-678	-248	5285	40	-131	3802	19010	3802	69946029
709	-470	-16016	87	-683	-247	5286	35	-135	3803	19015	3803	69946030
719	-440	-16031	63	-674	-249	5287	35	-135	3804	19020	3804	69946034
738	-414	-16038	34	-658	-252	5288	35	-135	3805	19025	3805	69946043
749	-354	-16150	0	-642	-257	5289	36	-132	3806	19030	3806	69946053
743	-361	-16137	-23	-634	-264	5290	38	-128	3807	19035	3807	69946058
724	-316	-16058	-42	-630	-268	5291	38	-130	3808	19040	3808	69946058
728	-267	-16089	-74	-631	-264	5292	36	-138	3809	19045	3809	69946058
727	-238	-16098	-98	-618	-263	5293	37	-138	3810	19050	3810	69946058
754	-224	-16069	-109	-623	-266	5294	38	-136	3811	19055	3811	69946058
723	-191	-16082	-118	-616	-268	5295	42	-133	3812	19060	3812	69946061
736	-128	-16102	-105	-619	-275	5296	47	-129	3813	19065	3813	69946075
754	-133	-16072	-84	-623	-271	5297	42	-132	3814	19070	3814	69946089
744	-158	-15974	-62	-624	-269	5298	35	-137	3815	19075	3815	69946089
768	-112	-15952	-31	-625	-272	5299	36	-138	3816	19080	3816	69946089
765	-151	-16008	-13	-621	-270	5300	37	-139	3817	19085	3817	69946090
781	-188	-16007	-4	-614	-273	5302	37	-139	3818	19090	3818	69946090
827	-191	-15962	6	-603	-274	5303	36	-138	3819	19095	3819	69946090
833	-196	-16052	17	-605	-275	5304	38	-138	3820	19100	3820	69946091
821	-227	-16049	23	-614	-279	5305	40	-138	3821	19105	3821	69946123
828	-205	-16055	14	-605	-295	5306	40	-136	3822	19110	3822	69946145
814	-211	-16047	7	-602	-300	5307	40	-134	3823	19115	3823	69946146
820	-210	-16075	7	-606	-297	5308	41	-135	3824	19120	3824	69946146
834	-199	-16137	-3	-613	-296	5308	41	-135	3825	19125	3825	69946146
816	-215	-16127	-17	-624	-298	5309	41	-135	3826	19130	3826	69946146
799	-217	-16070	-29	-630	-297	5311	41	-135	3827	19135	3827	69946155
859	-227	-16055	-47	-626	-291	5312	42	-137	3828	19140	3828	69946164
860	-250	-16083	-58	-628	-278	5313	42	-138	3829	19145	3829	69946164
858	-264	-16026	-57	-630	-274	5314	37	-142	3830	19150	3830	69946164
852	-262	-15948	-60	-632	-278	5315	34	-144	3831	19155	3831	69946164
842	-246	-15942	-74	-645	-275	5316	36	-139	3832	19160	3832	69946164
859	-237	-15987	-86	-646	-265	5317	37	-135	3833	19165	3833	69946164
857	-221	-16008	-85	-649	-253	5318	39	-137	3834	19170	3834	69946169
805	-203	-15991	-96	-676	-246	5319	40	-138	3835	19175	3835	69946198
819	-203	-15944	-104	-678	-240	5320	38	-137	3836	19180	3836	69946207
845	-214	-15998	-115	-680	-221	5321	37	-137	3837	19185	3837	69946207
826	-189	-16009	-107	-679	-226	5322	37	-137	3838	19190	3838	69946207
798	-177	-15986	-93	-665	-223	5323	37	-137	3839	19195	3839	69946208
808	-211	-16023	-82	-655	-215	5324	39	-139	3840	19200	3840	69946208
827	-181	-15993	-82	-642	-215	5325	39	-139	3841	19205	3841	69946208
818	-152	-16018	-82	-632	-209	5326	35	-139	3842	19210	3842	69946227
758	-98	-15994	-78	-630	-200	5327	33	-139	3843	19215	3843	69946239
754	-48	-16048	-79	-644	-194	5328	37	-134	3844	19220	3844	69946239
815	-77	-16088	-78	-650	-183	5329	38	-132	3845	19225	3845	69946240
791	-49	-16052	-86	-649	-187	5330	37	-138	3846	19230	3846	69946240
801	-46	-16080	-79	-654	-181	5331	37	-139	3847	19235	3847	69946240
824	10	-16096	-82	-656	-179	5332	37	-136	3848	19240	3848	69946240
809	-32	-16092	-79	-648	-179	5333	37	-135	3849	19245	3849	69946246
758	15	-16013	-67	-644	-188	5334	39	-138	3850	19250	3850	69946270
778	-12	-16063	-65	-638	-188	5335	39	-139	3851	19255	3851	69946277
724	-24	-16006	-50	-628	-190	5336	39	-133	3852	19260	3852	69946277
768	44	-16044	-60	-632	-194	5337	39	-133	3853	19265	3853	69946277
850	8	-16114	-69	-619	-194	5338	38	-136	3854	19270	3854	69946278
840	8	-16014	-68	-615	-190	5339	38	-136	3855	19275	3855	69946278
768	50	-16004	-63	-631	-193	5340	34	-134	3856	19280	3856	69946278
788	24	-15994	-55	-634	-210	5341	34	-134	3857	19285	3857	69946293
821	14	-15939	-46	-630	-196	5342	41	-136	3858	19290	3858	69946311
817	25	-15950	-34	-639	-187	5343	42	-136	3859	19295	3859	69946314
792	-20	-15916	-9	-625	-187	5344	42	-136	3860	19300	3860	69946314
840	-88	-16022	-17	-635	-192	5345	42	-136	3861	19305	3861	69946314
814	30	-15876	-3	-634	-170	5346	33	-139	3862	19310	3862	69946314
804	10	-16020	-5	-629	-161	5347	33	-139	3863	19315	3863	69946314
760	-10	-16074	-14	-629	-158	5348	38	-138	3864	19320	3864	69946314
764	-78	-16026	-10	-634	-154	5349	38	-138	3865	19325	3865	69946348
818	-38	-16108	3	-626	-129	5350	41	-139	3866	19330	3866	69946351
784	-28	-16058	-3	-621	-120	5351	41	-139	3867	19335	3867	69946352
776	-32	-16056	-5	-625	-111	5352	38	-142	3868	19340	3868	69946353
833	-49	-16030	0	-621	-93	5353	38	-140	3869	19345	3869	69946353
797	-42	-15999	10	-618	-94	5354	37	-133	3870	19350	3870	69946354
764	-54	-15959	12	-623	-78	5355	38	-134	3871	19355	3871	69946355
782	-40	-16083	13	-622	-67	5356	43	-137	3872	19360	3872	69946366
791	-11	-16142	20	-631	-64	5357	43	-137	3873	19365	3873	69946396
798	-24	-16122	23	-631	-66	5358	41	-139	3874	19370	3874	69946396
780	-64	-16052	30	-634	-67	5359	41	-139	3875	19375	3875	69946396
832	-60	-16110	35	-630	-53	5360	43	-135	3876	19380	3876	69946396
802	-70	-16055	43	-637	-57	5361	43	-135	3877	19385	3877	69946397
