-10778	-12160	-5402	-207	-732	39	52	144	8	6018	30090	6018	69957109
-10781	-12166	-5400	-211	-735	35	52	142	10	6019	30095	6019	69957109
-10800	-12159	-5387	-239	-752	30	54	140	12	6020	30100	6020	69957134
-10790	-12124	-5437	-249	-744	39	55	139	13	6021	30105	6021	69957152
-10832	-12107	-5493	-236	-705	54	54	143	4	6022	30110	6022	69957155
-10823	-12070	-5546	-246	-655	57	54	144	2	6023	30115	6023	69957156
-10820	-12044	-5385	-260	-623	62	53	142	9	6024	30120	6024	69957156
-10847	-12042	-5470	-274	-619	63	53	141	11	6025	30125	6025	69957156
-10896	-12048	-5481	-253	-618	71	49	142	13	6026	30130	6026	69957156
-10914	-11948	-5521	-232	-592	58	48	142	14	6027	30135	6027	69957156
-10855	-11912	-5500	-194	-553	41	51	142	11	6028	30140	6028	69957174
-10810	-11940	-5494	-110	-547	46	52	142	10	6029	30145	6029	69957191
-10766	-11910	-5436	-22	-537	68	48	136	18	6030	30150	6030	69957191
-10768	-12004	-5526	60	-515	83	48	136	18	6031	30155	6031	69957191
-10878	-11996	-5496	104	-480	83	54	146	10	6032	30160	6032	69957191
-10894	-12006	-5490	137	-447	79	54	146	10	6033	30165	6033	69957192
-10876	-12046	-5566	150	-434	79	49	145	9	6034	30170	6034	69957192
-10900	-11984	-5534	130	-441	71	49	145	9	6035	30175	6035	69957192
-10908	-11986	-5476	61	-436	57	50	140	10	6036	30180	6036	69957202
-10902	-11979	-5534	-8	-424	69	50	140	10	6037	30185	6037	69957229
-10917	-11999	-5456	-45	-412	71	49	141	9	6038	30190	6038	69957229
-10957	-12003	-5483	-39	-401	74	49	141	9	6039	30195	6039	69957229
-10990	-12004	-5522	-5	-385	90	51	141	9	6040	30200	6040	69957230
-10944	-12000	-5538	47	-368	101	50	140	9	6041	30205	6041	69957230
-10923	-12001	-5562	78	-352	112	48	138	10	6042	30210	6042	69957232
-10929	-11993	-5630	76	-324	113	48	138	10	6043	30215	6043	69957246
-10948	-12040	-5590	42	-302	120	50	138	8	6044	30220	6044	69957267
-10966	-12058	-5527	-42	-282	128	50	137	9	6045	30225	6045	69957267
-10948	-12094	-5537	-130	-270	123	48	132	10	6046	30230	6046	69957267
-10946	-12116	-5516	-206	-261	117	47	136	8	6047	30235	6047	69957267
-10940	-12096	-5504	-256	-234	103	46	142	6	6048	30240	6048	69957267
-10963	-12025	-5597	-271	-202	75	48	141	6	6049	30245	6049	69957267
-11014	-11952	-5656	-235	-166	43	50	140	6	6050	30250	6050	69957268
-11048	-11886	-5680	-132	-116	18	51	141	8	6051	30255	6051	69957282
-11070	-11848	-5704	-9	-53	10	52	142	12	6052	30260	6052	69957304
-11076	-11905	-5723	100	49	14	52	142	11	6053	30265	6053	69957305
-11047	-11938	-5704	142	167	22	51	141	9	6054	30270	6054	69957305
-11024	-11960	-5668	130	277	36	49	138	13	6055	30275	6055	69957305
-11040	-12034	-5695	97	384	44	48	136	16	6056	30280	6056	69957305
-11061	-12122	-5643	50	477	46	50	138	12	6057	30285	6057	69957306
-11062	-12203	-5607	40	577	36	51	139	9	6058	30290	6058	69957311
-11104	-12252	-5640	83	694	4	52	139	14	6059	30295	6059	69957330
-11189	-12302	-5731	173	859	-38	53	139	17	6060	30300	6060	69957342
-11247	-12364	-5792	272	1083	-73	53	143	10	6061	30305	6061	69957342
-11242	-12369	-5857	348	1401	-88	53	145	5	6062	30310	6062	69957342
-11158	-12421	-5988	394	1684	-72	54	141	7	6063	30315	6063	69957342
-11056	-12426	-6102	425	1871	-68	54	140	8	6064	30320	6064	69957343
-11033	-12403	-6273	410	2023	-54	52	144	10	6065	30325	6065	69957343
-11051	-12283	-6356	351	2230	-40	51	145	11	6066	30330	6066	69957349
-11051	-12142	-6466	343	2515	-33	51	140	9	6067	30335	6067	69957377
-11071	-12015	-6541	445	2851	-20	51	139	9	6068	30340	6068	69957383
-11014	-11945	-6703	653	3177	0	49	137	9	6069	30345	6069	69957383
-10910	-11931	-6802	937	3468	35	49	137	9	6070	30350	6070	69957383
-10930	-11992	-7048	1202	3760	100	50	138	8	6071	30355	6071	69957383
-10920	-12116	-7102	1233	3988	165	50	138	8	6072	30360	6072	69957383
-10930	-12288	-7182	1003	4217	241	52	136	12	6073	30365	6073	69957383
-10850	-12540	-7068	601	4424	336	52	136	12	6074	30370	6074	69957454
-10710	-12702	-7130	234	4539	382	49	143	12	6075	30375	6075	69957464
-10695	-12929	-7172	-100	4646	407	48	144	12	6076	30380	6076	69957466
-10677	-13055	-7278	-290	4760	386	49	140	14	6077	30385	6077	69957466
-10669	-13055	-7360	-362	4905	349	49	139	15	6078	30390	6078	69957466
-10586	-13124	-7378	-398	5079	309	45	141	3	6079	30395	6079	69957467
-10666	-12986	-7574	-462	5184	268	45	141	3	6080	30400	6080	69957467
-10550	-12934	-7670	-611	5237	236	53	133	9	6081	30405	6081	69957467
-10416	-12860	-7614	-867	5223	215	53	133	9	6082	30410	6082	69957494
-10300	-12776	-7542	-1215	5116	229	49	141	5	6083	30415	6083	69957503
-10204	-12734	-7412	-1699	4867	229	49	141	5	6084	30420	6084	69957503
-10086	-12742	-7324	-2249	4496	198	45	137	5	6085	30425	6085	69957503
-10062	-12722	-7250	-2753	4102	128	45	137	5	6086	30430	6086	69957503
-10168	-12729	-7268	-3209	3649	16	50	134	0	6087	30435	6087	69957503
-10279	-12733	-7260	-3490	3320	-56	49	135	1	6088	30440	6088	69957504
-10438	-12626	-7170	-3743	3058	-110	44	140	4	6089	30445	6089	69957504
-10528	-12562	-7100	-3979	2863	-148	45	140	3	6090	30450	6090	69957504
-10481	-12495	-7062	-4196	2706	-170	50	140	0	6091	30455	6091	69957504
-10506	-12394	-7049	-4408	2591	-152	50	140	0	6092	30460	6092	69957504
-10492	-12417	-7045	-4628	2525	-114	52	138	-2	6093	30465	6093	69957504
-10459	-12419	-6885	-4891	2525	-49	52	139	-2	6094	30470	6094	69957511
-10420	-12437	-6881	-5235	2505	40	53	141	-1	6095	30475	6095	69957537
-10400	-12414	-6819	-5617	2416	133	54	139	-1	6096	30480	6096	69957537
-10465	-12410	-6909	-5897	2308	193	55	137	-1	6097	30485	6097	69957537
-10571	-12402	-7029	-6108	2213	240	54	135	-2	6098	30490	6098	69957541
-10692	-12365	-7112	-6262	2185	252	52	132	-4	6099	30495	6099	69957555
-10806	-12249	-7241	-6365	2243	238	52	134	-3	6100	30500	6100	69957566
-10931	-12083	-7313	-6416	2359	212	52	138	-2	6101	30505	6101	69957566
-11066	-11864	-7454	-6414	2528	187	50	138	-6	6102	30510	6102	69957566
-11179	-11612	-7572	-6319	2750	161	46	138	-12	6103	30515	6103	69957567
-11289	-11318	-7661	-6076	2979	136	48	136	-6	6104	30520	6104	69957567
-11370	-11071	-7786	-5727	3177	133	50	134	-2	6105	30525	6105	69957567
-11428	-10872	-7863	-5302	3381	139	48	133	-7	6106	30530	6106	69957572
-11430	-10805	-7966	-4875	3609	152	47	133	-11	6107	30535	6107	69957593
-11370	-10834	-8124	-4486	3851	178	45	135	-9	6108	30540	6108	69957605
-11336	-10949	-8330	-4156	4122	200	43	137	-7	6109	30545	6109	69957605
-11340	-11007	-8559	-3884	4430	192	47	140	-14	6110	30550	6110	69957605
-11451	-11022	-8708	-3618	4773	162	50	142	-18	6111	30555	6111	69957606
-11506	-10989	-8762	-3284	5191	128	50	136	-14	6112	30560	6112	69957606
-11545	-10916	-8748	-2928	5553	108	50	134	-12	6113	30565	6113	69957606
-11450	-10848	-8731	-2569	5838	111	48	136	-16	6114	30570	6114	69957606
-11370	-10848	-8869	-2255	6090	155	47	137	-17	6115	30575	6115	69957606
-11204	-10930	-8922	-2006	6354	200	45	141	-15	6116	30580	6116	69957606
-11072	-11096	-8974	-1856	6573	201	44	142	-14	6117	30585	6117	69957606
-10944	-11332	-8861	-1768	6747	172	45	130	-15	6118	30590	6118	69957617
-10788	-11504	-8688	-1769	6862	96	45	127	-15	6119	30595	6119	69957638
-10718	-11718	-8612	-1836	6898	-10	43	132	-18	6120	30600	6120	69957642
-10606	-11942	-8648	-1916	6861	-137	43	133	-19	6121	30605	6121	69957642
-10516	-12090	-8558	-1921	6783	-250	41	133	-15	6122	30610	6122	69957642
-10384	-12272	-8624	-1911	6643	-369	41	133	-15	6123	30615	6123	69957642
-10278	-12476	-8608	-2010	6427	-488	48	136	-18	6124	30620	6124	69957642
-10200	-12588	-8666	-2221	6212	-625	48	136	-18	6125	30625	6125	69957643
-10106	-12660	-8626	-2470	6012	-755	43	127	-19	6126	30630	6126	69957651
-9998	-12720	-8666	-2732	5837	-886	43	127	-19	6127	30635	6127	69957680
-9948	-12798	-8672	-2986	5677	-1033	46	130	-22	6128	30640	6128	69957680
-9894	-12984	-8607	-3272	5534	-1195	46	129	-24	6129	30645	6129	69957681
-9816	-13103	-8647	-3550	5476	-1320	44	126	-32	6130	30650	6130	69957681
-9721	-13192	-8651	-3871	5415	-1401	43	126	-30	6131	30655	6131	69957682
-9536	-13128	-8643	-4164	5304	-1453	37	125	-21	6132	30660	6132	69957682
-9456	-13026	-8734	-4395	5119	-1518	39	127	-22	6133	30665	6133	69957693
-9471	-12958	-8772	-4561	4919	-1585	49	133	-27	6134	30670	6134	69957736
-9503	-12791	-8786	-4696	4753	-1664	49	133	-28	6135	30675	6135	69957750
-9576	-12614	-8767	-4805	4665	-1747	48	132	-30	6136	30680	6136	69957750
-9655	-12348	-8765	-4873	4623	-1821	49	131	-30	6137	30685	6137	69957750
-9638	-12168	-8817	-4893	4554	-1858	52	126	-30	6138	30690	6138	69957751
-9652	-12060	-8846	-4939	4490	-1853	51	128	-30	6139	30695	6139	69957751
-9645	-11901	-8850	-5049	4421	-1860	49	131	-29	6140	30700	6140	69957755
-9700	-11725	-8837	-5125	4360	-1886	49	128	-26	6141	30705	6141	69957771
-9768	-11564	-8780	-5087	4349	-1889	48	124	-22	6142	30710	6142	69957788
-9717	-11487	-8762	-4960	4407	-1873	46	126	-28	6143	30715	6143	69957788
-9675	-11431	-8705	-4807	4493	-1854	44	128	-36	6144	30720	6144	69957788
-9608	-11412	-8674	-4629	4601	-1818	45	127	-35	6145	30725	6145	69957788
-9520	-11435	-8730	-4385	4693	-1812	45	125	-33	6146	30730	6146	69957788
-9390	-11382	-8865	-4050	4732	-1859	44	126	-32	6147	30735	6147	69957788
-9321	-11285	-9008	-3636	4724	-1911	44	126	-32	6148	30740	6148	69957788
-9263	-11192	-9185	-3236	4690	-1978	43	122	-33	6149	30745	6149	69957788
-9262	-11083	-9397	-2872	4652	-2077	43	119	-33	6150	30750	6150	69957789
-9300	-10954	-9482	-2533	4646	-2189	45	122	-35	6151	30755	6151	69957789
-9340	-10832	-9547	-2215	4733	-2297	46	124	-36	6152	30760	6152	69957789
-9398	-10737	-9555	-1893	4927	-2377	45	122	-38	6153	30765	6153	69957794
-9333	-10797	-9542	-1449	5236	-2406	45	121	-39	6154	30770	6154	69957830
-9217	-10870	-9501	-999	5510	-2410	43	121	-36	6155	30775	6155	69957840
-9052	-11069	-9589	-624	5682	-2445	43	121	-35	6156	30780	6156	69957840
-8890	-11169	-9734	-342	5790	-2477	47	120	-39	6157	30785	6157	69957840
-8722	-11251	-9831	-115	5871	-2460	48	120	-40	6158	30790	6158	69957840
-8597	-11340	-9880	90	5892	-2464	53	123	-38	6159	30795	6159	69957840
-8484	-11396	-9931	248	5861	-2539	54	124	-38	6160	30800	6160	69957840
-8424	-11449	-9934	392	5823	-2628	49	118	-38	6161	30805	6161	69957849
-8384	-11424	-10132	656	5788	-2719	48	116	-38	6162	30810	6162	69957852
-8338	-11524	-10200	938	5815	-2837	48	122	-40	6163	30815	6163	69957872
-8240	-11528	-10394	1167	5888	-2918	48	122	-40	6164	30820	6164	69957872
-8110	-11622	-10360	1337	5906	-3002	51	115	-41	6165	30825	6165	69957872
-8030	-11730	-10446	1468	5843	-3149	51	115	-41	6166	30830	6166	69957872
-7942	-12000	-10426	1509	5744	-3265	54	114	-38	6167	30835	6167	69957883
-7922	-12216	-10410	1429	5705	-3379	54	114	-38	6168	30840	6168	69957903
-7850	-12468	-10418	1318	5694	-3495	51	115	-47	6169	30845	6169	69957903
-7762	-12718	-10350	1203	5685	-3578	51	115	-47	6170	30850	6170	69957903
-7708	-12784	-10470	1001	5595	-3713	57	117	-41	6171	30855	6171	69957903
-7718	-12818	-10558	846	5473	-3841	55	116	-42	6172	30860	6172	69957903
-7694	-12786	-10532	726	5314	-4031	47	113	-45	6173	30865	6173	69957903
-7723	-12630	-10665	644	5164	-4194	47	113	-45	6174	30870	6174	69957903
-7690	-12512	-10650	622	5077	-4266	47	111	-45	6175	30875	6175	69957903
-7590	-12386	-10733	678	4971	-4287	49	110	-45	6176	30880	6176	69957903
-7533	-12342	-10742	705	4835	-4341	55	107	-47	6177	30885	6177	69957905
-7447	-12269	-10872	653	4710	-4366	55	108	-47	6178	30890	6178	69957918
-7384	-12122	-10953	604	4604	-4395	54	110	-46	6179	30895	6179	69957940
-7384	-12082	-11103	676	4539	-4438	54	110	-44	6180	30900	6180	69957940
-7411	-12140	-11258	830	4517	-4486	53	109	-41	6181	30905	6181	69957941
-7428	-12204	-11350	942	4580	-4534	53	108	-40	6182	30910	6182	69957941
-7410	-12261	-11350	931	4737	-4615	53	107	-39	6183	30915	6183	69957941
-7332	-12330	-11283	843	4956	-4696	55	107	-41	6184	30920	6184	69957942
-7219	-12420	-11185	817	5144	-4751	58	108	-44	6185	30925	6185	69957942
-7064	-12460	-11176	888	5257	-4806	57	107	-45	6186	30930	6186	69957952
-6937	-12402	-11189	1003	5301	-4858	56	106	-46	6187	30935	6187	69957973
-6830	-12359	-11176	1085	5275	-4940	52	102	-45	6188	30940	6188	69957977
-6765	-12364	-11194	1162	5213	-5030	49	99	-45	6189	30945	6189	69957977
-6720	-12405	-11211	1244	5141	-5107	55	99	-46	6190	30950	6190	69957977
-6690	-12402	-11223	1294	5093	-5161	59	99	-47	6191	30955	6191	69957977
-6662	-12399	-11195	1331	5069	-5204	62	102	-48	6192	30960	6192	69957977
-6595	-12376	-11165	1410	5048	-5299	64	104	-48	6193	30965	6193	69957982
-6557	-12367	-11204	1590	5014	-5432	59	96	-50	6194	30970	6194	69957998
-6454	-12379	-11264	1804	4978	-5523	55	91	-51	6195	30975	6195	69958008
-6465	-12380	-11365	1878	4934	-5596	60	96	-48	6196	30980	6196	69958008
-6404	-12308	-11337	1897	4887	-5665	61	97	-47	6197	30985	6197	69958008
-6324	-12268	-11258	1876	4898	-5739	63	98	-49	6198	30990	6198	69958009
-6313	-12280	-11204	1892	4968	-5768	64	98	-50	6199	30995	6199	69958009
-6266	-12289	-11186	2020	5091	-5801	62	95	-48	6200	31000	6200	69958009
-6179	-12346	-11234	2205	5212	-5813	62	94	-48	6201	31005	6201	69958038
-6016	-12371	-11192	2358	5297	-5812	61	96	-44	6202	31010	6202	69958045
-5809	-12438	-11130	2469	5319	-5799	61	97	-43	6203	31015	6203	69958045
-5590	-12460	-11056	2493	5249	-5781	60	96	-46	6204	31020	6204	69958045
-5508	-12580	-10968	2456	5160	-5807	60	96	-46	6205	31025	6205	69958045
-5450	-12544	-10874	2420	5041	-5859	62	88	-54	6206	31030	6206	69958045
-5330	-12594	-10866	2398	4932	-5893	62	88	-54	6207	31035	6207	69958045
-5398	-12566	-10872	2456	4863	-5978	71	89	-53	6208	31040	6208	69958055
-5244	-12680	-11022	2547	4803	-5986	71	89	-53	6209	31045	6209	69958082
-5268	-12662	-10976	2594	4757	-6108	67	95	-47	6210	31050	6210	69958083
-5152	-12714	-11078	2612	4739	-6108	67	95	-47	6211	31055	6211	69958083
-4958	-12636	-11144	2573	4719	-6105	72	88	-50	6212	31060	6212	69958084
-4834	-12598	-11206	2538	4680	-6114	71	87	-50	6213	31065	6213	69958086
-4804	-12608	-11120	2488	4639	-6117	67	85	-51	6214	31070	6214	69958098
-4638	-12617	-11100	2422	4622	-6135	68	85	-52	6215	31075	6215	69958120
-4605	-12631	-11092	2394	4637	-6186	71	83	-57	6216	31080	6216	69958120
-4587	-12669	-11001	2403	4646	-6186	71	82	-56	6217	31085	6217	69958121
-4505	-12637	-10909	2389	4633	-6158	72	80	-54	6218	31090	6218	69958121
-4340	-12446	-10818	2335	4566	-6089	71	80	-53	6219	31095	6219	69958121
-4157	-12344	-10717	2313	4424	-5981	68	82	-48	6220	31100	6220	69958121
-4170	-12269	-10665	2326	4218	-5908	71	81	-50	6221	31105	6221	69958128
-4130	-12199	-10650	2353	4048	-5889	76	80	-52	6222	31110	6222	69958148
-4087	-12080	-10728	2447	3940	-5862	75	80	-52	6223	31115	6223	69958164
-4022	-12068	-10733	2600	3904	-5816	73	81	-53	6224	31120	6224	69958165
-3970	-12153	-10717	2774	3897	-5768	77	81	-54	6225	31125	6225	69958166
-3893	-12272	-10817	2948	3896	-5678	82	80	-56	6226	31130	6226	69958166
-3797	-12444	-10821	3045	3894	-5589	82	79	-55	6227	31135	6227	69958167
-3715	-12588	-10745	3063	3856	-5506	81	77	-53	6228	31140	6228	69958169
-3597	-12762	-10705	2998	3753	-5365	79	76	-49	6229	31145	6229	69958186
-3554	-12856	-10616	2899	3591	-5258	77	75	-47	6230	31150	6230	69958199
-3508	-12825	-10572	2790	3382	-5185	76	77	-51	6231	31155	6231	69958199
-3468	-12763	-10614	2667	3189	-5121	76	78	-54	6232	31160	6232	69958199
-3474	-12756	-10576	2553	3052	-5084	80	76	-51	6233	31165	6233	69958199
-3422	-12748	-10586	2480	3014	-5016	83	75	-49	6234	31170	6234	69958200
-3285	-12718	-10654	2400	3031	-4906	82	74	-51	6235	31175	6235	69958200
-3111	-12671	-10675	2247	3034	-4795	81	73	-53	6236	31180	6236	69958204
-2950	-12666	-10577	2019	2982	-4669	81	70	-49	6237	31185	6237	69958225
-2883	-12603	-10568	1799	2879	-4587	81	69	-47	6238	31190	6238	69958231
-2773	-12581	-10526	1647	2778	-4528	79	68	-51	6239	31195	6239	69958231
-2694	-12540	-10533	1584	2688	-4451	78	68	-52	6240	31200	6240	69958231
-2646	-12482	-10540	1595	2620	-4372	80	76	-50	6241	31205	6241	69958231
-2547	-12452	-10574	1621	2561	-4282	80	78	-50	6242	31210	6242	69958231
-2431	-12448	-10585	1624	2523	-4218	78	68	-48	6243	31215	6243	69958231
-2336	-12478	-10496	1613	2505	-4132	78	66	-48	6244	31220	6244	69958276
-2268	-12454	-10514	1596	2468	-4031	78	71	-46	6245	31225	6245	69958288
-2184	-12426	-10406	1562	2421	-3943	78	72	-46	6246	31230	6246	69958289
-2116	-12472	-10264	1505	2379	-3823	82	74	-48	6247	31235	6247	69958289
-2098	-12514	-10234	1422	2307	-3715	82	74	-48	6248	31240	6248	69958290
-2025	-12512	-10181	1392	2220	-3657	80	69	-46	6249	31245	6249	69958291
-2037	-12480	-10122	1389	2108	-3595	80	68	-46	6250	31250	6250	69958292
-2062	-12464	-10033	1423	1995	-3517	85	65	-44	6251	31255	6251	69958296
-2045	-12408	-10032	1483	1897	-3433	86	64	-44	6252	31260	6252	69958319
-2006	-12360	-10004	1566	1796	-3326	84	65	-50	6253	31265	6253	69958324
-2072	-12298	-9970	1654	1683	-3193	83	65	-51	6254	31270	6254	69958324
-2168	-12212	-9888	1741	1614	-3045	80	68	-52	6255	31275	6255	69958324
-2090	-12252	-9946	1884	1566	-2884	80	68	-52	6256	31280	6256	69958324
-2042	-12272	-10030	2021	1549	-2707	82	58	-40	6257	31285	6257	69958324
-1964	-12358	-10004	2120	1589	-2496	82	58	-40	6258	31290	6258	69958324
-1820	-12544	-9886	2189	1629	-2324	83	65	-49	6259	31295	6259	69958324
-1794	-12634	-9960	2217	1653	-2195	83	65	-49	6260	31300	6260	69958324
-1624	-12742	-9970	2227	1642	-2041	83	65	-53	6261	31305	6261	69958325
-1504	-12923	-9929	2181	1533	-1933	82	65	-52	6262	31310	6262	69958330
-1404	-13087	-9905	2065	1423	-1795	80	66	-50	6263	31315	6263	69958354
-1310	-13134	-9863	1876	1307	-1641	81	65	-50	6264	31320	6264	69958361
-1253	-13174	-9757	1682	1186	-1543	85	59	-49	6265	31325	6265	69958361
-1257	-13169	-9712	1554	1055	-1469	85	60	-50	6266	31330	6266	69958361
-1198	-13109	-9764	1479	904	-1394	86	66	-56	6267	31335	6267	69958361
-1216	-13048	-9742	1462	777	-1328	86	65	-54	6268	31340	6268	69958361
-1284	-13022	-9879	1475	657	-1258	87	61	-47	6269	31345	6269	69958363
-1271	-12927	-9951	1463	580	-1181	87	62	-48	6270	31350	6270	69958377
-1281	-12887	-10046	1452	571	-1089	86	64	-52	6271	31355	6271	69958399
-1281	-12908	-10076	1470	593	-1004	86	65	-52	6272	31360	6272	69958399
-1230	-12999	-10170	1493	644	-910	86	66	-52	6273	31365	6273	69958399
-1170	-13130	-10166	1500	705	-776	84	63	-51	6274	31370	6274	69958399
-1118	-13248	-10085	1461	752	-648	80	58	-50	6275	31375	6275	69958400
-1021	-13322	-10000	1417	758	-551	82	60	-50	6276	31380	6276	69958400
-982	-13380	-9990	1410	733	-467	84	64	-50	6277	31385	6277	69958406
-916	-13470	-10049	1409	662	-353	85	63	-47	6278	31390	6278	69958427
-856	-13557	-10084	1375	568	-261	85	61	-43	6279	31395	6279	69958439
-918	-13618	-10132	1320	474	-214	84	58	-44	6280	31400	6280	69958439
-982	-13636	-10143	1256	429	-200	84	56	-44	6281	31405	6281	69958439
-1009	-13660	-10131	1213	424	-193	85	58	-45	6282	31410	6282	69958439
-1082	-13699	-10110	1208	420	-189	86	60	-46	6283	31415	6283	69958440
-1139	-13768	-10106	1232	401	-179	87	57	-51	6284	31420	6284	69958440
-1114	-13861	-10120	1249	369	-132	87	55	-55	6285	31425	6285	69958476
-1087	-13865	-10089	1223	348	-86	85	60	-51	6286	31430	6286	69958501
-1109	-13958	-10069	1143	346	-47	84	64	-48	6287	31435	6287	69958501
-1113	-13969	-10073	1061	360	-18	86	66	-47	6288	31440	6288	69958502
-1080	-14010	-10000	1045	369	24	87	67	-47	6289	31445	6289	69958502
-971	-14112	-10060	1065	369	72	85	62	-47	6290	31450	6290	69958502
-959	-14128	-10168	1081	347	108	85	61	-47	6291	31455	6291	69958503
-880	-14198	-10180	1053	316	125	86	59	-43	6292	31460	6292	69958503
-929	-14227	-10141	977	267	142	86	58	-42	6293	31465	6293	69958516
-943	-14198	-10215	867	203	135	89	60	-44	6294	31470	6294	69958527
-974	-14211	-10148	756	156	124	90	60	-44	6295	31475	6295	69958529
-962	-14112	-10102	633	127	134	82	60	-46	6296	31480	6296	69958529
-980	-14074	-10138	528	127	162	82	60	-46	6297	31485	6297	69958529
-986	-14132	-10052	480	137	195	85	65	-43	6298	31490	6298	69958529
-906	-14208	-10118	453	119	227	85	65	-43	6299	31495	6299	69958529
-954	-14244	-10078	412	132	254	89	61	-43	6300	31500	6300	69958529
-958	-14198	-10084	370	150	274	89	61	-43	6301	31505	6301	69958529
-900	-14300	-9998	310	143	278	87	59	-51	6302	31510	6302	69958530
-916	-14356	-9976	242	124	326	87	59	-51	6303	31515	6303	69958537
-846	-14298	-9894	196	76	375	86	60	-50	6304	31520	6304	69958576
-834	-14366	-9930	198	45	387	87	60	-50	6305	31525	6305	69958576
-886	-14363	-9950	172	39	407	90	58	-48	6306	31530	6306	69958576
-880	-14323	-9940	125	34	431	90	59	-48	6307	31535	6307	69958576
-909	-14296	-9963	80	30	421	90	62	-50	6308	31540	6308	69958576
-977	-14246	-10043	43	27	366	89	62	-49	6309	31545	6309	69958576
-1006	-14141	-10029	27	19	326	86	62	-44	6310	31550	6310	69958576
-978	-14029	-10026	68	34	313	86	63	-46	6311	31555	6311	69958582
-989	-13985	-10059	188	57	317	88	66	-52	6312	31560	6312	69958610
-986	-14016	-9998	309	74	331	86	66	-53	6313	31565	6313	69958623
-971	-14060	-9964	355	85	360	82	66	-54	6314	31570	6314	69958624
-967	-14130	-9979	345	98	400	84	63	-49	6315	31575	6315	69958624
-984	-14176	-9946	321	109	429	88	58	-42	6316	31580	6316	69958624
-974	-14190	-9884	299	114	455	88	60	-45	6317	31585	6317	69958624
-955	-14217	-9808	290	101	478	87	63	-49	6318	31590	6318	69958625
-950	-14260	-9782	295	73	503	85	63	-46	6319	31595	6319	69958625
-908	-14260	-9789	288	33	531	81	63	-41	6320	31600	6320	69958631
-906	-14284	-9737	273	-11	552	84	64	-48	6321	31605	6321	69958653
-879	-14260	-9725	268	-54	559	86	64	-52	6322	31610	6322	69958666
-838	-14208	-9755	256	-92	569	85	59	-51	6323	31615	6323	69958666
-850	-14153	-9731	233	-124	579	84	56	-50	6324	31620	6324	69958666
-900	-14147	-9725	184	-154	599	85	60	-49	6325	31625	6325	69958666
-902	-14148	-9657	124	-183	623	85	63	-49	6326	31630	6326	69958667
-937	-14114	-9658	67	-220	645	86	65	-51	6327	31635	6327	69958667
-950	-14103	-9714	29	-270	664	86	66	-52	6328	31640	6328	69958685
-911	-14053	-9594	8	-323	685	85	62	-49	6329	31645	6329	69958752
-947	-13938	-9616	2	-361	727	84	60	-48	6330	31650	6330	69958771
-1024	-13952	-9632	-13	-378	783	87	63	-51	6331	31655	6331	69958771
-1061	-13938	-9630	-36	-386	845	88	64	-52	6332	31660	6332	69958771
-1056	-13966	-9577	-82	-397	902	89	62	-46	6333	31665	6333	69958772
-1048	-13988	-9567	-116	-416	928	89	61	-45	6334	31670	6334	69958772
-1174	-14016	-9456	-152	-424	965	87	67	-45	6335	31675	6335	69958772
-1152	-14081	-9458	-193	-426	1007	87	69	-45	6336	31680	6336	69958772
-1150	-14050	-9252	-262	-441	1079	90	62	-46	6337	31685	6337	69958773
-1138	-14024	-9320	-289	-490	1115	90	62	-46	6338	31690	6338	69958779
-1154	-14032	-9334	-267	-582	1165	83	59	-47	6339	31695	6339	69958815
-1172	-13864	-9360	-229	-649	1180	83	59	-47	6340	31700	6340	69958815
-1120	-13796	-9496	-116	-676	1217	83	59	-47	6341	31705	6341	69958816
-1242	-13760	-9610	47	-652	1251	83	59	-47	6342	31710	6342	69958816
-1168	-13656	-9658	196	-608	1302	87	59	-47	6343	31715	6343	69958817
-1260	-13714	-9750	323	-541	1359	87	59	-47	6344	31720	6344	69958817
-1200	-13664	-9676	393	-502	1421	91	65	-47	6345	31725	6345	69958818
-1188	-13700	-9612	419	-508	1465	91	64	-47	6346	31730	6346	69958818
-1200	-13685	-9547	449	-530	1518	90	62	-46	6347	31735	6347	69958819
-1217	-13706	-9506	466	-583	1589	89	62	-47	6348	31740	6348	69958819
-1152	-13816	-9436	457	-631	1660	86	60	-50	6349	31745	6349	69958819
-1239	-13858	-9371	424	-688	1727	86	61	-50	6350	31750	6350	69958819
-1290	-13912	-9360	389	-762	1800	86	66	-52	6351	31755	6351	69958820
-1338	-13967	-9359	357	-868	1864	86	66	-52	6352	31760	6352	69958820
-1323	-13998	-9376	344	-997	1937	88	66	-50	6353	31765	6353	69958820
-1341	-13978	-9414	299	-1137	2011	87	65	-48	6354	31770	6354	69958820
-1365	-13940	-9402	226	-1254	2065	86	64	-44	6355	31775	6355	69958821
-1443	-13877	-9400	122	-1375	2117	84	66	-47	6356	31780	6356	69958821
-1497	-13831	-9367	-12	-1513	2158	80	68	-52	6357	31785	6357	69958821
-1604	-13792	-9377	-159	-1656	2196	80	66	-49	6358	31790	6358	69958821
-1680	-13791	-9347	-302	-1789	2240	79	63	-45	6359	31795	6359	69958825
-1728	-13745	-9330	-435	-1898	2303	81	65	-47	6360	31800	6360	69958837
-1817	-13709	-9344	-542	-1989	2379	83	67	-49	6361	31805	6361	69958848
-1806	-13717	-9315	-644	-2081	2457	84	69	-48	6362	31810	6362	69958848
-1845	-13671	-9291	-741	-2180	2523	85	71	-47	6363	31815	6363	69958848
-1889	-13650	-9331	-820	-2270	2566	85	70	-45	6364	31820	6364	69958849
-1936	-13630	-9485	-902	-2325	2610	85	69	-43	6365	31825	6365	69958849
-1939	-13584	-9494	-986	-2352	2651	89	70	-47	6366	31830	6366	69958849
-1922	-13564	-9480	-1060	-2380	2679	91	71	-49	6367	31835	6367	69958859
-1950	-13518	-9454	-1110	-2433	2709	87	65	-48	6368	31840	6368	69958880
-1974	-13460	-9445	-1153	-2508	2727	85	61	-47	6369	31845	6369	69958890
-1999	-13372	-9448	-1168	-2601	2750	83	62	-46	6370	31850	6370	69958891
-2089	-13273	-9487	-1174	-2687	2777	82	62	-46	6371	31855	6371	69958891
-2115	-13222	-9500	-1188	-2772	2808	82	65	-40	6372	31860	6372	69958891
-2161	-13163	-9417	-1195	-2842	2853	82	66	-38	6373	31865	6373	69958891
-2241	-13107	-9366	-1206	-2909	2901	85	66	-44	6374	31870	6374	69958891
-2288	-13141	-9380	-1222	-2966	2974	86	66	-46	6375	31875	6375	69958897
-2368	-13122	-9373	-1247	-3024	3055	84	72	-44	6376	31880	6376	69958920
-2412	-13072	-9400	-1252	-3077	3161	83	73	-43	6377	31885	6377	69958926
-2442	-13088	-9405	-1264	-3109	3274	84	74	-44	6378	31890	6378	69958926
-2488	-13054	-9414	-1261	-3113	3403	84	74	-44	6379	31895	6379	69958926
-2546	-13060	-9524	-1225	-3075	3539	81	73	-45	6380	31900	6380	69958926
-2520	-13052	-9530	-1142	-3034	3696	81	73	-45	6381	31905	6381	69958926
-2426	-13008	-9654	-987	-2973	3849	77	77	-49	6382	31910	6382	69958926
-2408	-13122	-9834	-832	-2930	3990	77	77	-49	6383	31915	6383	69958944
-2320	-13288	-9926	-730	-2908	4062	83	71	-45	6384	31920	6384	69958962
-2426	-13428	-9962	-747	-2927	4104	83	71	-45	6385	31925	6385	69958963
-2466	-13562	-10052	-890	-2977	4109	80	72	-44	6386	31930	6386	69958963
-2568	-13575	-9923	-1083	-3137	4100	77	73	-46	6387	31935	6387	69958963
-2660	-13593	-9804	-1276	-3306	4093	75	73	-47	6388	31940	6388	69958963
-2725	-13600	-9735	-1466	-3516	4091	77	73	-46	6389	31945	6389	69958964
-2850	-13511	-9685	-1642	-3740	4072	84	72	-44	6390	31950	6390	69958971
-2989	-13463	-9550	-1790	-3955	4062	83	72	-45	6391	31955	6391	69959000
-3155	-13366	-9506	-1920	-4155	4080	80	74	-48	6392	31960	6392	69959000
-3320	-13290	-9470	-2036	-4335	4150	80	76	-48	6393	31965	6393	69959000
-3442	-13201	-9391	-2128	-4518	4244	82	82	-48	6394	31970	6394	69959000
-3575	-13104	-9361	-2240	-4688	4375	81	82	-48	6395	31975	6395	69959000
-3707	-13037	-9381	-2322	-4859	4509	76	80	-46	6396	31980	6396	69959000
-3798	-13014	-9398	-2362	-4981	4661	77	80	-50	6397	31985	6397	69959004
-3895	-12975	-9424	-2381	-5080	4842	78	80	-56	6398	31990	6398	69959020
-3956	-12938	-9481	-2355	-5160	5011	78	79	-53	6399	31995	6399	69959037
-4057	-12924	-9538	-2294	-5246	5155	78	78	-48	6400	32000	6400	69959038
-4108	-12912	-9605	-2240	-5351	5288	80	79	-48	6401	32005	6401	69959038
-4126	-12883	-9640	-2205	-5453	5425	84	80	-48	6402	32010	6402	69959038
-4218	-12838	-9557	-2196	-5585	5546	78	84	-45	6403	32015	6403	69959039
-4272	-12794	-9553	-2172	-5748	5638	71	87	-41	6404	32020	6404	69959039
-4293	-12784	-9594	-2146	-5911	5737	72	83	-42	6405	32025	6405	69959055
-4309	-12742	-9615	-2135	-6066	5825	72	80	-42	6406	32030	6406	69959066
-4360	-12656	-9571	-2109	-6184	5862	77	85	-44	6407	32035	6407	69959066
-4507	-12547	-9609	-2029	-6249	5900	80	88	-46	6408	32040	6408	69959066
-4600	-12505	-9669	-1911	-6266	5995	76	86	-49	6409	32045	6409	69959066
-4615	-12553	-9680	-1785	-6250	6113	73	85	-51	6410	32050	6410	69959066
-4622	-12516	-9723	-1658	-6215	6204	75	87	-49	6411	32055	6411	69959066
-4612	-12526	-9732	-1477	-6174	6228	76	88	-48	6412	32060	6412	69959075
-4693	-12579	-9767	-1332	-6121	6262	78	89	-45	6413	32065	6413	69959093
-4676	-12740	-9888	-1220	-6096	6362	79	89	-43	6414	32070	6414	69959100
-4662	-12873	-9764	-1178	-6132	6329	77	93	-45	6415	32075	6415	69959101
-4736	-12880	-9619	-1139	-6231	6104	75	95	-47	6416	32080	6416	69959101
-4898	-12890	-9557	-1044	-6402	5875	72	92	-46	6417	32085	6417	69959101
-5042	-12927	-9519	-906	-6627	5718	70	90	-46	6418	32090	6418	69959102
-5215	-12952	-9418	-754	-6865	5585	71	92	-42	6419	32095	6419	69959102
-5409	-12936	-9406	-571	-7128	5454	71	93	-39	6420	32100	6420	69959128
-5574	-12922	-9434	-422	-7339	5410	69	97	-43	6421	32105	6421	69959138
-5716	-12909	-9420	-325	-7464	5451	68	98	-44	6422	32110	6422	69959138
-5899	-12834	-9400	-196	-7503	5481	71	98	-42	6423	32115	6423	69959138
-6060	-12739	-9383	55	-7453	5591	72	98	-42	6424	32120	6424	69959138
-6202	-12667	-9404	406	-7374	5672	62	93	-45	6425	32125	6425	69959139
-6260	-12644	-9557	786	-7246	5764	60	92	-46	6426	32130	6426	69959139
-6340	-12768	-9626	1092	-7103	5899	62	94	-45	6427	32135	6427	69959169
-6393	-12922	-9709	1246	-6973	6013	63	95	-45	6428	32140	6428	69959176
-6418	-13112	-9724	1303	-6863	6121	69	97	-47	6429	32145	6429	69959176
-6474	-13298	-9676	1304	-6815	6193	69	97	-47	6430	32150	6430	69959176
-6502	-13438	-9652	1350	-6830	6197	66	102	-36	6431	32155	6431	69959176
-6632	-13650	-9586	1365	-6861	6122	66	102	-36	6432	32160	6432	69959176
-6568	-13796	-9482	1291	-6906	6196	60	102	-38	6433	32165	6433	69959204
-6662	-13862	-9344	1075	-6930	6011	60	102	-38	6434	32170	6434	69959231
-6946	-13798	-9206	882	-6945	5811	67	109	-39	6435	32175	6435	69959231
-7048	-13876	-9024	776	-7006	5668	67	109	-39	6436	32180	6436	69959232
-7173	-13714	-9031	876	-7086	5559	63	107	-35	6437	32185	6437	69959232
-7344	-13630	-9005	1121	-7135	5539	63	107	-36	6438	32190	6438	69959232
-7448	-13560	-9123	1451	-7128	5576	61	107	-41	6439	32195	6439	69959232
-7524	-13556	-9208	1732	-7094	5655	62	108	-40	6440	32200	6440	69959240
-7600	-13546	-9239	1909	-7041	5757	68	112	-34	6441	32205	6441	69959269
-7676	-13581	-9178	1932	-6969	5906	67	112	-33	6442	32210	6442	69959269
-7662	-13744	-9106	1802	-6889	6130	65	113	-31	6443	32215	6443	69959269
-7680	-13732	-9043	1559	-6858	6188	64	113	-32	6444	32220	6444	69959270
-7791	-13725	-8964	1311	-6874	6025	58	114	-36	6445	32225	6445	69959270
-7913	-13757	-8995	1189	-6941	5887	58	116	-32	6446	32230	6446	69959271
-8012	-13800	-9035	1197	-6976	5840	59	119	-27	6447	32235	6447	69959271
-8101	-13783	-9121	1225	-6931	5793	59	116	-29	6448	32240	6448	69959271
-8189	-13743	-9246	1250	-6805	5748	60	112	-32	6449	32245	6449	69959271
-8300	-13608	-9352	1289	-6613	5746	59	114	-32	6450	32250	6450	69959272
-8355	-13421	-9518	1375	-6360	5767	57	117	-31	6451	32255	6451	69959275
-8377	-13224	-9592	1547	-6060	5731	56	119	-29	6452	32260	6452	69959290
-8363	-13110	-9599	1766	-5726	5680	55	121	-25	6453	32265	6453	69959306
-8312	-13161	-9521	1819	-5430	5727	56	113	-27	6454	32270	6454	69959306
-8280	-13259	-9442	1654	-5198	5762	56	108	-28	6455	32275	6455	69959307
-8270	-13335	-9295	1400	-5004	5760	55	118	-27	6456	32280	6456	69959307
-8296	-13343	-9181	1209	-4887	5727	54	124	-26	6457	32285	6457	69959307
-8382	-13238	-9236	1147	-4853	5661	55	123	-25	6458	32290	6458	69959308
-8464	-13124	-9396	1188	-4861	5569	55	123	-25	6459	32295	6459	69959326
-8576	-12996	-9424	1326	-4893	5438	56	122	-27	6460	32300	6460	69959343
-8776	-12834	-9406	1542	-4944	5265	57	121	-29	6461	32305	6461	69959348
-9044	-12701	-9474	1816	-4977	5051	53	126	-23	6462	32310	6462	69959348
-9163	-12744	-9459	2013	-4939	4912	51	127	-21	6463	32315	6463	69959348
-9312	-12790	-9386	2076	-4850	4799	57	125	-21	6464	32320	6464	69959348
-9362	-12908	-9250	2010	-4749	4711	59	125	-21	6465	32325	6465	69959349
-9403	-13109	-9132	1858	-4631	4632	53	129	-22	6466	32330	6466	69959349
-9353	-13301	-8905	1639	-4504	4561	52	130	-22	6467	32335	6467	69959378
-9328	-13469	-8737	1362	-4386	4503	53	126	-20	6468	32340	6468	69959385
-9240	-13588	-8724	1058	-4292	4450	53	125	-19	6469	32345	6469	69959385
-9162	-13620	-8693	810	-4204	4377	48	119	-27	6470	32350	6470	69959385
-9122	-13558	-8698	622	-4135	4283	47	117	-29	6471	32355	6471	69959385
-9094	-13478	-8862	566	-4104	4182	51	129	-21	6472	32360	6472	69959385
-9142	-13364	-8960	573	-4103	4060	51	129	-21	6473	32365	6473	69959385
-9266	-13160	-9090	598	-4078	3923	51	133	-25	6474	32370	6474	69959385
-9452	-12992	-9154	658	-4026	3787	51	133	-25	6475	32375	6475	69959395
-9620	-12914	-9238	768	-3941	3660	53	127	-21	6476	32380	6476	69959423
-9826	-12840	-9308	830	-3804	3583	53	127	-21	6477	32385	6477	69959423
-9976	-12688	-9208	845	-3651	3522	55	133	-21	6478	32390	6478	69959424
-10112	-12609	-9244	766	-3444	3448	54	133	-20	6479	32395	6479	69959425
-10166	-12608	-9151	665	-3271	3366	49	131	-15	6480	32400	6480	69959425
-10180	-12587	-9050	575	-3133	3271	48	130	-15	6481	32405	6481	69959426
-10261	-12619	-9007	534	-3042	3155	46	128	-16	6482	32410	6482	69959433
-10325	-12722	-8950	529	-2966	3036	47	130	-16	6483	32415	6483	69959460
-10328	-12840	-8716	516	-2893	2912	50	136	-16	6484	32420	6484	69959460
-10292	-13006	-8618	473	-2808	2777	49	135	-17	6485	32425	6485	69959460
-10292	-13109	-8576	387	-2741	2615	46	130	-20	6486	32430	6486	69959460
-10281	-13220	-8386	280	-2700	2445	46	132	-19	6487	32435	6487	69959460
-10304	-13294	-8283	234	-2689	2241	47	137	-15	6488	32440	6488	69959460
-10278	-13241	-8336	255	-2697	2054	49	135	-15	6489	32445	6489	69959464
-10268	-13186	-8259	302	-2694	1882	51	131	-15	6490	32450	6490	69959481
-10274	-13194	-8182	310	-2665	1718	49	132	-15	6491	32455	6491	69959497
-10278	-13167	-8112	273	-2626	1572	47	133	-15	6492	32460	6492	69959497
-10270	-13177	-8120	211	-2587	1439	48	131	-17	6493	32465	6493	69959497
-10290	-13194	-8130	127	-2550	1318	49	129	-21	6494	32470	6494	69959497
-10266	-13142	-8137	22	-2496	1200	49	129	-20	6495	32475	6495	69959497
-10268	-13073	-8268	-24	-2414	1076	48	128	-18	6496	32480	6496	69959497
-10307	-13043	-8289	-18	-2333	963	44	131	-19	6497	32485	6497	69959505
-10322	-12964	-8297	-6	-2257	859	41	133	-19	6498	32490	6498	69959526
-10332	-12896	-8298	-3	-2187	762	43	133	-17	6499	32495	6499	69959537
-10330	-12828	-8285	-45	-2111	660	45	133	-15	6500	32500	6500	69959537
-10358	-12812	-8278	-140	-2028	543	46	130	-17	6501	32505	6501	69959537
-10376	-12786	-8183	-268	-1950	441	46	128	-18	6502	32510	6502	69959537
-10316	-12723	-8092	-406	-1864	360	48	133	-14	6503	32515	6503	69959537
-10301	-12631	-7959	-552	-1745	279	49	137	-11	6504	32520	6504	69959538
-10246	-12568	-7805	-628	-1667	216	53	133	-13	6505	32525	6505	69959568
-10140	-12529	-7758	-686	-1647	177	54	132	-14	6506	32530	6506	69959575
-10054	-12453	-7799	-760	-1641	154	49	138	-14	6507	32535	6507	69959575
-10052	-12380	-7783	-885	-1635	133	48	140	-14	6508	32540	6508	69959575
-10037	-12304	-7750	-1006	-1642	99	42	134	-13	6509	32545	6509	69959575
-10096	-12189	-7842	-1073	-1641	65	41	133	-13	6510	32550	6510	69959575
-10106	-12103	-7808	-1072	-1624	36	45	132	-17	6511	32555	6511	69959575
-10252	-11814	-7868	-1008	-1582	13	46	132	-18	6512	32560	6512	69959575
-10380	-11710	-7930	-935	-1532	12	53	133	-15	6513	32565	6513	69959602
-10412	-11542	-7890	-908	-1452	31	53	133	-15	6514	32570	6514	69959615
-10458	-11574	-7884	-918	-1373	78	52	134	-16	6515	32575	6515	69959615
-10438	-11556	-7748	-931	-1268	124	52	134	-16	6516	32580	6516	69959615
-10362	-11466	-7734	-981	-1166	158	47	135	-17	6517	32585	6517	69959616
-10444	-11456	-7636	-1014	-1060	159	47	135	-17	6518	32590	6518	69959616
-10344	-11548	-7466	-1019	-1002	158	46	132	-12	6519	32595	6519	69959616
-10282	-11566	-7462	-1011	-972	156	46	132	-12	6520	32600	6520	69959623
-10232	-11514	-7379	-948	-997	149	48	140	-16	6521	32605	6521	69959650
-10222	-11536	-7377	-879	-1050	135	49	139	-17	6522	32610	6522	69959650
-10244	-11573	-7429	-795	-1108	113	51	135	-21	6523	32615	6523	69959650
-10220	-11518	-7436	-745	-1141	87	49	135	-20	6524	32620	6524	69959650
-10279	-11513	-7360	-735	-1153	62	42	134	-18	6525	32625	6525	69959650
-10260	-11548	-7357	-742	-1157	38	42	134	-17	6526	32630	6526	69959650
-10284	-11539	-7307	-750	-1183	10	44	134	-14	6527	32635	6527	69959654
-10332	-11513	-7316	-747	-1190	-11	45	134	-13	6528	32640	6528	69959673
-10346	-11480	-7368	-726	-1192	-17	47	133	-9	6529	32645	6529	69959689
-10439	-11500	-7464	-684	-1186	-30	46	131	-11	6530	32650	6530	69959693
-10431	-11498	-7445	-614	-1160	-32	45	129	-15	6531	32655	6531	69959698
-10379	-11506	-7449	-547	-1134	-39	46	133	-15	6532	32660	6532	69959698
-10386	-11522	-7484	-497	-1113	-53	47	139	-15	6533	32665	6533	69959699
-10343	-11540	-7486	-479	-1099	-65	50	135	-15	6534	32670	6534	69959699
-10324	-11595	-7482	-494	-1095	-67	54	130	-14	6535	32675	6535	69959714
-10323	-11603	-7426	-538	-1113	-67	51	132	-14	6536	32680	6536	69959735
-10342	-11584	-7397	-589	-1138	-76	46	134	-14	6537	32685	6537	69959735
-10375	-11580	-7356	-604	-1160	-92	45	135	-17	6538	32690	6538	69959735
-10396	-11514	-7332	-586	-1170	-104	45	135	-19	6539	32695	6539	69959735
-10422	-11531	-7307	-538	-1172	-106	43	133	-16	6540	32700	6540	69959735
-10442	-11571	-7326	-469	-1164	-107	42	132	-14	6541	32705	6541	69959735
-10455	-11540	-7266	-381	-1139	-107	46	132	-15	6542	32710	6542	69959740
-10455	-11586	-7231	-279	-1110	-103	48	132	-16	6543	32715	6543	69959760
-10485	-11686	-7276	-191	-1097	-100	49	133	-11	6544	32720	6544	69959771
-10468	-11693	-7310	-114	-1086	-115	49	133	-7	6545	32725	6545	69959771
-10500	-11788	-7260	-66	-1073	-128	46	136	-10	6546	32730	6546	69959771
-10488	-11841	-7179	-40	-1054	-142	45	137	-11	6547	32735	6547	69959771
-10504	-11899	-7258	-27	-1038	-153	46	136	-12	6548	32740	6548	69959771
-10433	-11862	-7306	-21	-1001	-157	46	136	-12	6549	32745	6549	69959771
-10342	-11826	-7326	-9	-955	-157	45	135	-13	6550	32750	6550	69959778
-10364	-11790	-7314	12	-915	-145	45	135	-13	6551	32755	6551	69959823
-10316	-11734	-7305	33	-890	-133	48	137	-15	6552	32760	6552	69959834
-10332	-11639	-7410	75	-871	-101	49	137	-15	6553	32765	6553	69959834
-10268	-11600	-7344	113	-864	-75	46	136	-12	6554	32770	6554	69959834
-10302	-11570	-7368	115	-835	-62	46	136	-12	6555	32775	6555	69959834
-10322	-11516	-7390	137	-809	-50	44	128	-14	6556	32780	6556	69959834
-10294	-11486	-7264	135	-799	-49	44	128	-14	6557	32785	6557	69959834
-10286	-11502	-7384	134	-819	-10	50	136	-18	6558	32790	6558	69959834
-10312	-11542	-7262	122	-868	31	50	136	-18	6559	32795	6559	69959834
-10208	-11560	-7162	120	-899	71	45	131	-17	6560	32800	6560	69959887
-10238	-11620	-7146	118	-935	110	45	131	-17	6561	32805	6561	69959887
-10216	-11649	-7128	129	-953	151	47	141	-15	6562	32810	6562	69959887
-10185	-11707	-7114	148	-963	173	48	141	-16	6563	32815	6563	69959887
-10167	-11762	-7128	166	-958	179	51	139	-19	6564	32820	6564	69959887
-10203	-11744	-7164	163	-955	175	50	139	-19	6565	32825	6565	69959887
-10150	-11768	-7196	160	-965	159	45	137	-17	6566	32830	6566	69959887
-10064	-11764	-7214	158	-986	142	45	136	-16	6567	32835	6567	69959894
-10105	-11708	-7167	137	-1018	126	44	132	-12	6568	32840	6568	69959920
-10142	-11707	-7216	106	-1050	107	45	133	-12	6569	32845	6569	69959920
-10129	-11674	-7227	76	-1079	96	48	136	-12	6570	32850	6570	69959920
-10127	-11591	-7220	40	-1086	92	47	136	-12	6571	32855	6571	69959921
-10168	-11554	-7274	20	-1093	93	46	136	-12	6572	32860	6572	69959921
-10147	-11563	-7253	30	-1107	94	46	135	-12	6573	32865	6573	69959921
-10140	-11554	-7190	46	-1112	103	45	133	-11	6574	32870	6574	69959921
-10162	-11502	-7173	53	-1127	109	45	131	-14	6575	32875	6575	69959921
-10186	-11505	-7125	63	-1161	106	46	128	-18	6576	32880	6576	69959921
-10195	-11593	-7102	66	-1212	100	46	129	-16	6577	32885	6577	69959921
-10197	-11671	-7062	75	-1281	99	46	130	-14	6578	32890	6578	69959921
-10276	-11656	-7008	91	-1334	116	48	134	-13	6579	32895	6579	69959921
-10384	-11634	-7023	109	-1353	141	49	137	-11	6580	32900	6580	69959925
-10495	-11656	-7115	148	-1323	180	49	137	-9	6581	32905	6581	69959933
-10626	-11640	-7173	192	-1242	234	49	137	-7	6582	32910	6582	69959959
-10635	-11529	-7178	256	-1126	311	47	138	-10	6583	32915	6583	69959990
-10615	-11496	-7212	381	-1009	406	45	139	-15	6584	32920	6584	69959990
-10610	-11447	-7268	536	-903	511	44	134	-15	6585	32925	6585	69959990
-10593	-11385	-7290	652	-826	627	43	127	-15	6586	32930	6586	69959991
-10463	-11369	-7280	692	-791	747	48	130	-14	6587	32935	6587	69959991
-10332	-11410	-7256	656	-796	840	52	132	-12	6588	32940	6588	69959991
-10196	-11446	-7232	563	-824	890	47	136	-11	6589	32945	6589	69960004
-10070	-11482	-7152	451	-871	914	44	138	-10	6590	32950	6590	69960038
-9986	-11522	-7059	355	-942	915	48	135	-9	6591	32955	6591	69960056
-9954	-11488	-7004	279	-1056	907	51	133	-9	6592	32960	6592	69960056
-9930	-11463	-7034	216	-1201	912	46	131	-5	6593	32965	6593	69960056
-9983	-11512	-7030	131	-1372	928	42	130	-2	6594	32970	6594	69960056
-10150	-11502	-6996	-32	-1552	958	44	138	-14	6595	32975	6595	69960056
-10334	-11498	-7090	-237	-1662	996	44	140	-18	6596	32980	6596	69960056
-10472	-11479	-6949	-459	-1779	1050	49	140	-7	6597	32985	6597	69960090
-10586	-11476	-6905	-662	-1900	1132	50	140	-4	6598	32990	6598	69960098
-10658	-11433	-6859	-837	-2019	1219	48	136	-8	6599	32995	6599	69960098
