8132	-22667	-7404	-2760	5402	-25030	3	-75	-65	5935	29675	5935	71180641
8052	-22856	-6964	-3214	5137	-26178	-6	-80	-56	5936	29680	5936	71180651
7928	-23094	-6780	-3359	4921	-27123	-6	-80	-56	5937	29685	5937	71180652
7904	-23316	-6890	-3450	4747	-28100	-7	-83	-59	5938	29690	5938	71180652
7812	-23406	-6816	-3520	4579	-29052	-7	-83	-59	5939	29695	5939	71180652
7682	-23428	-6706	-3738	4398	-30055	-10	-86	-56	5940	29700	5940	71180653
7680	-23512	-6362	-4149	4132	-31121	-10	-86	-56	5941	29705	5941	71180653
7610	-23702	-5628	-4626	3875	-32262	-26	-84	-58	5942	29710	5942	71180715
7598	-23878	-5222	-4895	3555	-32768	-26	-84	-58	5943	29715	5943	71180722
7772	-23860	-4558	-5202	3163	-32768	-30	-86	-54	5944	29720	5944	71180722
8733	-23839	-3553	-5605	2578	-32768	-30	-86	-56	5945	29725	5945	71180722
10174	-24032	-2733	-5979	2045	-32768	-31	-87	-63	5946	29730	5946	71180722
11206	-24017	-1821	-6678	1428	-32768	-33	-89	-63	5947	29735	5947	71180723
11296	-23416	-834	-7762	677	-32768	-39	-97	-61	5948	29740	5948	71180725
10710	-22493	-104	-8938	-220	-32768	-41	-96	-60	5949	29745	5949	71180737
9866	-21601	199	-10037	-1037	-32768	-50	-94	-56	5950	29750	5950	71180761
9174	-21036	556	-10931	-1575	-32768	-50	-94	-56	5951	29755	5951	71180761
8610	-20190	538	-11644	-2278	-32768	-61	-97	-53	5952	29760	5952	71180761
8084	-18940	853	-12188	-3144	-32768	-63	-96	-55	5953	29765	5953	71180761
7800	-17937	1447	-12283	-3962	-32768	-71	-93	-63	5954	29770	5954	71180762
7610	-16984	2033	-12096	-4897	-32768	-74	-94	-63	5955	29775	5955	71180762
7442	-16006	2682	-11883	-5840	-32768	-84	-100	-62	5956	29780	5956	71180762
7458	-15118	3105	-11578	-6774	-32768	-85	-99	-62	5957	29785	5957	71180763
7684	-14359	3528	-11383	-7650	-32768	-89	-95	-63	5958	29790	5958	71180764
7960	-13634	4004	-11327	-8543	-32768	-92	-94	-63	5959	29795	5959	71180770
8115	-12920	4048	-11251	-9504	-32768	-102	-92	-64	5960	29800	5960	71180772
7981	-12250	3971	-11341	-10435	-32768	-105	-91	-64	5961	29805	5961	71180778
7609	-11459	3912	-11470	-11425	-32768	-114	-88	-62	5962	29810	5962	71180779
7125	-10576	3970	-11450	-12313	-32768	-118	-87	-64	5963	29815	5963	71180779
6396	-9844	3879	-11350	-13180	-32768	-123	-85	-67	5964	29820	5964	71180779
5626	-9190	3622	-11539	-13895	-32768	-125	-83	-67	5965	29825	5965	71180779
4920	-8360	3548	-12095	-14490	-32768	-127	-79	-67	5966	29830	5966	71180779
4161	-7420	3435	-12737	-15081	-32768	-133	-77	-66	5967	29835	5967	71180779
3475	-6220	3429	-13455	-15601	-32768	-141	-73	-65	5968	29840	5968	71180788
2878	-4655	3473	-14213	-16223	-32768	-150	-70	-68	5969	29845	5969	71180802
2308	-3194	3567	-14947	-16955	-32768	-159	-67	-71	5970	29850	5970	71180802
1789	-1965	3684	-15636	-17515	-32768	-163	-62	-69	5971	29855	5971	71180802
1184	-695	3740	-16279	-17957	-32768	-165	-59	-67	5972	29860	5972	71180802
662	312	3646	-16706	-18279	-32768	-173	-57	-72	5973	29865	5973	71180803
152	1106	3417	-17065	-18541	-32768	-181	-55	-77	5974	29870	5974	71180803
-544	1812	3236	-17532	-18797	-32768	-183	-52	-76	5975	29875	5975	71180818
-1311	2436	3229	-17995	-19050	-32768	-185	-47	-75	5976	29880	5976	71180843
-2205	3041	3371	-18309	-19300	-32768	-190	-41	-78	5977	29885	5977	71180846
-3328	3636	3398	-18220	-19561	-32768	-194	-34	-80	5978	29890	5978	71180846
-4537	4054	2961	-18072	-19684	-32768	-202	-30	-79	5979	29895	5979	71180846
-5776	4396	2732	-18104	-19717	-32768	-207	-27	-79	5980	29900	5980	71180847
-7032	4844	2707	-18055	-19863	-32768	-209	-22	-78	5981	29905	5981	71180848
-8301	5611	2485	-17848	-20051	-32768	-211	-19	-77	5982	29910	5982	71180848
-9499	6545	2153	-17619	-20144	-32768	-216	-15	-74	5983	29915	5983	71180861
-10554	7502	1960	-17411	-20178	-32768	-220	-12	-72	5984	29920	5984	71180877
-11276	8409	2020	-17233	-20181	-32768	-219	-4	-71	5985	29925	5985	71180881
-11940	9281	1896	-16969	-20172	-32768	-219	1	-71	5986	29930	5986	71180881
-12378	9883	1784	-16837	-20128	-32768	-221	12	-66	5987	29935	5987	71180881
-12780	10219	1756	-16579	-20009	-32768	-221	15	-65	5988	29940	5988	71180881
-13142	10543	1701	-16099	-19836	-32768	-231	21	-65	5989	29945	5989	71180881
-13276	10812	1493	-15522	-19610	-32768	-233	23	-65	5990	29950	5990	71180881
-13481	10884	1494	-14998	-19413	-32768	-233	29	-65	5991	29955	5991	71180913
-13744	10848	1372	-14362	-19198	-32768	-233	31	-65	5992	29960	5992	71180921
-13923	10784	1159	-13701	-18941	-32768	-232	40	-66	5993	29965	5993	71180922
-14287	10978	1007	-13063	-18682	-32768	-232	42	-66	5994	29970	5994	71180922
-14726	10962	316	-12382	-18301	-32768	-240	52	-64	5995	29975	5995	71180922
-14944	10514	-124	-12170	-17912	-32768	-240	52	-64	5996	29980	5996	71180922
-15006	10147	-424	-12158	-17552	-32768	-238	55	-64	5997	29985	5997	71180923
-15122	9837	-868	-11916	-17082	-32768	-238	56	-64	5998	29990	5998	71180923
-15154	9644	-1762	-11529	-16515	-32768	-239	65	-58	5999	29995	5999	71180936
-15194	9650	-2543	-11357	-15828	-32768	-239	67	-57	6000	30000	6000	71180949
-15244	9588	-3018	-11505	-15349	-32768	-238	76	-56	6001	30005	6001	71180952
-15488	9743	-3225	-11528	-14748	-32768	-238	78	-56	6002	30010	6002	71180952
-15982	10300	-3214	-11318	-14021	-32768	-236	88	-52	6003	30015	6003	71180952
-16170	10876	-3052	-11264	-13342	-32768	-236	88	-52	6004	30020	6004	71180952
-16152	11228	-2796	-11161	-12672	-32768	-242	94	-52	6005	30025	6005	71180952
-15872	11354	-2784	-10778	-12091	-32768	-242	94	-52	6006	30030	6006	71180953
-15620	11182	-2506	-10751	-11548	-32768	-235	99	-45	6007	30035	6007	71180961
-15494	10710	-2264	-10755	-11099	-32768	-235	99	-45	6008	30040	6008	71180993
-15568	10298	-2406	-10679	-10570	-32768	-238	114	-46	6009	30045	6009	71180993
-15446	10212	-2742	-10562	-10028	-32768	-238	114	-46	6010	30050	6010	71180993
-15495	10019	-3240	-10300	-9546	-32768	-230	114	-42	6011	30055	6011	71180993
-15760	9933	-3588	-9930	-9111	-32678	-231	116	-43	6012	30060	6012	71180994
-16176	9937	-3380	-9507	-8672	-32118	-237	125	-47	6013	30065	6013	71180994
-16645	10122	-2892	-9126	-8185	-31111	-236	126	-47	6014	30070	6014	71180998
-16705	9831	-1323	-8446	-7745	-30142	-232	130	-48	6015	30075	6015	71181017
-16015	8184	-1462	-7177	-7655	-29487	-231	131	-47	6016	30080	6016	71181031
-15892	8336	-1980	-7052	-7436	-29216	-229	133	-43	6017	30085	6017	71181031
-16306	8811	-3257	-5944	-7197	-28432	-230	134	-43	6018	30090	6018	71181031
-16576	8564	-3771	-4965	-6857	-27389	-234	140	-42	6019	30095	6019	71181032
-17285	8318	-4769	-3777	-6456	-26656	-234	142	-42	6020	30100	6020	71181037
-17756	8323	-5335	-2875	-6063	-26055	-234	146	-42	6021	30105	6021	71181050
-18251	8798	-4718	-2052	-5685	-25387	-232	146	-42	6022	30110	6022	71181063
-19105	10304	-2768	-1465	-5491	-24685	-226	146	-40	6023	30115	6023	71181063
-20379	12204	-1723	-622	-5229	-23672	-226	147	-41	6024	30120	6024	71181063
-21698	14039	-1406	738	-4881	-22207	-226	152	-44	6025	30125	6025	71181064
-23228	15703	-2349	2936	-4471	-20480	-226	153	-43	6026	30130	6026	71181064
-24042	16356	-4315	5444	-3894	-18789	-225	157	-41	6027	30135	6027	71181064
-24417	16012	-6870	7781	-3216	-17557	-223	159	-39	6028	30140	6028	71181064
-24536	15406	-8218	9072	-2591	-16752	-219	161	-37	6029	30145	6029	71181079
-24414	14416	-9025	9568	-1855	-15888	-221	164	-40	6030	30150	6030	71181102
-24137	12770	-9574	9504	-1049	-15058	-224	168	-44	6031	30155	6031	71181103
-23778	10978	-9760	8968	-375	-14439	-224	169	-47	6032	30160	6032	71181103
-23444	9410	-9272	7960	137	-13924	-224	170	-52	6033	30165	6033	71181103
-23124	8099	-8375	6510	615	-13334	-222	172	-49	6034	30170	6034	71181103
-22749	7192	-7235	4760	999	-12642	-220	174	-44	6035	30175	6035	71181113
-22175	7059	-5360	2803	1146	-11827	-220	176	-47	6036	30180	6036	71181134
-21545	7669	-3230	1283	1093	-10967	-219	177	-49	6037	30185	6037	71181138
-20992	8284	-1404	707	993	-10297	-219	173	-47	6038	30190	6038	71181138
-20456	8513	157	984	804	-9870	-219	171	-45	6039	30195	6039	71181139
-19802	8034	1042	1978	506	-9684	-216	174	-50	6040	30200	6040	71181139
-19015	6532	932	3299	178	-9617	-214	176	-54	6041	30205	6041	71181139
-18222	4281	442	4580	-127	-9559	-215	178	-52	6042	30210	6042	71181139
-17571	2139	-118	5547	-407	-9474	-215	179	-51	6043	30215	6043	71181158
-16853	192	-723	6391	-717	-9307	-215	182	-51	6044	30220	6044	71181182
-15967	-1090	-1300	7082	-1032	-9050	-215	185	-51	6045	30225	6045	71181187
-15243	-1467	-1951	7667	-1264	-8787	-213	184	-52	6046	30230	6046	71181187
-14501	-1540	-2544	8203	-1429	-8537	-212	184	-52	6047	30235	6047	71181187
-13825	-1600	-3037	8663	-1577	-8477	-208	188	-53	6048	30240	6048	71181187
-13237	-1609	-3568	9145	-1717	-8580	-205	191	-53	6049	30245	6049	71181187
-12604	-1470	-4073	9736	-1803	-8644	-205	193	-53	6050	30250	6050	71181194
-11980	-1266	-4547	10473	-1836	-8657	-205	195	-53	6051	30255	6051	71181215
-11314	-1043	-5095	11327	-1851	-8707	-206	188	-55	6052	30260	6052	71181235
-10610	-808	-5683	12343	-1844	-8828	-206	184	-56	6053	30265	6053	71181241
-10076	-642	-6294	13255	-1776	-8978	-207	186	-63	6054	30270	6054	71181241
-9764	-452	-7101	13993	-1684	-9112	-207	187	-65	6055	30275	6055	71181242
-9811	-247	-8091	14584	-1601	-9295	-209	190	-62	6056	30280	6056	71181242
-10274	103	-9907	14967	-1501	-9600	-209	191	-61	6057	30285	6057	71181242
-11178	447	-12315	14894	-1303	-9855	-207	189	-63	6058	30290	6058	71181242
-12333	1274	-14899	14337	-992	-9990	-206	188	-64	6059	30295	6059	71181243
-13449	2824	-16306	13168	-681	-9811	-203	198	-66	6060	30300	6060	71181243
-14266	4852	-16276	11516	-408	-9401	-202	200	-66	6061	30305	6061	71181273
-14878	6576	-15104	10393	-185	-9182	-199	197	-71	6062	30310	6062	71181273
-15996	7928	-13780	9712	28	-8939	-199	197	-71	6063	30315	6063	71181273
-16816	8146	-12354	9318	196	-8588	-201	201	-75	6064	30320	6064	71181273
-17232	7238	-11156	9018	240	-8418	-201	201	-75	6065	30325	6065	71181274
-17965	6031	-10258	8752	140	-8489	-193	199	-67	6066	30330	6066	71181274
-18853	4633	-9601	8389	-45	-8627	-191	199	-65	6067	30335	6067	71181274
-19644	3602	-9020	7962	-388	-8759	-193	201	-74	6068	30340	6068	71181303
-20300	2749	-8912	7541	-743	-8668	-194	202	-76	6069	30345	6069	71181311
-20662	2268	-9172	7049	-1233	-8475	-190	202	-80	6070	30350	6070	71181312
-20870	2374	-9530	6643	-1704	-8326	-190	202	-80	6071	30355	6071	71181312
-20842	2778	-9942	6353	-2059	-8199	-191	201	-73	6072	30360	6072	71181312
-20744	3194	-10006	6154	-2386	-7970	-191	201	-73	6073	30365	6073	71181312
-20732	3420	-10350	6009	-2680	-7895	-185	209	-79	6074	30370	6074	71181313
-20708	3654	-10324	5728	-2988	-7839	-185	209	-79	6075	30375	6075	71181313
-20594	3378	-9828	5316	-3340	-7949	-185	207	-75	6076	30380	6076	71181339
-20612	3478	-9074	4891	-3753	-8191	-185	207	-75	6077	30385	6077	71181348
-20034	3420	-9234	4522	-4114	-8278	-182	206	-74	6078	30390	6078	71181348
-19187	3520	-8885	4213	-4355	-8284	-182	207	-75	6079	30395	6079	71181348
-18486	3555	-8497	3891	-4624	-8478	-183	211	-79	6080	30400	6080	71181348
-17760	3455	-8732	3732	-4772	-8697	-182	210	-79	6081	30405	6081	71181349
-16901	3338	-8989	3580	-4874	-8847	-179	207	-79	6082	30410	6082	71181349
-16260	3024	-8718	3347	-5006	-9057	-179	207	-79	6083	30415	6083	71181349
-15623	2462	-8544	3168	-5073	-9372	-179	209	-81	6084	30420	6084	71181349
-14861	1955	-8485	2896	-5070	-9609	-179	209	-81	6085	30425	6085	71181356
-14340	1655	-8353	2511	-5148	-9876	-180	210	-82	6086	30430	6086	71181381
-13979	1341	-8327	2158	-5188	-10223	-179	211	-80	6087	30435	6087	71181387
-13814	1184	-8021	1843	-5199	-10483	-177	213	-77	6088	30440	6088	71181387
-13731	1370	-7524	1548	-5195	-10681	-176	213	-76	6089	30445	6089	71181388
-13543	1604	-7036	1337	-5169	-10814	-175	213	-73	6090	30450	6090	71181388
-13314	1662	-6704	1132	-5150	-10931	-175	213	-74	6091	30455	6091	71181388
-13204	1500	-6432	946	-5117	-11084	-176	212	-78	6092	30460	6092	71181390
-13312	1243	-5981	794	-5079	-11226	-175	212	-77	6093	30465	6093	71181404
-13519	796	-5659	654	-5008	-11375	-172	214	-74	6094	30470	6094	71181425
-13724	388	-5525	400	-4929	-11553	-169	218	-73	6095	30475	6095	71181425
-13884	148	-5492	186	-4868	-11699	-164	224	-72	6096	30480	6096	71181425
-14074	129	-5396	51	-4813	-11828	-164	222	-72	6097	30485	6097	71181425
-14223	223	-5242	-131	-4782	-11899	-165	219	-73	6098	30490	6098	71181425
-14417	604	-4886	-321	-4781	-11920	-165	221	-74	6099	30495	6099	71181426
-14527	1014	-4578	-400	-4768	-11952	-165	223	-75	6100	30500	6100	71181432
-14533	1043	-4499	-387	-4726	-11975	-161	224	-71	6101	30505	6101	71181460
-14619	925	-4398	-405	-4727	-12019	-155	225	-65	6102	30510	6102	71181486
-14638	832	-4444	-489	-4782	-12023	-158	224	-67	6103	30515	6103	71181486
-14650	979	-4750	-645	-4840	-11978	-160	224	-68	6104	30520	6104	71181486
-14740	1133	-4937	-829	-4913	-11892	-159	225	-73	6105	30525	6105	71181486
-14749	1136	-4658	-1016	-5014	-11763	-158	226	-76	6106	30530	6106	71181486
-14786	1250	-4137	-1114	-5078	-11651	-158	222	-68	6107	30535	6107	71181486
-14849	1278	-3798	-1096	-5059	-11484	-158	220	-62	6108	30540	6108	71181515
-14715	1171	-3861	-1025	-4943	-11257	-156	224	-66	6109	30545	6109	71181535
-14525	505	-4380	-928	-4744	-11091	-155	227	-69	6110	30550	6110	71181535
-15074	-825	-5375	-801	-4486	-11029	-155	224	-65	6111	30555	6111	71181536
-15332	-2252	-5399	-767	-4200	-10950	-155	223	-63	6112	30560	6112	71181536
-15742	-3183	-5221	-674	-3925	-10946	-152	226	-68	6113	30565	6113	71181536
-16281	-3515	-4778	-552	-3680	-10944	-150	228	-70	6114	30570	6114	71181536
-16645	-3380	-3911	-446	-3455	-10906	-148	229	-65	6115	30575	6115	71181537
-16976	-3185	-3294	-268	-3217	-10875	-147	229	-61	6116	30580	6116	71181563
-17413	-3056	-3080	-37	-2983	-10891	-148	230	-62	6117	30585	6117	71181581
-17609	-3103	-3124	143	-2745	-10926	-149	231	-63	6118	30590	6118	71181581
-17822	-3335	-3335	196	-2469	-11011	-148	226	-67	6119	30595	6119	71181582
-17874	-3547	-3603	194	-2184	-11029	-148	224	-68	6120	30600	6120	71181582
-17876	-3714	-3927	225	-1877	-11032	-143	230	-62	6121	30605	6121	71181583
-17916	-4176	-4168	363	-1524	-11130	-142	232	-60	6122	30610	6122	71181583
-18040	-4825	-4130	630	-1165	-11292	-144	230	-61	6123	30615	6123	71181584
-18295	-5120	-3918	893	-799	-11429	-145	229	-61	6124	30620	6124	71181584
-18325	-5456	-3540	1103	-471	-11463	-144	228	-65	6125	30625	6125	71181585
-18033	-5688	-3340	1287	-191	-11455	-144	228	-66	6126	30630	6126	71181586
-18002	-5406	-3516	1383	-11	-11349	-142	224	-67	6127	30635	6127	71181586
-17750	-5878	-3948	1453	163	-11115	-141	223	-67	6128	30640	6128	71181589
-18400	-6238	-4058	1633	315	-11226	-137	223	-65	6129	30645	6129	71181617
-18954	-6074	-4390	1869	564	-11166	-137	223	-65	6130	30650	6130	71181618
-19104	-5540	-4914	1972	864	-10985	-138	226	-64	6131	30655	6131	71181618
-19532	-5146	-5386	2001	1108	-10853	-138	226	-64	6132	30660	6132	71181619
-19968	-5288	-5466	2039	1401	-10787	-135	233	-61	6133	30665	6133	71181619
-20518	-5412	-5420	2127	1678	-10745	-135	233	-61	6134	30670	6134	71181619
-20590	-5444	-4906	2291	1988	-10646	-132	230	-60	6135	30675	6135	71181620
-20150	-5548	-4274	2508	2286	-10542	-132	230	-60	6136	30680	6136	71181620
-19428	-6020	-4478	2754	2521	-10477	-126	234	-66	6137	30685	6137	71181641
-18786	-6626	-5002	2783	2682	-10355	-126	234	-66	6138	30690	6138	71181674
-18362	-6878	-5674	2728	2770	-10124	-131	233	-63	6139	30695	6139	71181674
-18006	-6958	-5978	2754	2946	-9797	-131	233	-63	6140	30700	6140	71181674
-17872	-6866	-5884	2868	3124	-9629	-125	233	-67	6141	30705	6141	71181674
-17316	-7124	-5774	2969	3343	-9503	-125	233	-67	6142	30710	6142	71181674
-17080	-7716	-5880	2970	3476	-9375	-121	233	-69	6143	30715	6143	71181674
-17264	-8334	-6112	2917	3586	-9300	-121	233	-69	6144	30720	6144	71181674
-16978	-7868	-5873	2768	3766	-8974	-119	229	-73	6145	30725	6145	71181674
-16606	-7085	-5692	2649	3886	-8547	-118	231	-72	6146	30730	6146	71181683
-15827	-6402	-5694	2514	3939	-8049	-115	237	-69	6147	30735	6147	71181717
-15242	-5767	-6003	2296	3919	-7513	-115	236	-70	6148	30740	6148	71181717
-14914	-5006	-6211	2096	3880	-6900	-116	232	-74	6149	30745	6149	71181717
-14479	-4476	-6273	1958	3840	-6255	-115	232	-73	6150	30750	6150	71181717
-14048	-4254	-6456	1915	3811	-5680	-111	233	-71	6151	30755	6151	71181718
-13887	-4323	-6436	1937	3773	-5395	-111	235	-72	6152	30760	6152	71181718
-14284	-4667	-7249	2045	3784	-5233	-111	239	-73	6153	30765	6153	71181718
-13980	-5495	-7934	1957	3843	-4931	-112	238	-72	6154	30770	6154	71181718
-14227	-6088	-7210	1482	3698	-4904	-113	237	-71	6155	30775	6155	71181721
-14675	-6032	-6712	1210	3680	-5015	-111	233	-73	6156	30780	6156	71181740
-14991	-5440	-6381	1168	3714	-4782	-108	228	-76	6157	30785	6157	71181762
-14992	-5149	-6423	1232	3719	-4645	-110	231	-77	6158	30790	6158	71181763
-14509	-5855	-6314	1229	3678	-4770	-113	235	-79	6159	30795	6159	71181763
-14741	-6555	-6487	1140	3581	-5055	-112	235	-75	6160	30800	6160	71181763
-15281	-6787	-6896	1061	3549	-5136	-110	234	-68	6161	30805	6161	71181763
-15630	-7053	-7180	835	3632	-5019	-110	234	-72	6162	30810	6162	71181763
-15568	-7363	-7020	503	3690	-5070	-109	233	-77	6163	30815	6163	71181763
-15856	-7579	-6889	174	3749	-5120	-109	232	-79	6164	30820	6164	71181763
-16192	-8095	-6878	-98	3880	-5137	-109	231	-81	6165	30825	6165	71181763
-16648	-8835	-6920	-352	4035	-5201	-107	230	-79	6166	30830	6166	71181772
-17092	-9228	-6656	-628	4244	-5226	-103	229	-75	6167	30835	6167	71181793
-17013	-8642	-5442	-943	4471	-5126	-104	233	-78	6168	30840	6168	71181806
-15446	-6876	-4090	-1222	4601	-4766	-106	240	-82	6169	30845	6169	71181806
-13566	-5087	-4240	-1383	4548	-4637	-102	237	-83	6170	30850	6170	71181806
-13060	-4986	-5339	-1449	4463	-4869	-99	235	-83	6171	30855	6171	71181806
-13134	-6319	-6758	-1496	4587	-4946	-102	233	-80	6172	30860	6172	71181806
-13306	-8594	-7906	-1587	4908	-4915	-104	232	-78	6173	30865	6173	71181813
-13954	-10265	-8456	-1904	5180	-4914	-105	234	-83	6174	30870	6174	71181834
-15216	-10677	-9002	-2335	5542	-4785	-106	236	-86	6175	30875	6175	71181844
-16310	-10853	-9494	-2774	6024	-4664	-105	234	-82	6176	30880	6176	71181844
-18107	-10824	-10010	-3126	6598	-4975	-105	233	-79	6177	30885	6177	71181844
-20843	-10683	-10509	-3444	7334	-5387	-106	232	-83	6178	30890	6178	71181844
-22523	-10884	-10802	-3678	8151	-5555	-106	232	-84	6179	30895	6179	71181844
-22788	-11093	-10804	-3840	9019	-6068	-101	237	-84	6180	30900	6180	71181844
-25103	-10201	-10797	-4153	9633	-6744	-100	238	-84	6181	30905	6181	71181844
-25964	-10454	-10624	-4470	10382	-6637	-98	242	-91	6182	30910	6182	71181844
-26282	-10918	-10758	-4566	11268	-6932	-97	243	-93	6183	30915	6183	71181845
-26420	-10993	-10278	-4686	11856	-7476	-96	236	-95	6184	30920	6184	71181845
-25851	-10464	-8124	-4596	12384	-8146	-96	232	-96	6185	30925	6185	71181845
-23423	-8257	-5200	-4215	12722	-8955	-95	235	-95	6186	30930	6186	71181866
-20057	-5150	-4251	-4107	12612	-9763	-94	236	-94	6187	30935	6187	71181888
-17144	-2762	-4822	-4143	12320	-10561	-93	230	-98	6188	30940	6188	71181893
-15139	-2590	-6100	-3966	12361	-11033	-93	229	-99	6189	30945	6189	71181893
-14204	-4482	-7813	-3545	12733	-11072	-91	235	-105	6190	30950	6190	71181893
-13906	-7114	-9345	-3211	13235	-10832	-90	236	-106	6191	30955	6191	71181894
-14076	-8933	-10292	-3168	13697	-10505	-88	232	-105	6192	30960	6192	71181894
-14344	-9346	-11186	-3089	14171	-10075	-87	231	-105	6193	30965	6193	71181894
-14510	-9631	-12030	-2944	14845	-9663	-85	238	-109	6194	30970	6194	71181895
-14824	-9434	-12622	-2868	15701	-9450	-84	240	-110	6195	30975	6195	71181895
-15336	-9674	-12838	-2486	16392	-9376	-84	236	-112	6196	30980	6196	71181970
-15972	-10354	-13464	-2107	17212	-9279	-84	236	-112	6197	30985	6197	71181990
-16836	-11900	-14680	-1805	17947	-9177	-79	231	-113	6198	30990	6198	71181990
-18094	-13302	-15122	-2193	18220	-9164	-79	231	-113	6199	30995	6199	71181990
-18942	-11314	-15004	-2432	18274	-9105	-79	227	-117	6200	31000	6200	71181991
-18706	-9466	-14482	-1776	18804	-9038	-79	227	-117	6201	31005	6201	71181991
-18412	-8046	-14186	-1057	19349	-9579	-74	232	-118	6202	31010	6202	71181991
-11168	-8632	-11697	-864	20583	-10324	-75	232	-119	6203	31015	6203	71182008
-11928	-8102	-11255	-634	21118	-10039	-78	230	-124	6204	31020	6204	71182037
-16328	-7802	-9979	-1351	19674	-8257	-77	229	-124	6205	31025	6205	71182037
-18759	-8067	-9912	-296	19520	-7347	-73	227	-125	6206	31030	6206	71182037
-18854	-8213	-9890	2383	20516	-7569	-73	227	-126	6207	31035	6207	71182037
-18506	-6476	-7872	5419	20452	-8173	-74	224	-128	6208	31040	6208	71182037
-17696	-2758	-6938	8198	19490	-8110	-74	224	-128	6209	31045	6209	71182037
-16052	-1622	-6942	10296	19798	-7476	-70	220	-134	6210	31050	6210	71182037
-14788	-2955	-6801	12773	20303	-7737	-68	218	-134	6211	31055	6211	71182050
-15277	-4434	-7041	14267	20264	-8671	-61	209	-133	6212	31060	6212	71182066
-16678	-5813	-7641	14807	20167	-9596	-59	210	-133	6213	31065	6213	71182067
-17764	-7154	-7962	14510	20284	-10083	-53	213	-133	6214	31070	6214	71182067
-17870	-8304	-8087	13714	20323	-10197	-53	213	-134	6215	31075	6215	71182067
-16886	-9096	-7497	12607	20110	-10277	-54	214	-136	6216	31080	6216	71182067
-15480	-9163	-6355	11323	19673	-10558	-53	212	-136	6217	31085	6217	71182067
-14077	-8709	-5380	10049	19191	-10809	-50	206	-136	6218	31090	6218	71182067
-12946	-8096	-4537	8867	18628	-10723	-50	205	-137	6219	31095	6219	71182067
-12255	-7551	-3754	8097	17937	-10269	-49	201	-139	6220	31100	6220	71182067
-11992	-7144	-3479	7940	17358	-9726	-46	201	-141	6221	31105	6221	71182067
-11670	-6891	-3457	8070	16851	-9163	-42	200	-144	6222	31110	6222	71182067
-11229	-6942	-3429	8331	16371	-8698	-43	197	-145	6223	31115	6223	71182071
-10869	-7273	-3759	8726	15836	-8411	-44	192	-146	6224	31120	6224	71182078
-10672	-7810	-4487	9117	15279	-8255	-43	194	-144	6225	31125	6225	71182078
-10713	-8662	-5244	9261	14823	-8161	-41	197	-141	6226	31130	6226	71182078
-11165	-9532	-5883	9319	14429	-8058	-40	193	-142	6227	31135	6227	71182078
-11760	-9769	-6660	9436	14060	-7780	-39	189	-143	6228	31140	6228	71182084
-11922	-9724	-7673	9357	13807	-7394	-34	184	-138	6229	31145	6229	71182109
-11684	-9780	-8489	9116	13675	-7121	-31	181	-135	6230	31150	6230	71182134
-11330	-9694	-9062	8945	13587	-7034	-34	184	-139	6231	31155	6231	71182143
-10997	-9350	-9431	8917	13516	-6948	-36	186	-142	6232	31160	6232	71182143
-10609	-8833	-9637	8955	13492	-6720	-33	184	-144	6233	31165	6233	71182143
-10094	-8196	-9650	9029	13581	-6307	-28	180	-148	6234	31170	6234	71182143
-9527	-7662	-9496	9162	13804	-5838	-26	180	-146	6235	31175	6235	71182144
-8982	-7218	-9158	9454	14092	-5287	-24	180	-144	6236	31180	6236	71182145
-8557	-7010	-8827	9849	14301	-4660	-23	181	-141	6237	31185	6237	71182146
-8332	-7113	-8542	10186	14450	-4075	-23	181	-139	6238	31190	6238	71182146
-8232	-7477	-8309	10485	14610	-3499	-24	177	-138	6239	31195	6239	71182146
-8160	-8127	-8205	10703	14774	-2950	-24	174	-138	6240	31200	6240	71182146
-8079	-8821	-8126	10736	14896	-2465	-21	176	-141	6241	31205	6241	71182146
-7993	-9232	-8116	10575	14988	-1988	-19	177	-143	6242	31210	6242	71182147
-7898	-9519	-8406	10261	15129	-1418	-14	175	-142	6243	31215	6243	71182147
-7712	-10070	-8720	9450	15439	-763	-10	174	-142	6244	31220	6244	71182151
-7598	-10230	-8473	8355	15707	-287	-11	167	-141	6245	31225	6245	71182175
-7555	-9909	-8398	7496	15868	224	-11	165	-141	6246	31230	6246	71182181
-7446	-9482	-8577	6780	16035	920	-13	166	-140	6247	31235	6247	71182181
-7329	-9242	-8894	6006	16265	1594	-14	166	-140	6248	31240	6248	71182181
-7239	-8870	-8909	5174	16524	2193	-13	165	-146	6249	31245	6249	71182181
-7169	-8436	-9032	4513	16782	2868	-13	165	-147	6250	31250	6250	71182181
-7071	-7978	-9368	4032	17091	3704	-12	163	-143	6251	31255	6251	71182181
-6927	-7702	-9570	3596	17467	4524	-12	162	-142	6252	31260	6252	71182231
-6620	-7570	-9634	3116	17957	5310	-13	161	-145	6253	31265	6253	71182243
-6448	-7464	-9956	2781	18374	5892	-13	161	-145	6254	31270	6254	71182243
-6224	-7568	-10282	2339	18879	6562	-15	151	-147	6255	31275	6255	71182243
-6092	-7942	-10640	1884	19338	7254	-15	151	-147	6256	31280	6256	71182243
-6209	-8329	-10805	1472	19697	7791	-17	158	-147	6257	31285	6257	71182244
-6466	-8664	-11006	931	20080	8424	-17	159	-147	6258	31290	6258	71182244
-6698	-9010	-11192	285	20499	9058	-15	150	-149	6259	31295	6259	71182250
-6926	-9307	-11113	-402	20949	9634	-14	148	-150	6260	31300	6260	71182274
-7052	-9362	-10832	-1120	21497	10232	-15	149	-157	6261	31305	6261	71182281
-7052	-9170	-10676	-1607	21999	10780	-15	149	-157	6262	31310	6262	71182281
-6758	-8960	-10382	-2063	22483	11431	-16	144	-156	6263	31315	6263	71182281
-6488	-8762	-9926	-2551	22936	12103	-16	144	-156	6264	31320	6264	71182282
-6384	-8648	-9572	-3013	23360	12680	-17	139	-155	6265	31325	6265	71182282
-6228	-8388	-9238	-3404	23706	13249	-17	139	-155	6266	31330	6266	71182282
-6178	-8450	-8798	-3873	24059	13853	-21	137	-159	6267	31335	6267	71182282
-6134	-8332	-8376	-4310	24347	14539	-21	137	-159	6268	31340	6268	71182283
-6290	-8238	-8240	-4782	24613	15111	-22	128	-158	6269	31345	6269	71182283
-6272	-8532	-8163	-5524	24969	15890	-23	130	-159	6270	31350	6270	71182284
-6343	-8933	-7840	-6124	25217	16399	-27	137	-163	6271	31355	6271	71182295
-6489	-9122	-7454	-6601	25370	16840	-27	135	-164	6272	31360	6272	71182317
-6559	-9096	-7276	-7030	25542	17342	-28	128	-166	6273	31365	6273	71182317
-6478	-9158	-7098	-7524	25757	17935	-28	126	-167	6274	31370	6274	71182317
-6343	-9384	-7108	-8045	25943	18505	-29	119	-169	6275	31375	6275	71182318
-6234	-9560	-7109	-8746	26106	19055	-29	119	-169	6276	31380	6276	71182318
-6171	-9632	-6687	-9516	26167	19675	-29	121	-167	6277	31385	6277	71182318
-6146	-9645	-6585	-10158	26151	20388	-33	119	-168	6278	31390	6278	71182322
-6108	-9668	-6506	-10639	26164	21010	-39	115	-169	6279	31395	6279	71182339
-6057	-9696	-6476	-11069	26175	21541	-40	114	-169	6280	31400	6280	71182354
-5979	-9801	-6402	-11459	26184	21993	-42	112	-168	6281	31405	6281	71182355
-5990	-9944	-6263	-11881	26165	22523	-43	111	-171	6282	31410	6282	71182355
-5996	-10117	-6201	-12290	26146	23110	-49	105	-183	6283	31415	6283	71182355
-5915	-10391	-5944	-12716	26108	23694	-50	105	-182	6284	31420	6284	71182355
-5919	-10534	-5702	-13088	26001	24265	-52	104	-178	6285	31425	6285	71182355
-5906	-10632	-5528	-13435	25808	24871	-52	103	-177	6286	31430	6286	71182364
-5853	-10660	-5154	-13761	25487	25591	-53	101	-173	6287	31435	6287	71182392
-5831	-10696	-4697	-13925	25144	26205	-56	99	-177	6288	31440	6288	71182392
-5852	-10910	-4038	-13946	24762	26712	-60	96	-182	6289	31445	6289	71182392
-5890	-11155	-3110	-13771	24320	27093	-59	96	-182	6290	31450	6290	71182393
-5891	-11312	-2265	-13394	23817	27407	-57	95	-181	6291	31455	6291	71182393
-5653	-11358	-1500	-12881	23271	27750	-58	93	-181	6292	31460	6292	71182393
-5270	-11321	-603	-12256	22638	28163	-60	90	-182	6293	31465	6293	71182393
-4891	-11299	189	-11348	21787	28644	-67	86	-181	6294	31470	6294	71182414
-4582	-11187	1050	-10276	20832	29094	-73	81	-179	6295	31475	6295	71182436
-4378	-11119	1787	-9104	19865	29472	-72	81	-184	6296	31480	6296	71182436
-4187	-11129	2192	-7774	18873	29773	-71	81	-187	6297	31485	6297	71182436
-4018	-11296	2306	-6487	17936	30002	-73	78	-186	6298	31490	6298	71182436
-3861	-11594	1978	-5454	17074	30189	-74	76	-186	6299	31495	6299	71182437
-3712	-12282	1391	-4816	16294	30269	-75	75	-184	6300	31500	6300	71182437
-3609	-13373	972	-4636	15603	30156	-75	75	-183	6301	31505	6301	71182438
-3582	-14459	840	-4694	14884	29864	-78	71	-184	6302	31510	6302	71182455
-3607	-15084	641	-4582	13880	29531	-80	68	-184	6303	31515	6303	71182467
-3566	-14972	360	-4246	12876	29521	-78	63	-179	6304	31520	6304	71182467
-3407	-14706	94	-3928	12061	29677	-78	62	-178	6305	31525	6305	71182467
-3190	-14406	-155	-3585	11188	29822	-77	64	-185	6306	31530	6306	71182467
-2970	-13967	-158	-3182	10190	29862	-77	65	-189	6307	31535	6307	71182467
-2824	-13464	79	-2479	9110	29838	-78	64	-184	6308	31540	6308	71182467
-2758	-13213	92	-1374	8060	29779	-79	63	-181	6309	31545	6309	71182494
-2819	-13274	-126	-500	7130	29667	-83	63	-182	6310	31550	6310	71182512
-2938	-13469	-176	-107	6161	29426	-85	63	-183	6311	31555	6311	71182512
-3069	-13523	-117	117	5231	29126	-84	65	-185	6312	31560	6312	71182512
-3211	-13657	-522	313	4320	28842	-84	66	-186	6313	31565	6313	71182512
-3278	-13960	-842	153	3496	28516	-80	59	-188	6314	31570	6314	71182512
-3430	-14706	-1221	-207	2657	28100	-79	57	-189	6315	31575	6315	71182512
-3623	-15561	-1744	-604	1774	27623	-81	59	-195	6316	31580	6316	71182522
-3921	-16369	-2297	-1110	844	27143	-82	60	-196	6317	31585	6317	71182556
-4180	-17237	-2912	-1614	-102	26687	-82	57	-188	6318	31590	6318	71182564
-4394	-17988	-3374	-2091	-1043	26219	-82	56	-186	6319	31595	6319	71182564
-4452	-18590	-4014	-2804	-2143	25590	-89	57	-187	6320	31600	6320	71182564
-4390	-18880	-4144	-3629	-2989	24969	-89	57	-187	6321	31605	6321	71182564
-4228	-18996	-4194	-4250	-3943	24312	-83	61	-185	6322	31610	6322	71182565
-4096	-18776	-4268	-4745	-4909	23705	-83	61	-185	6323	31615	6323	71182565
-3922	-18514	-4486	-5311	-5774	23113	-80	60	-188	6324	31620	6324	71182565
-3824	-18578	-4808	-6063	-6590	22476	-80	60	-188	6325	31625	6325	71182565
-3810	-18548	-4882	-6829	-7428	21702	-87	57	-185	6326	31630	6326	71182590
-3850	-18376	-4856	-7326	-8307	20934	-87	57	-185	6327	31635	6327	71182601
-3894	-18306	-5223	-7772	-9206	20084	-90	66	-194	6328	31640	6328	71182601
-3976	-18404	-5496	-8076	-9754	19446	-90	66	-194	6329	31645	6329	71182601
-4008	-18750	-5922	-8410	-10350	18564	-93	65	-191	6330	31650	6330	71182602
-4018	-19392	-6818	-8795	-10860	17637	-93	65	-191	6331	31655	6331	71182603
-4070	-20246	-7248	-9146	-11383	16655	-95	65	-193	6332	31660	6332	71182603
-4480	-20842	-7702	-9383	-12014	15642	-95	65	-193	6333	31665	6333	71182603
-4840	-20744	-8248	-9470	-12584	14733	-92	70	-196	6334	31670	6334	71182620
-4970	-20484	-8688	-9465	-13037	14024	-92	70	-196	6335	31675	6335	71182640
-5105	-19760	-9126	-9251	-13497	13046	-99	73	-191	6336	31680	6336	71182640
-5178	-19147	-9628	-8978	-13760	12211	-98	73	-192	6337	31685	6337	71182641
-5130	-18534	-10002	-8794	-13877	11350	-92	74	-196	6338	31690	6338	71182641
-5144	-17956	-10176	-8559	-14003	10404	-94	75	-196	6339	31695	6339	71182642
-5288	-17269	-10346	-8126	-14166	9499	-100	78	-196	6340	31700	6340	71182642
-5267	-16475	-10674	-7586	-14261	8765	-100	78	-196	6341	31705	6341	71182643
-5212	-15642	-10870	-7076	-14285	8106	-98	78	-198	6342	31710	6342	71182645
-5162	-14844	-11088	-6512	-14271	7466	-100	80	-198	6343	31715	6343	71182653
-5089	-14152	-11291	-5936	-14177	6862	-107	87	-199	6344	31720	6344	71182677
-4982	-13500	-11396	-5494	-14072	6271	-106	87	-198	6345	31725	6345	71182677
-4990	-12904	-11289	-5201	-14008	5797	-105	87	-197	6346	31730	6346	71182677
-5004	-12327	-11289	-4817	-13907	5420	-107	89	-198	6347	31735	6347	71182677
-4920	-11798	-11347	-4479	-13799	5129	-110	92	-200	6348	31740	6348	71182677
-4824	-11600	-12122	-4328	-13613	4784	-107	92	-202	6349	31745	6349	71182677
-4748	-12432	-15388	-4552	-12919	4262	-103	91	-205	6350	31750	6350	71182680
-4585	-15408	-20609	-6097	-11323	3381	-106	95	-202	6351	31755	6351	71182697
-5082	-20069	-23957	-10456	-9249	1893	-110	100	-198	6352	31760	6352	71182716
-4963	-24133	-23470	-15462	-8063	672	-110	100	-198	6353	31765	6353	71182716
-3018	-26194	-22353	-19459	-8043	-451	-110	100	-198	6354	31770	6354	71182716
-1286	-23631	-23090	-22843	-9073	-2074	-113	100	-198	6355	31775	6355	71182716
-2692	-16373	-25559	-24095	-10115	-2655	-117	99	-199	6356	31780	6356	71182717
-4947	-8459	-28569	-22437	-9766	-1119	-115	104	-198	6357	31785	6357	71182717
-5902	-2864	-30928	-18570	-7813	1024	-113	111	-197	6358	31790	6358	71182730
-6021	-215	-31544	-13906	-5408	2138	-116	108	-197	6359	31795	6359	71182749
-5956	152	-31340	-9779	-2967	2181	-120	104	-198	6360	31800	6360	71182749
-5776	-1089	-29688	-6159	-487	1687	-120	108	-198	6361	31805	6361	71182749
-5611	-2493	-27196	-3388	1021	865	-120	112	-198	6362	31810	6362	71182749
-5718	-2979	-25723	-1456	2011	425	-124	108	-202	6363	31815	6363	71182749
-5922	-2615	-23849	195	2755	621	-126	106	-204	6364	31820	6364	71182750
-6093	-1510	-21742	1537	3213	1046	-125	109	-201	6365	31825	6365	71182754
-6369	-94	-19665	2844	3681	1413	-125	111	-199	6366	31830	6366	71182782
-6515	683	-17673	4385	4212	1784	-118	112	-200	6367	31835	6367	71182800
-6544	475	-15913	6034	4697	2120	-114	112	-200	6368	31840	6368	71182802
-6616	-624	-14277	7810	5106	2276	-119	111	-199	6369	31845	6369	71182802
-6786	-1890	-13291	9057	5276	2198	-121	111	-199	6370	31850	6370	71182802
-6990	-3065	-12449	9658	5277	2067	-117	104	-201	6371	31855	6371	71182804
-7102	-4178	-11979	9849	5165	1988	-116	102	-202	6372	31860	6372	71182804
-7197	-5182	-11587	9786	4928	1961	-115	104	-204	6373	31865	6373	71182820
-7384	-5815	-11426	9402	4603	1915	-115	105	-205	6374	31870	6374	71182824
-7554	-6174	-11252	8791	4272	1842	-109	106	-203	6375	31875	6375	71182824
-7874	-6650	-11283	8070	3949	1758	-108	106	-202	6376	31880	6376	71182824
-8165	-7077	-11297	7267	3592	1612	-114	100	-200	6377	31885	6377	71182824
-8370	-7464	-11414	6329	3185	1372	-116	98	-200	6378	31890	6378	71182824
-8526	-7750	-11350	5286	2733	1067	-113	101	-202	6379	31895	6379	71182825
-8618	-7840	-11344	4285	2223	788	-112	102	-202	6380	31900	6380	71182831
-8775	-7634	-11502	3411	1689	587	-110	100	-204	6381	31905	6381	71182855
-8724	-7380	-11761	2589	1219	461	-109	99	-205	6382	31910	6382	71182861
-8616	-6975	-12064	1886	837	345	-109	97	-205	6383	31915	6383	71182861
-8628	-6611	-12406	1423	542	257	-109	97	-205	6384	31920	6384	71182861
-8559	-6232	-12814	1137	289	205	-112	107	-205	6385	31925	6385	71182862
-8460	-5832	-13144	1042	95	176	-113	109	-205	6386	31930	6386	71182862
-8420	-5686	-13558	1197	2	188	-107	105	-205	6387	31935	6387	71182862
-8436	-5474	-13922	1404	-61	219	-107	105	-205	6388	31940	6388	71182898
-8446	-5370	-14026	1738	-55	236	-102	100	-202	6389	31945	6389	71182898
-8594	-5372	-14408	2213	-21	284	-102	100	-202	6390	31950	6390	71182898
-8578	-5404	-14522	2671	80	322	-107	103	-205	6391	31955	6391	71182898
-8552	-5512	-14538	2979	189	320	-107	103	-205	6392	31960	6392	71182899
-8556	-5738	-14468	3178	301	302	-105	101	-207	6393	31965	6393	71182899
-8548	-5978	-14304	3399	415	300	-105	101	-207	6394	31970	6394	71182899
-8430	-6217	-14024	3684	507	333	-105	105	-209	6395	31975	6395	71182922
-8241	-6458	-13747	3728	551	349	-105	104	-210	6396	31980	6396	71182936
-7999	-6563	-13147	3501	513	335	-104	102	-212	6397	31985	6397	71182936
-7805	-6655	-12786	3359	480	328	-102	102	-212	6398	31990	6398	71182936
-7630	-6670	-12519	3225	443	385	-96	102	-214	6399	31995	6399	71182936
-7550	-6767	-12401	3115	378	418	-97	102	-213	6400	32000	6400	71182936
-7530	-6867	-12253	2946	289	436	-103	103	-209	6401	32005	6401	71182936
