-7526	-5044	-12804	-8003	-574	3420	79	-23	-135	5935	29675	5935	71180695
-7454	-4694	-13018	-8218	-615	3392	82	-24	-136	5936	29680	5936	71180695
-7423	-3999	-13047	-8592	-651	3427	81	-24	-135	5937	29685	5937	71180696
-7197	-3607	-12945	-8778	-691	3494	79	-23	-133	5938	29690	5938	71180696
-7270	-3270	-12940	-8808	-724	3543	79	-23	-132	5939	29695	5939	71180696
-7197	-3063	-12864	-8821	-749	3568	77	-21	-129	5940	29700	5940	71180700
-7336	-2779	-12886	-8785	-747	3586	76	-21	-131	5941	29705	5941	71180723
-7275	-2622	-12511	-8803	-764	3624	73	-21	-139	5942	29710	5942	71180753
-7132	-2622	-12478	-8764	-776	3644	73	-21	-139	5943	29715	5943	71180753
-7022	-2812	-12168	-8723	-783	3658	68	-20	-136	5944	29720	5944	71180753
-6815	-3014	-12198	-8487	-796	3578	69	-19	-137	5945	29725	5945	71180753
-6475	-3135	-12165	-8376	-793	3495	73	-17	-141	5946	29730	5946	71180754
-6092	-3588	-12440	-8089	-766	3403	72	-17	-140	5947	29735	5947	71180754
-5749	-3474	-12516	-7887	-740	3168	68	-18	-136	5948	29740	5948	71180754
-5400	-3095	-12614	-7533	-715	2974	68	-18	-136	5949	29745	5949	71180755
-5122	-2751	-12756	-7179	-667	2772	67	-19	-137	5950	29750	5950	71180755
-5016	-2268	-12926	-6812	-641	2477	67	-19	-138	5951	29755	5951	71180760
-4872	-1955	-13077	-6306	-577	2253	69	-19	-141	5952	29760	5952	71180783
-4979	-1571	-13149	-5660	-504	2099	67	-18	-139	5953	29765	5953	71180792
-4811	-1660	-12966	-5079	-473	1946	63	-17	-137	5954	29770	5954	71180792
-4860	-1323	-12779	-4646	-467	1748	64	-16	-137	5955	29775	5955	71180792
-4833	-1597	-12628	-4265	-454	1645	67	-15	-137	5956	29780	5956	71180792
-4728	-1665	-12648	-3789	-440	1402	67	-16	-138	5957	29785	5957	71180792
-4887	-1751	-12783	-3459	-412	1230	65	-19	-141	5958	29790	5958	71180792
-5201	-1724	-12888	-3310	-346	1134	65	-20	-140	5959	29795	5959	71180792
-4792	-2903	-12592	-3079	-317	947	64	-26	-138	5960	29800	5960	71180792
-3117	-5667	-10867	-2730	-557	-19	63	-25	-138	5961	29805	5961	71180792
-1539	-3612	-10242	-2137	-940	-1805	59	-23	-139	5962	29810	5962	71180792
-4446	862	-17184	-1190	-484	-545	60	-23	-139	5963	29815	5963	71180792
-8150	3866	-15378	-4030	240	1703	62	-22	-138	5964	29820	5964	71180797
-4007	1019	-8037	-4348	249	1152	60	-22	-139	5965	29825	5965	71180804
-1971	-7786	-14543	1666	301	250	58	-22	-140	5966	29830	5966	71180804
-3996	-8011	-12570	43	220	-1146	60	-20	-139	5967	29835	5967	71180804
-3841	-4433	-12166	-2265	174	-1348	63	-17	-137	5968	29840	5968	71180804
-3812	-71	-13732	-3479	592	-700	62	-17	-138	5969	29845	5969	71180818
-5364	1672	-12637	-3294	830	529	60	-18	-142	5970	29850	5970	71180855
-5666	-1550	-13122	-1080	1001	642	58	-17	-144	5971	29855	5971	71180855
-6472	-3402	-13570	1	1013	106	56	-16	-146	5972	29860	5972	71180855
-7277	-3354	-13392	-381	972	-58	58	-17	-144	5973	29865	5973	71180855
-7623	-3163	-13163	-849	976	211	60	-18	-142	5974	29870	5974	71180855
-7942	-3090	-12990	-963	913	407	60	-17	-140	5975	29875	5975	71180855
-8179	-3432	-12941	-621	791	465	60	-16	-136	5976	29880	5976	71180859
-8319	-3836	-13146	-217	647	393	61	-17	-139	5977	29885	5977	71180880
-8630	-3916	-13618	-82	490	295	62	-18	-144	5978	29890	5978	71180904
-8795	-3774	-14062	-299	344	373	60	-16	-149	5979	29895	5979	71180904
-8786	-3758	-14207	-764	226	562	58	-14	-152	5980	29900	5980	71180904
-8794	-3909	-14318	-1157	100	745	59	-17	-142	5981	29905	5981	71180905
-8883	-4166	-14651	-1455	-34	884	60	-20	-132	5982	29910	5982	71180905
-8947	-4463	-15022	-1809	-149	997	62	-22	-135	5983	29915	5983	71180905
-8928	-4716	-15157	-2169	-262	1111	66	-24	-140	5984	29920	5984	71180905
-8958	-4862	-15322	-2423	-410	1198	63	-24	-140	5985	29925	5985	71180919
-8939	-4835	-15743	-2611	-560	1284	59	-23	-141	5986	29930	5986	71180941
-8872	-4756	-16134	-2725	-686	1392	58	-23	-140	5987	29935	5987	71180942
-8756	-4739	-16426	-2791	-762	1514	57	-23	-139	5988	29940	5988	71180942
-8716	-4727	-16797	-2809	-806	1640	58	-25	-141	5989	29945	5989	71180942
-8688	-4713	-17120	-2898	-803	1783	59	-27	-143	5990	29950	5990	71180942
-8595	-4768	-17348	-3080	-783	1967	56	-22	-142	5991	29955	5991	71180942
-8615	-4911	-17645	-3353	-734	2173	54	-18	-142	5992	29960	5992	71180942
-8582	-5072	-17733	-3786	-662	2395	53	-21	-144	5993	29965	5993	71180942
-8489	-5184	-17675	-4289	-579	2622	53	-23	-145	5994	29970	5994	71180942
-8395	-5302	-17578	-4715	-504	2832	51	-18	-144	5995	29975	5995	71180942
-8378	-5347	-17378	-5042	-470	2986	50	-14	-144	5996	29980	5996	71180942
-8454	-5350	-17265	-5282	-464	3123	54	-20	-140	5997	29985	5997	71180974
-8562	-5157	-17268	-5411	-435	3221	56	-24	-138	5998	29990	5998	71180996
-8799	-4846	-17069	-5448	-402	3306	54	-22	-139	5999	29995	5999	71180996
-9056	-4724	-16818	-5489	-361	3443	52	-20	-140	6000	30000	6000	71180996
-9432	-4819	-16595	-5620	-300	3648	51	-17	-145	6001	30005	6001	71180996
-9838	-5000	-16234	-5924	-245	3881	51	-15	-149	6002	30010	6002	71180996
-10258	-5152	-15882	-6377	-214	4130	50	-14	-146	6003	30015	6003	71180997
-10680	-5309	-15548	-6858	-192	4390	49	-13	-145	6004	30020	6004	71180997
-10927	-5460	-15147	-7286	-217	4632	50	-19	-143	6005	30025	6005	71180997
-11229	-5583	-14995	-7591	-241	4797	50	-20	-142	6006	30030	6006	71180997
-11547	-5800	-14888	-7800	-242	4953	50	-18	-143	6007	30035	6007	71181013
-11872	-6044	-14698	-8110	-257	5136	50	-16	-144	6008	30040	6008	71181030
-11921	-6399	-14609	-8652	-261	5375	45	-15	-142	6009	30045	6009	71181034
-11750	-6826	-14773	-9354	-279	5596	41	-15	-141	6010	30050	6010	71181034
-11767	-7252	-15089	-10401	-299	5790	46	-17	-139	6011	30055	6011	71181035
-11854	-7597	-15424	-11446	-268	5894	48	-18	-138	6012	30060	6012	71181040
-11823	-7737	-15680	-12463	-218	5953	42	-20	-143	6013	30065	6013	71181041
-11663	-7756	-16061	-13447	-184	5985	40	-20	-144	6014	30070	6014	71181042
-11480	-7617	-16141	-14484	-168	5995	38	-18	-144	6015	30075	6015	71181060
-11076	-7676	-16622	-15352	-133	5956	38	-18	-144	6016	30080	6016	71181074
-10672	-7654	-16985	-16119	-105	5840	36	-16	-144	6017	30085	6017	71181076
-10213	-7268	-17441	-16870	-88	5599	36	-16	-144	6018	30090	6018	71181076
-9887	-6806	-17627	-17406	-47	5321	33	-14	-146	6019	30095	6019	71181076
-9594	-6000	-17747	-17986	-9	4970	31	-13	-147	6020	30100	6020	71181076
-9246	-5717	-18033	-18436	107	4681	27	-14	-149	6021	30105	6021	71181076
-8940	-5762	-18407	-18903	284	4449	26	-14	-150	6022	30110	6022	71181077
-8472	-5701	-18511	-19406	444	4180	24	-14	-148	6023	30115	6023	71181077
-8021	-5573	-18528	-19913	581	3920	24	-14	-148	6024	30120	6024	71181077
-7468	-5068	-18704	-20399	716	3701	24	-14	-148	6025	30125	6025	71181083
-6941	-4706	-18652	-20865	853	3518	24	-14	-148	6026	30130	6026	71181115
-6172	-4569	-18625	-21380	1031	3322	15	-16	-146	6027	30135	6027	71181122
-5564	-3926	-18746	-22034	1374	3116	13	-17	-145	6028	30140	6028	71181122
-5106	-3686	-18716	-22458	1781	2962	6	-16	-154	6029	30145	6029	71181122
-4640	-3742	-18688	-22776	2245	2832	6	-16	-154	6030	30150	6030	71181123
-4696	-2342	-18504	-22918	2698	2566	3	-19	-151	6031	30155	6031	71181123
-4401	-1602	-18256	-22371	3099	2683	3	-19	-151	6032	30160	6032	71181123
-4033	-1436	-18240	-20996	3642	2978	1	-17	-150	6033	30165	6033	71181123
-4015	-1890	-18189	-19198	4150	2882	0	-16	-150	6034	30170	6034	71181153
-3953	-2586	-17734	-17466	4588	2634	-5	-14	-144	6035	30175	6035	71181160
-3762	-3414	-17486	-15511	5093	2168	-6	-14	-142	6036	30180	6036	71181160
-3876	-3892	-17264	-14099	5531	1756	-10	-16	-144	6037	30185	6037	71181160
-3796	-3666	-16602	-12690	5934	1387	-10	-16	-144	6038	30190	6038	71181160
-3398	-3650	-15850	-11034	6304	1144	-12	-16	-146	6039	30195	6039	71181160
-2974	-4464	-15470	-9019	6741	937	-12	-16	-146	6040	30200	6040	71181160
-2850	-6376	-15480	-7190	7170	546	-12	-20	-142	6041	30205	6041	71181160
-2202	-8064	-15732	-6006	7572	-216	-12	-20	-142	6042	30210	6042	71181160
-1674	-10180	-16506	-5528	7967	-1482	-12	-22	-142	6043	30215	6043	71181170
-1219	-9700	-16974	-6008	8233	-2892	-12	-22	-142	6044	30220	6044	71181195
-888	-7578	-17282	-6887	8639	-4571	-12	-24	-146	6045	30225	6045	71181200
-912	-6146	-17276	-6861	9023	-5541	-12	-24	-146	6046	30230	6046	71181200
-746	-5442	-17146	-6341	9367	-6350	-12	-24	-142	6047	30235	6047	71181200
-506	-4668	-16924	-5913	9669	-7139	-12	-24	-142	6048	30240	6048	71181200
-408	-4190	-16622	-5733	10028	-7891	-18	-28	-138	6049	30245	6049	71181200
-380	-3842	-16418	-5530	10406	-8594	-18	-28	-138	6050	30250	6050	71181200
-494	-3568	-16262	-5507	10747	-9211	-16	-32	-136	6051	30255	6051	71181241
-320	-3102	-16042	-5683	11088	-9762	-16	-32	-136	6052	30260	6052	71181243
-453	-2569	-15639	-5994	11471	-10319	-17	-29	-137	6053	30265	6053	71181244
-586	-1951	-15372	-6217	11804	-10710	-17	-30	-137	6054	30270	6054	71181244
-934	-1258	-15081	-6376	12131	-11024	-17	-35	-137	6055	30275	6055	71181244
-1192	-556	-14526	-6677	12425	-11189	-18	-36	-137	6056	30280	6056	71181245
-1390	-134	-13896	-6944	12657	-11231	-21	-39	-137	6057	30285	6057	71181245
-1410	-36	-13312	-7207	12882	-11242	-21	-39	-137	6058	30290	6058	71181245
-1544	54	-13022	-7623	13081	-11282	-21	-39	-133	6059	30295	6059	71181265
-1790	156	-12216	-8355	13268	-11254	-21	-39	-133	6060	30300	6060	71181276
-1954	220	-11112	-9059	13403	-11194	-20	-42	-130	6061	30305	6061	71181276
-2142	32	-9744	-9944	13427	-11084	-21	-43	-129	6062	30310	6062	71181276
-2318	-191	-8455	-10926	13362	-10990	-27	-47	-127	6063	30315	6063	71181276
-2378	-388	-7570	-11929	13241	-10953	-27	-47	-126	6064	30320	6064	71181276
-2400	-255	-7002	-13050	13097	-10944	-28	-46	-124	6065	30325	6065	71181276
-2580	601	-6586	-14233	12923	-10965	-28	-46	-124	6066	30330	6066	71181282
-2905	1994	-6066	-15271	12763	-10862	-28	-48	-122	6067	30335	6067	71181306
-3185	3111	-5543	-15796	12590	-10586	-30	-48	-122	6068	30340	6068	71181313
-3330	3644	-5038	-15871	12394	-10282	-40	-48	-124	6069	30345	6069	71181314
-3482	4078	-4269	-15833	12023	-9961	-39	-50	-122	6070	30350	6070	71181314
-3501	4497	-3780	-15817	11631	-9790	-36	-56	-116	6071	30355	6071	71181314
-3643	5006	-3573	-15810	11190	-9704	-36	-55	-115	6072	30360	6072	71181315
-3990	5610	-3448	-15757	10796	-9637	-35	-51	-113	6073	30365	6073	71181317
-4331	6324	-3400	-15505	10391	-9534	-36	-52	-114	6074	30370	6074	71181329
-4466	6706	-3369	-14997	9937	-9357	-38	-58	-116	6075	30375	6075	71181350
-4515	6809	-3505	-14330	9442	-9216	-40	-59	-116	6076	30380	6076	71181350
-4575	6802	-3580	-13678	8851	-9119	-50	-64	-116	6077	30385	6077	71181350
-4753	7243	-3813	-13133	8185	-9024	-50	-63	-114	6078	30390	6078	71181351
-4917	7314	-4078	-12788	7622	-8791	-49	-61	-111	6079	30395	6079	71181351
-5146	6879	-4006	-12696	7021	-8585	-49	-61	-109	6080	30400	6080	71181351
-5215	6901	-3795	-12904	6421	-8476	-49	-61	-107	6081	30405	6081	71181364
-5126	6748	-3662	-13120	5883	-8294	-51	-62	-106	6082	30410	6082	71181390
-5032	6242	-3806	-13311	5314	-8108	-57	-67	-103	6083	30415	6083	71181390
-5206	5570	-4321	-13757	4820	-7940	-57	-67	-103	6084	30420	6084	71181390
-5283	5022	-4250	-14661	4412	-7711	-56	-68	-102	6085	30425	6085	71181390
-4997	4770	-3887	-15716	3984	-7527	-57	-66	-102	6086	30430	6086	71181390
-4922	4767	-3869	-16434	3498	-7463	-60	-60	-102	6087	30435	6087	71181391
-4908	5036	-3832	-16709	3080	-7502	-62	-63	-104	6088	30440	6088	71181395
-4978	5484	-3892	-16696	2676	-7600	-66	-68	-106	6089	30445	6089	71181411
-4988	5824	-4143	-16422	2349	-7700	-65	-66	-103	6090	30450	6090	71181427
-5052	6176	-4433	-16022	2076	-7806	-63	-63	-99	6091	30455	6091	71181427
-5090	6561	-4821	-15522	1836	-7918	-64	-64	-97	6092	30460	6092	71181428
-5067	6629	-5321	-14873	1635	-7985	-65	-65	-93	6093	30465	6093	71181428
-5101	6508	-5950	-14162	1480	-8050	-68	-67	-94	6094	30470	6094	71181428
-5126	6488	-6526	-13476	1349	-8158	-73	-69	-95	6095	30475	6095	71181428
-5076	6691	-6822	-12655	1203	-8346	-73	-67	-95	6096	30480	6096	71181433
-5062	7040	-7103	-11500	1017	-8632	-73	-63	-95	6097	30485	6097	71181451
-5227	7831	-7959	-10204	797	-9014	-74	-63	-95	6098	30490	6098	71181466
-5795	9968	-9502	-9384	512	-9518	-76	-64	-96	6099	30495	6099	71181467
-6555	14213	-10502	-9791	70	-10237	-74	-64	-95	6100	30500	6100	71181467
-7010	19806	-9635	-11136	-543	-10920	-71	-63	-93	6101	30505	6101	71181467
-7510	24179	-7235	-11877	-1235	-10862	-74	-63	-93	6102	30510	6102	71181467
-8599	23513	-5727	-10772	-1852	-9659	-78	-64	-92	6103	30515	6103	71181467
-9369	16897	-6619	-9304	-2031	-7861	-76	-62	-92	6104	30520	6104	71181486
-8523	11725	-6838	-10463	-2072	-6810	-74	-60	-92	6105	30525	6105	71181503
-6995	11021	-5411	-13553	-2338	-6746	-79	-62	-91	6106	30530	6106	71181506
-5839	13025	-3509	-16889	-2880	-7284	-84	-64	-90	6107	30535	6107	71181506
-5959	15924	-2272	-19292	-3683	-8004	-86	-62	-90	6108	30540	6108	71181506
-7188	17749	-1664	-20585	-4456	-8203	-88	-60	-90	6109	30545	6109	71181506
-8159	18297	-829	-21839	-5093	-7718	-88	-60	-87	6110	30550	6110	71181506
-8574	17609	408	-23440	-5735	-6821	-89	-59	-83	6111	30555	6111	71181507
-8372	15793	1026	-24651	-6287	-5989	-91	-63	-86	6112	30560	6112	71181529
-8285	14532	768	-25146	-6741	-5559	-92	-66	-88	6113	30565	6113	71181551
-8516	14779	54	-25302	-7162	-5539	-96	-61	-87	6114	30570	6114	71181555
-9101	16829	-1095	-25192	-7688	-5718	-99	-57	-87	6115	30575	6115	71181556
-9876	19683	-2636	-24334	-8320	-5806	-100	-55	-86	6116	30580	6116	71181556
-10619	21949	-3903	-22423	-8938	-5612	-101	-53	-85	6117	30585	6117	71181556
-10766	22012	-4473	-19795	-9443	-5115	-101	-55	-81	6118	30590	6118	71181557
-10445	20241	-6122	-16653	-9695	-4662	-101	-57	-79	6119	30595	6119	71181557
-10660	21053	-7520	-14492	-9937	-4524	-102	-52	-79	6120	30600	6120	71181567
-11223	25505	-6625	-14074	-10304	-4654	-103	-49	-79	6121	30605	6121	71181584
-11024	28556	-5827	-12679	-10458	-4535	-105	-50	-77	6122	30610	6122	71181591
-10395	28072	-6079	-9408	-10401	-4026	-106	-50	-76	6123	30615	6123	71181591
-9698	26002	-6779	-6258	-10305	-3465	-104	-49	-74	6124	30620	6124	71181591
-8691	24114	-7388	-4523	-10123	-2982	-102	-48	-72	6125	30625	6125	71181591
-7778	23016	-8069	-3947	-9848	-2617	-103	-48	-73	6126	30630	6126	71181591
-7320	22270	-9440	-3605	-9497	-2276	-104	-48	-74	6127	30635	6127	71181592
-7003	20870	-11926	-3019	-8915	-1856	-105	-46	-73	6128	30640	6128	71181627
-6892	19696	-14300	-2890	-8246	-1424	-105	-45	-73	6129	30645	6129	71181638
-6882	19467	-15749	-3374	-7472	-1014	-104	-44	-72	6130	30650	6130	71181639
-6503	19283	-16423	-3857	-6648	-614	-104	-44	-72	6131	30655	6131	71181639
-5822	18462	-16698	-4287	-5678	-144	-105	-42	-72	6132	30660	6132	71181639
-5142	16946	-16728	-4519	-4519	293	-106	-40	-72	6133	30665	6133	71181639
-3788	13115	-16250	-4060	-3148	610	-105	-44	-70	6134	30670	6134	71181640
-2441	8404	-16494	-2985	-1736	525	-104	-46	-68	6135	30675	6135	71181640
-2702	6922	-15776	-3511	-358	-233	-104	-45	-67	6136	30680	6136	71181640
-2706	6618	-14412	-3971	985	-1085	-104	-44	-66	6137	30685	6137	71181669
-1858	3317	-15920	-2435	2278	-1679	-102	-42	-67	6138	30690	6138	71181676
-3518	4316	-16896	-2334	3310	-2541	-101	-41	-67	6139	30695	6139	71181676
-4721	6881	-12393	-2887	4314	-3749	-104	-47	-64	6140	30700	6140	71181676
-2994	3709	-10004	14	5407	-4496	-105	-49	-63	6141	30705	6141	71181676
-2694	-310	-9306	3293	6192	-5136	-114	-48	-62	6142	30710	6142	71181676
-2968	-2398	-6898	5414	6995	-6281	-116	-48	-62	6143	30715	6143	71181676
-2978	-2897	-6161	7069	7567	-7797	-107	-47	-65	6144	30720	6144	71181681
-4676	-2541	-7548	9336	8226	-9938	-102	-46	-66	6145	30725	6145	71181710
-6956	657	-6828	10965	8804	-11649	-102	-48	-68	6146	30730	6146	71181719
-8502	3495	-5550	12726	8991	-12614	-102	-48	-68	6147	30735	6147	71181719
-9228	4358	-5992	14892	9029	-13198	-104	-48	-65	6148	30740	6148	71181720
-9346	4921	-6807	15850	8997	-13721	-104	-48	-64	6149	30745	6149	71181720
-8911	6768	-6946	15301	8862	-14278	-102	-42	-65	6150	30750	6150	71181720
-8296	9056	-7047	14334	8651	-14693	-101	-41	-65	6151	30755	6151	71181720
-8244	10707	-6623	13830	8391	-14957	-99	-43	-67	6152	30760	6152	71181721
-8284	10988	-5278	14113	8016	-15127	-99	-43	-67	6153	30765	6153	71181721
-8160	9518	-3332	14845	7536	-15256	-100	-40	-70	6154	30770	6154	71181755
-8078	7192	-1594	15117	6880	-15542	-100	-40	-70	6155	30775	6155	71181755
-8425	6344	-46	14517	6197	-15960	-101	-43	-69	6156	30780	6156	71181755
-8910	6275	1669	13326	5366	-16483	-101	-43	-69	6157	30785	6157	71181755
-9460	6898	3230	12133	4481	-16887	-99	-37	-68	6158	30790	6158	71181755
-10041	7373	4470	11332	3605	-17072	-98	-36	-68	6159	30795	6159	71181755
-10409	7683	5496	11083	2712	-17198	-106	-36	-70	6160	30800	6160	71181755
-10554	7036	6340	11330	1588	-17217	-108	-36	-70	6161	30805	6161	71181755
-10570	6916	7670	11646	556	-17384	-97	-35	-73	6162	30810	6162	71181764
-11552	6702	8584	12447	-671	-17514	-97	-35	-73	6163	30815	6163	71181798
-12300	6528	9826	13496	-2064	-17609	-97	-31	-73	6164	30820	6164	71181800
-13110	6612	10854	14877	-3594	-17664	-97	-31	-73	6165	30825	6165	71181800
-14110	6928	11410	16529	-5218	-17632	-105	-25	-77	6166	30830	6166	71181800
-14796	7352	11594	18401	-6904	-17619	-105	-25	-77	6167	30835	6167	71181800
-15450	7640	11352	20570	-8621	-17561	-97	-23	-75	6168	30840	6168	71181801
-15913	7947	10930	22503	-10052	-17535	-97	-23	-75	6169	30845	6169	71181801
-16480	8206	9788	25411	-12002	-17483	-96	-22	-78	6170	30850	6170	71181836
-16482	8132	8560	27953	-13618	-17361	-96	-22	-78	6171	30855	6171	71181836
-16192	8098	7536	30253	-15208	-17291	-93	-15	-91	6172	30860	6172	71181836
-16138	7378	6398	32487	-16700	-17181	-93	-15	-91	6173	30865	6173	71181836
-16192	6228	4676	32767	-18187	-17013	-95	-19	-87	6174	30870	6174	71181837
-16480	5646	2958	32767	-19570	-16868	-95	-19	-87	6175	30875	6175	71181837
-16408	4890	1230	32767	-20815	-16685	-90	-14	-90	6176	30880	6176	71181837
-16386	4456	-572	32767	-21971	-16426	-90	-14	-90	6177	30885	6177	71181837
-16762	3801	-2658	32767	-23191	-16012	-83	-1	-101	6178	30890	6178	71181841
-17018	2830	-4147	32413	-24117	-15553	-82	-2	-101	6179	30895	6179	71181859
-17248	2195	-5774	30501	-24969	-15092	-77	-7	-103	6180	30900	6180	71181875
-17561	1956	-7184	28033	-25655	-14652	-77	-5	-104	6181	30905	6181	71181875
-17606	2148	-8142	25617	-26118	-14270	-79	5	-111	6182	30910	6182	71181875
-17570	2368	-8924	22569	-26491	-13797	-79	5	-111	6183	30915	6183	71181875
-17472	2454	-9472	19742	-26718	-13312	-75	11	-117	6184	30920	6184	71181875
-17018	2366	-9892	17146	-26878	-12941	-75	11	-117	6185	30925	6185	71181875
-16662	1976	-10284	14876	-26993	-12493	-65	19	-117	6186	30930	6186	71181885
-16168	1683	-10413	12404	-27036	-12213	-67	19	-117	6187	30935	6187	71181922
-15979	1432	-10374	10482	-27048	-12084	-73	19	-119	6188	30940	6188	71181922
-16163	1463	-10515	8761	-26877	-12024	-72	22	-120	6189	30945	6189	71181922
-16242	1440	-10978	7150	-26682	-11904	-66	32	-126	6190	30950	6190	71181922
-16238	2554	-10314	5528	-26381	-11957	-66	32	-127	6191	30955	6191	71181922
-16437	2628	-9883	4875	-26088	-11990	-66	32	-130	6192	30960	6192	71181923
-17091	2371	-9733	4728	-25883	-12008	-66	33	-130	6193	30965	6193	71181924
-17521	2358	-9510	4571	-25666	-12022	-67	37	-129	6194	30970	6194	71181942
-18055	2548	-9582	4451	-25405	-12008	-67	38	-130	6195	30975	6195	71181992
-18589	3129	-9807	4440	-25120	-12058	-66	44	-134	6196	30980	6196	71181993
-18931	3878	-9968	4705	-24801	-12101	-67	46	-134	6197	30985	6197	71181993
-19152	4028	-10148	5334	-24457	-12051	-70	52	-132	6198	30990	6198	71181993
-19239	3577	-10460	6095	-24105	-11963	-70	52	-132	6199	30995	6199	71181993
-19330	2856	-10732	6595	-23738	-11847	-69	53	-133	6200	31000	6200	71181994
-19506	2217	-10692	6655	-23390	-11782	-69	54	-134	6201	31005	6201	71182002
-19778	1891	-10789	6459	-23059	-11787	-69	57	-139	6202	31010	6202	71182032
-20075	1926	-10924	6050	-22699	-11827	-67	62	-138	6203	31015	6203	71182032
-20368	2440	-11323	5586	-22336	-11915	-65	69	-137	6204	31020	6204	71182032
-20648	3214	-11712	5092	-21878	-12009	-65	71	-140	6205	31025	6205	71182033
-20903	3793	-11783	4718	-21386	-12062	-65	75	-145	6206	31030	6206	71182033
-21052	3979	-11636	4519	-20908	-12066	-66	76	-146	6207	31035	6207	71182033
-21238	3807	-11294	4442	-20387	-12030	-68	78	-150	6208	31040	6208	71182033
-21479	3740	-10699	4318	-19925	-12010	-67	80	-148	6209	31045	6209	71182034
-21562	2409	-9995	4164	-19455	-11929	-62	88	-142	6210	31050	6210	71182034
-21983	2113	-9581	3409	-18994	-11880	-63	90	-145	6211	31055	6211	71182034
-22632	2972	-8707	2392	-18545	-11779	-64	96	-152	6212	31060	6212	71182034
-22790	3269	-8142	1818	-18220	-11539	-63	97	-151	6213	31065	6213	71182035
-23178	4093	-7652	1270	-17905	-11310	-62	98	-150	6214	31070	6214	71182040
-23582	4667	-7046	948	-17612	-10976	-61	100	-151	6215	31075	6215	71182056
-23496	4484	-6457	937	-17334	-10558	-60	104	-152	6216	31080	6216	71182069
-23662	4026	-6124	916	-17087	-10165	-62	109	-153	6217	31085	6217	71182069
-24118	4139	-5636	654	-16865	-9824	-65	117	-155	6218	31090	6218	71182069
-24226	4096	-4928	488	-16662	-9439	-67	120	-157	6219	31095	6219	71182069
-23874	3821	-4398	467	-16489	-8998	-71	125	-159	6220	31100	6220	71182069
-23628	4240	-4171	399	-16322	-8565	-65	126	-160	6221	31105	6221	71182069
-23681	4630	-4064	451	-16165	-8172	-57	127	-161	6222	31110	6222	71182069
-23370	4934	-4009	591	-15944	-7769	-59	133	-160	6223	31115	6223	71182069
-23018	5285	-3941	833	-15701	-7411	-63	143	-159	6224	31120	6224	71182073
-22960	5206	-3964	1259	-15570	-7042	-65	145	-157	6225	31125	6225	71182095
-22598	4810	-3958	1654	-15499	-6601	-69	147	-153	6226	31130	6226	71182117
-21966	4508	-3788	1856	-15306	-6211	-67	148	-152	6227	31135	6227	71182118
-21552	4275	-3762	1877	-15037	-5879	-63	149	-151	6228	31140	6228	71182118
-21342	4386	-4032	1664	-14789	-5586	-63	153	-149	6229	31145	6229	71182119
-21183	4810	-4057	1364	-14523	-5285	-63	155	-147	6230	31150	6230	71182119
-21100	5081	-4160	1186	-14238	-4909	-62	162	-148	6231	31155	6231	71182120
-21050	5098	-4363	1109	-13991	-4553	-62	166	-148	6232	31160	6232	71182124
-20952	4973	-4563	1027	-13750	-4193	-64	170	-149	6233	31165	6233	71182135
-20766	4713	-4784	912	-13468	-3781	-67	175	-151	6234	31170	6234	71182147
-20545	4329	-4842	762	-13162	-3376	-69	174	-149	6235	31175	6235	71182147
-20281	3959	-4807	497	-12815	-2933	-71	173	-147	6236	31180	6236	71182148
-20164	4036	-4903	83	-12461	-2511	-67	180	-150	6237	31185	6237	71182148
-20097	4267	-4829	-302	-12101	-2083	-64	184	-152	6238	31190	6238	71182148
-19818	4356	-4491	-497	-11747	-1593	-64	191	-148	6239	31195	6239	71182148
-19223	4767	-882	-519	-11480	-1119	-64	196	-146	6240	31200	6240	71182158
-19840	-175	3688	810	-11697	-1072	-67	200	-144	6241	31205	6241	71182175
-22849	-8858	-3310	3507	-11824	-1308	-69	203	-143	6242	31210	6242	71182183
-24336	-10910	-13410	1028	-11286	-1942	-70	205	-140	6243	31215	6243	71182183
-23182	-4418	-17660	-6126	-10175	-2654	-70	206	-138	6244	31220	6244	71182183
-22672	2646	-17372	-10718	-8832	-2698	-70	208	-137	6245	31225	6245	71182183
-23294	4708	-14707	-9955	-7769	-1755	-70	210	-136	6246	31230	6246	71182184
-23633	1310	-12700	-5951	-6895	-569	-68	209	-134	6247	31235	6247	71182197
-23513	-4605	-13037	-2477	-5962	-86	-67	209	-133	6248	31240	6248	71182222
-23306	-8124	-14186	-2211	-5017	-453	-72	210	-129	6249	31245	6249	71182234
-22981	-7233	-14828	-4503	-4017	-1041	-75	211	-127	6250	31250	6250	71182234
-22589	-4147	-14235	-6757	-2938	-1228	-70	216	-129	6251	31255	6251	71182234
-22318	-2712	-12820	-7035	-1935	-933	-67	219	-131	6252	31260	6252	71182234
-22605	-4766	-11761	-4840	-906	-342	-74	220	-132	6253	31265	6253	71182235
-22300	-7182	-9285	-2859	-157	-165	-76	220	-132	6254	31270	6254	71182235
-21311	-5716	-4978	-3183	140	-545	-74	217	-132	6255	31275	6255	71182256
-20703	-2976	-913	-4262	246	-783	-74	216	-132	6256	31280	6256	71182269
-20554	-1326	1417	-4484	365	-585	-73	221	-131	6257	31285	6257	71182271
-19904	-551	3145	-4050	447	-60	-73	223	-131	6258	31290	6258	71182271
-18552	-643	4297	-3398	436	531	-73	221	-130	6259	31295	6259	71182271
-17242	-1191	4580	-3024	372	906	-73	219	-129	6260	31300	6260	71182271
-16258	-1667	4389	-3076	323	1078	-77	214	-130	6261	31305	6261	71182272
-15807	-1380	3751	-3409	294	1082	-78	212	-130	6262	31310	6262	71182272
-15484	-648	2898	-3705	270	1126	-82	211	-128	6263	31315	6263	71182272
-15322	-130	1644	-3868	259	1239	-83	211	-127	6264	31320	6264	71182272
-14600	-544	1409	-3937	310	1459	-85	217	-129	6265	31325	6265	71182279
-14272	-1113	805	-3934	164	1604	-86	218	-130	6266	31330	6266	71182304
-14288	-1736	332	-4289	89	1635	-83	216	-130	6267	31335	6267	71182310
-14305	-2011	-146	-5034	-6	1643	-82	216	-130	6268	31340	6268	71182310
-14394	-1947	-462	-6048	-82	1658	-84	213	-130	6269	31345	6269	71182310
-14443	-2114	-215	-7075	-94	1793	-84	212	-130	6270	31350	6270	71182310
-14224	-2466	519	-7864	-153	1979	-87	212	-132	6271	31355	6271	71182310
-14472	-2924	809	-8254	-231	2092	-88	212	-132	6272	31360	6272	71182311
-14794	-3908	773	-8509	-265	2173	-86	220	-127	6273	31365	6273	71182333
-15019	-4682	914	-9019	-279	2138	-86	222	-126	6274	31370	6274	71182345
-15521	-4769	1114	-9605	-319	1995	-89	220	-123	6275	31375	6275	71182348
-16162	-4964	1048	-9879	-322	1886	-90	220	-122	6276	31380	6276	71182348
-16523	-5438	1238	-9848	-269	1849	-91	219	-124	6277	31385	6277	71182348
-16538	-6110	1552	-9347	-275	1724	-91	219	-125	6278	31390	6278	71182348
-16518	-6430	1486	-8794	-426	1442	-101	221	-123	6279	31395	6279	71182348
-16604	-6188	1182	-8250	-584	1068	-101	221	-123	6280	31400	6280	71182348
-16620	-5010	1228	-7756	-667	657	-98	220	-126	6281	31405	6281	71182375
-16332	-3728	1580	-7249	-777	389	-98	220	-126	6282	31410	6282	71182383
-16016	-2496	1669	-6283	-923	184	-100	221	-124	6283	31415	6283	71182385
-15810	-1591	1396	-5003	-1003	40	-101	221	-123	6284	31420	6284	71182385
-15609	-1191	1182	-3792	-1021	-36	-104	223	-120	6285	31425	6285	71182385
-15394	-1390	934	-2532	-1025	-117	-105	223	-119	6286	31430	6286	71182385
-15400	-1522	556	-1881	-987	-198	-100	224	-116	6287	31435	6287	71182386
-15662	-1732	224	-1670	-951	-238	-100	224	-116	6288	31440	6288	71182394
-15912	-1636	18	-1760	-901	-268	-102	224	-120	6289	31445	6289	71182421
-16134	-1664	-94	-1954	-855	-291	-102	224	-120	6290	31450	6290	71182421
-16410	-1576	-244	-2258	-818	-347	-107	219	-119	6291	31455	6291	71182421
-16642	-1346	-194	-2796	-762	-365	-107	219	-119	6292	31460	6292	71182421
-17010	-996	-214	-3320	-703	-418	-105	223	-119	6293	31465	6293	71182421
-17374	-494	-290	-3720	-601	-457	-105	223	-119	6294	31470	6294	71182421
-17746	-4	-386	-4049	-510	-457	-108	224	-118	6295	31475	6295	71182421
-18262	432	-1180	-4183	-387	-440	-108	224	-118	6296	31480	6296	71182439
-18870	1116	-1462	-4452	-213	-366	-100	226	-116	6297	31485	6297	71182458
-19140	1856	-1036	-4783	-141	-217	-100	226	-116	6298	31490	6298	71182458
-19408	2292	-990	-4772	-65	-24	-110	230	-116	6299	31495	6299	71182459
-19540	2738	-1084	-4785	24	206	-110	230	-116	6300	31500	6300	71182459
-19678	3170	-1260	-4936	125	402	-109	233	-117	6301	31505	6301	71182459
-20098	3940	-1140	-5252	272	587	-109	233	-117	6302	31510	6302	71182459
-19677	4282	-557	-5433	405	863	-113	223	-117	6303	31515	6303	71182474
-19091	3758	-246	-5264	550	1091	-112	225	-117	6304	31520	6304	71182496
-18308	2767	-84	-5052	594	1229	-109	231	-117	6305	31525	6305	71182496
-17801	1966	184	-5161	597	1211	-110	231	-117	6306	31530	6306	71182496
-17534	1268	336	-5373	641	1109	-112	232	-114	6307	31535	6307	71182496
-16978	650	238	-5675	675	948	-112	232	-114	6308	31540	6308	71182496
-16658	448	72	-6056	704	664	-112	228	-108	6309	31545	6309	71182496
-16528	120	-136	-6280	730	353	-112	228	-108	6310	31550	6310	71182505
-16476	-248	-150	-6312	770	50	-114	234	-114	6311	31555	6311	71182535
-16444	-402	31	-6308	810	-336	-115	234	-115	6312	31560	6312	71182535
-16518	-364	246	-6294	809	-718	-119	233	-119	6313	31565	6313	71182535
-16658	-196	302	-6215	755	-1111	-118	232	-117	6314	31570	6314	71182536
-16945	142	154	-6045	719	-1508	-113	229	-109	6315	31575	6315	71182536
-17130	376	-72	-5829	714	-1873	-114	230	-110	6316	31580	6316	71182536
-17148	394	-124	-5547	742	-2172	-118	232	-114	6317	31585	6317	71182539
-17186	430	-180	-5257	748	-2452	-119	231	-113	6318	31590	6318	71182552
-17315	553	-206	-5118	765	-2718	-122	228	-110	6319	31595	6319	71182578
-17200	669	-141	-5025	768	-2956	-122	228	-109	6320	31600	6320	71182578
-17057	602	-83	-4814	715	-3199	-123	229	-107	6321	31605	6321	71182578
-17350	564	-399	-4612	720	-3434	-123	229	-107	6322	31610	6322	71182579
-17220	349	-94	-4499	890	-3550	-122	230	-108	6323	31615	6323	71182579
-17040	112	-16	-4212	953	-3709	-119	230	-109	6324	31620	6324	71182579
-17015	-10	-17	-3863	1019	-3899	-109	229	-111	6325	31625	6325	71182581
-16908	-77	35	-3544	1101	-4083	-111	230	-111	6326	31630	6326	71182589
-16768	-105	60	-3268	1144	-4238	-118	232	-112	6327	31635	6327	71182611
-16812	-288	-190	-2916	1172	-4376	-119	230	-111	6328	31640	6328	71182611
-16824	-484	-220	-2640	1224	-4472	-121	227	-109	6329	31645	6329	71182611
-16838	-576	-200	-2360	1280	-4545	-118	226	-110	6330	31650	6330	71182611
-16828	-761	-212	-1996	1328	-4632	-113	225	-111	6331	31655	6331	71182611
-16751	-966	-245	-1551	1332	-4729	-114	227	-112	6332	31660	6332	71182611
-16647	-1125	-299	-1094	1301	-4820	-117	231	-113	6333	31665	6333	71182613
-16646	-1291	-491	-528	1279	-4923	-116	231	-112	6334	31670	6334	71182627
-16562	-1418	-542	66	1282	-5015	-113	231	-107	6335	31675	6335	71182649
-16549	-1552	-561	721	1238	-5110	-114	232	-109	6336	31680	6336	71182650
-16486	-1691	-658	1365	1150	-5222	-115	235	-113	6337	31685	6337	71182650
-16500	-1612	-722	1905	1052	-5307	-115	234	-111	6338	31690	6338	71182650
-16539	-1652	-794	2395	989	-5370	-116	232	-108	6339	31695	6339	71182650
-16565	-1922	-878	2794	948	-5395	-112	232	-110	6340	31700	6340	71182651
-16574	-2194	-771	3069	899	-5368	-105	233	-113	6341	31705	6341	71182665
-16570	-2374	-610	3252	839	-5316	-107	233	-113	6342	31710	6342	71182687
-16467	-2563	-570	3393	782	-5253	-110	234	-112	6343	31715	6343	71182687
-16355	-2816	-605	3489	687	-5174	-110	230	-114	6344	31720	6344	71182687
-16321	-2951	-613	3533	580	-5100	-109	225	-115	6345	31725	6345	71182687
-16312	-2973	-601	3561	500	-5029	-108	229	-113	6346	31730	6346	71182687
-16337	-2954	-594	3620	429	-4946	-106	236	-110	6347	31735	6347	71182687
-16345	-3000	-664	3677	378	-4851	-105	236	-114	6348	31740	6348	71182691
-16317	-3133	-754	3695	360	-4746	-103	237	-119	6349	31745	6349	71182709
-16239	-3314	-778	3674	338	-4635	-103	234	-118	6350	31750	6350	71182728
-16157	-3506	-876	3645	323	-4519	-103	229	-117	6351	31755	6351	71182728
-16143	-3812	-1030	3572	347	-4403	-101	229	-115	6352	31760	6352	71182728
-16091	-4095	-1041	3309	412	-4301	-99	229	-111	6353	31765	6353	71182728
-16116	-4305	-1085	2934	495	-4196	-97	233	-112	6354	31770	6354	71182728
-16102	-4457	-1066	2607	595	-4081	-95	235	-113	6355	31775	6355	71182728
-16047	-4591	-988	2302	650	-3960	-94	230	-118	6356	31780	6356	71182757
-16019	-4593	-934	2125	651	-3854	-93	227	-121	6357	31785	6357	71182776
-16008	-4526	-887	2072	632	-3747	-95	229	-121	6358	31790	6358	71182776
-15987	-4531	-898	2137	599	-3626	-99	233	-121	6359	31795	6359	71182777
-15946	-4572	-962	2319	563	-3506	-99	232	-120	6360	31800	6360	71182778
-15896	-4567	-933	2748	564	-3404	-100	230	-118	6361	31805	6361	71182780
-15802	-4532	-825	3463	631	-3363	-98	231	-120	6362	31810	6362	71182781
-15651	-4415	-576	4127	671	-3325	-96	232	-122	6363	31815	6363	71182786
-15574	-4167	-384	4564	633	-3255	-92	233	-120	6364	31820	6364	71182793
-15624	-3995	-302	4776	530	-3124	-89	233	-119	6365	31825	6365	71182801
-15702	-3914	-307	4825	421	-2922	-88	232	-120	6366	31830	6366	71182806
-15773	-3880	-254	4734	309	-2712	-88	232	-120	6367	31835	6367	71182806
-15885	-3758	-216	4494	150	-2524	-88	233	-124	6368	31840	6368	71182806
-16020	-3518	-236	4125	-26	-2340	-88	234	-126	6369	31845	6369	71182806
-16220	-3197	-157	3692	-189	-2142	-89	235	-122	6370	31850	6370	71182806
-16372	-2844	-38	3228	-367	-1946	-90	236	-120	6371	31855	6371	71182806
-16497	-2540	60	2754	-562	-1740	-91	234	-119	6372	31860	6372	71182823
-16666	-2288	202	2274	-756	-1516	-91	233	-119	6373	31865	6373	71182839
-16840	-2116	180	1775	-930	-1287	-87	236	-121	6374	31870	6374	71182843
-16922	-1972	144	1274	-1091	-1053	-84	238	-122	6375	31875	6375	71182843
-16946	-1874	113	809	-1232	-823	-86	239	-123	6376	31880	6376	71182843
-16952	-1903	50	389	-1354	-611	-88	240	-124	6377	31885	6377	71182843
-17040	-1943	-131	-63	-1487	-415	-87	236	-122	6378	31890	6378	71182843
-17048	-2150	-352	-403	-1546	-227	-87	235	-121	6379	31895	6379	71182843
-16765	-2679	-760	-444	-1552	-19	-81	239	-119	6380	31900	6380	71182865
-16538	-3193	-1063	-377	-1582	83	-80	240	-118	6381	31905	6381	71182877
-16391	-3360	-1093	-368	-1597	73	-87	235	-115	6382	31910	6382	71182880
-16204	-3474	-957	-364	-1589	-18	-90	232	-114	6383	31915	6383	71182880
-16166	-3613	-672	-241	-1554	-171	-87	234	-119	6384	31920	6384	71182880
-16219	-3714	-435	-53	-1531	-338	-85	235	-123	6385	31925	6385	71182880
-16238	-3800	-237	134	-1526	-473	-84	234	-119	6386	31930	6386	71182880
-16112	-3679	-269	159	-1557	-563	-84	234	-118	6387	31935	6387	71182889
-16227	-3346	-288	104	-1584	-634	-85	236	-122	6388	31940	6388	71182912
-16342	-2950	-278	93	-1592	-641	-85	237	-123	6389	31945	6389	71182917
-16488	-2745	-289	175	-1571	-608	-87	236	-117	6390	31950	6390	71182917
-16592	-2738	-306	296	-1533	-619	-88	236	-116	6391	31955	6391	71182917
-16690	-2694	-366	345	-1487	-610	-84	232	-118	6392	31960	6392	71182918
-16710	-2754	-332	362	-1448	-605	-83	231	-119	6393	31965	6393	71182918
-16692	-2750	-272	387	-1422	-593	-87	240	-118	6394	31970	6394	71182918
-16718	-2782	-292	438	-1391	-588	-88	242	-118	6395	31975	6395	71182948
-16635	-2854	-257	487	-1342	-582	-88	239	-118	6396	31980	6396	71182955
-16601	-2984	-232	530	-1284	-584	-88	238	-118	6397	31985	6397	71182956
-16532	-3071	-167	578	-1234	-593	-90	238	-123	6398	31990	6398	71182956
-16426	-3227	-128	606	-1187	-606	-90	238	-124	6399	31995	6399	71182956
-16406	-3299	-101	658	-1140	-639	-88	240	-119	6400	32000	6400	71182956
-16408	-3286	-58	699	-1083	-679	-88	240	-118	6401	32005	6401	71182956
