-2482	-17516	1312	-5829	963	2159	168	20	-2	4958	24790	4958	71175769
-2401	-17887	1206	-6254	1095	1824	162	24	-11	4959	24795	4959	71175769
-2596	-17784	1351	-6701	1211	1401	161	25	-13	4960	24800	4960	71175769
-2624	-17679	1156	-6956	1272	1212	170	23	-12	4961	24805	4961	71175771
-2765	-17648	886	-7135	1279	1069	172	22	-12	4962	24810	4962	71175800
-2758	-17776	650	-7286	1404	994	167	27	-11	4963	24815	4963	71175807
-2806	-17792	744	-7472	1607	895	167	27	-11	4964	24820	4964	71175808
-2600	-17790	934	-7529	1736	849	160	22	-6	4965	24825	4965	71175808
-2384	-17830	1112	-7329	1774	815	160	22	-6	4966	24830	4966	71175808
-2188	-17866	1252	-6913	1698	736	163	19	-11	4967	24835	4967	71175808
-1994	-18380	1080	-6523	1603	655	163	19	-11	4968	24840	4968	71175809
-1862	-18732	850	-6531	1595	472	164	24	-20	4969	24845	4969	71175809
-1818	-18892	886	-6869	1724	363	164	24	-20	4970	24850	4970	71175817
-1922	-18927	1147	-7314	1948	327	159	23	-17	4971	24855	4971	71175857
-1926	-19096	1260	-7416	2086	495	160	23	-18	4972	24860	4972	71175868
-1969	-19386	1405	-7305	2231	663	164	24	-22	4973	24865	4973	71175868
-1988	-19753	1370	-6975	2358	807	163	24	-22	4974	24870	4974	71175869
-1969	-20168	1092	-6578	2418	876	158	24	-22	4975	24875	4975	71175869
-1766	-20647	557	-6301	2503	846	158	22	-21	4976	24880	4976	71175869
-1644	-21040	332	-6146	2689	732	160	16	-16	4977	24885	4977	71175872
-1388	-21377	56	-5920	2724	447	160	17	-16	4978	24890	4978	71175878
-660	-22528	-106	-5745	2631	-11	158	20	-16	4979	24895	4979	71175885
433	-24870	-557	-6089	2510	-887	158	18	-16	4980	24900	4980	71175886
563	-26413	-1569	-7577	2423	-2172	159	15	-15	4981	24905	4981	71175886
50	-26933	-2618	-10206	2837	-3315	159	15	-17	4982	24910	4982	71175886
-228	-27217	-3043	-12985	3981	-4213	158	16	-20	4983	24915	4983	71175886
-123	-27580	-2853	-14985	5415	-5148	155	13	-20	4984	24920	4984	71175886
309	-28251	-2406	-16147	6546	-6082	151	9	-19	4985	24925	4985	71175886
864	-29094	-2322	-16916	7311	-7035	151	9	-23	4986	24930	4986	71175886
1461	-29946	-2491	-18068	8073	-8209	152	8	-28	4987	24935	4987	71175886
1654	-30028	-2386	-19568	8914	-9613	150	8	-28	4988	24940	4988	71175915
1961	-30190	-2099	-20847	9753	-10821	148	8	-28	4989	24945	4989	71175934
2448	-30693	-1638	-21776	10666	-12159	142	3	-28	4990	24950	4990	71175934
2834	-30900	-910	-22593	11393	-13691	138	0	-28	4991	24955	4991	71175934
3367	-30742	-279	-23428	11696	-15370	139	-2	-30	4992	24960	4992	71175934
3868	-30326	44	-24188	11671	-17376	140	-4	-32	4993	24965	4993	71175934
4217	-29730	230	-24941	11569	-19533	135	-11	-30	4994	24970	4994	71175934
4481	-29210	736	-25628	11451	-21567	132	-16	-28	4995	24975	4995	71175939
4869	-28511	1865	-25825	11249	-23946	134	-21	-32	4996	24980	4996	71175965
4980	-27921	2859	-25181	10840	-26198	135	-23	-33	4997	24985	4997	71175972
4981	-28357	2953	-24190	10132	-27986	125	-23	-27	4998	24990	4998	71175972
4558	-28982	1764	-23341	9408	-29573	123	-23	-25	4999	24995	4999	71175972
3606	-30301	315	-23181	8652	-30846	122	-32	-24	5000	25000	5000	71175972
2597	-31984	-1102	-23086	7817	-31488	122	-34	-24	5001	25005	5001	71175972
1388	-32650	-1797	-22644	7137	-32275	122	-40	-24	5002	25010	5002	71175972
118	-32685	-866	-21794	6242	-32704	122	-42	-24	5003	25015	5003	71175979
462	-32768	1264	-20552	2530	-31810	118	-44	-24	5004	25020	5004	71176010
1048	-32768	2496	-20670	-3537	-31552	118	-44	-24	5005	25025	5005	71176010
300	-31796	3532	-22046	-10540	-31901	116	-58	-20	5006	25030	5006	71176011
-678	-29794	3674	-23859	-16128	-32040	116	-58	-20	5007	25035	5007	71176011
-2060	-27494	3888	-26253	-18954	-31787	112	-70	-22	5008	25040	5008	71176011
-2988	-24416	4400	-28517	-19528	-31697	112	-70	-22	5009	25045	5009	71176011
-3912	-21432	5030	-29604	-18824	-32327	106	-70	-28	5010	25050	5010	71176011
-4166	-19276	5294	-29464	-17878	-32579	106	-70	-28	5011	25055	5011	71176012
-4196	-17954	4520	-28713	-16770	-32327	100	-76	-28	5012	25060	5012	71176012
-3820	-17401	3243	-27992	-15468	-31310	99	-77	-29	5013	25065	5013	71176027
-3388	-17209	2298	-27319	-14610	-30790	93	-81	-35	5014	25070	5014	71176058
-2434	-17704	1165	-26405	-13600	-30113	92	-82	-36	5015	25075	5015	71176058
-1237	-18343	-55	-25690	-12463	-29286	88	-86	-40	5016	25080	5016	71176058
-118	-18977	-1224	-25332	-11448	-28647	88	-87	-38	5017	25085	5017	71176058
942	-19261	-2337	-25291	-10926	-28194	86	-92	-32	5018	25090	5018	71176058
1553	-19308	-3141	-25578	-10818	-28022	85	-93	-34	5019	25095	5019	71176059
2181	-19349	-3642	-26346	-11096	-27629	79	-99	-43	5020	25100	5020	71176068
2921	-19083	-3629	-27493	-11903	-27129	79	-99	-41	5021	25105	5021	71176096
3170	-18580	-3370	-28343	-12976	-27079	78	-98	-38	5022	25110	5022	71176096
3230	-17867	-3210	-28964	-14209	-27199	74	-101	-47	5023	25115	5023	71176097
3060	-17148	-3350	-29512	-15313	-27304	69	-105	-61	5024	25120	5024	71176097
3004	-16679	-3550	-30092	-16120	-27184	63	-105	-59	5025	25125	5025	71176097
3205	-16114	-3711	-30870	-16767	-26943	55	-105	-55	5026	25130	5026	71176097
3386	-15262	-3748	-31908	-17390	-26825	55	-105	-53	5027	25135	5027	71176097
3409	-14193	-3662	-32669	-18059	-26721	55	-105	-51	5028	25140	5028	71176098
3285	-12774	-3438	-32768	-18842	-26600	51	-113	-55	5029	25145	5029	71176108
3132	-11498	-3323	-32768	-19559	-26350	46	-120	-58	5030	25150	5030	71176152
3000	-10572	-3573	-32768	-20047	-25998	41	-115	-59	5031	25155	5031	71176182
2842	-9774	-3823	-32768	-20195	-25625	38	-112	-60	5032	25160	5032	71176188
2713	-8980	-3900	-32768	-20102	-25251	36	-114	-67	5033	25165	5033	71176188
2765	-8215	-3908	-32768	-19985	-24814	34	-116	-72	5034	25170	5034	71176188
2928	-7513	-4129	-32768	-19940	-24330	30	-114	-73	5035	25175	5035	71176188
3060	-6914	-4696	-32564	-19972	-23783	28	-112	-74	5036	25180	5036	71176188
2963	-6420	-5302	-32101	-20071	-23224	21	-113	-73	5037	25185	5037	71176199
2631	-5746	-5904	-31443	-20202	-22607	16	-114	-72	5038	25190	5038	71176207
2249	-4977	-6360	-30701	-20232	-22138	13	-120	-82	5039	25195	5039	71176207
2139	-4210	-6568	-29734	-20203	-21729	12	-122	-84	5040	25200	5040	71176207
2156	-3333	-6859	-28400	-20153	-21367	2	-120	-84	5041	25205	5041	71176208
2330	-2605	-7546	-26852	-20035	-20986	0	-120	-84	5042	25210	5042	71176208
2634	-2015	-8046	-25371	-19878	-20637	1	-113	-83	5043	25215	5043	71176208
2972	-1459	-8306	-24010	-19751	-20347	1	-111	-83	5044	25220	5044	71176208
3331	-1038	-8649	-22553	-19761	-20058	-11	-112	-82	5045	25225	5045	71176208
3592	-698	-8978	-20822	-19882	-19713	-14	-112	-82	5046	25230	5046	71176208
3780	-480	-9128	-19732	-19902	-19361	-21	-111	-89	5047	25235	5047	71176208
3930	-254	-9418	-18679	-20005	-19008	-21	-111	-89	5048	25240	5048	71176208
3910	-266	-9778	-17580	-20228	-18593	-22	-114	-88	5049	25245	5049	71176208
3852	-212	-9996	-16822	-20253	-18154	-22	-114	-88	5050	25250	5050	71176216
3650	-286	-10372	-16086	-20256	-17722	-33	-107	-89	5051	25255	5051	71176217
3610	-174	-10738	-15546	-20224	-17336	-33	-107	-89	5052	25260	5052	71176229
3612	-120	-11262	-15030	-20256	-16932	-31	-107	-89	5053	25265	5053	71176255
3518	138	-11664	-14675	-20309	-16626	-31	-107	-89	5054	25270	5054	71176255
3422	499	-12068	-13979	-20465	-16260	-38	-106	-88	5055	25275	5055	71176255
3222	786	-12439	-13307	-20652	-16015	-38	-106	-89	5056	25280	5056	71176255
3076	1161	-12785	-12574	-20846	-15785	-39	-105	-93	5057	25285	5057	71176255
2806	1516	-13226	-11790	-20980	-15548	-41	-103	-93	5058	25290	5058	71176256
2578	1829	-13636	-10978	-21029	-15309	-48	-96	-92	5059	25295	5059	71176263
2642	1985	-13880	-10187	-21002	-15038	-48	-96	-93	5060	25300	5060	71176292
2671	2206	-14233	-9495	-20943	-14791	-46	-94	-96	5061	25305	5061	71176292
2513	2335	-14464	-8857	-20792	-14607	-49	-94	-96	5062	25310	5062	71176293
2576	2307	-14348	-8138	-20562	-14330	-57	-93	-97	5063	25315	5063	71176293
2577	1932	-14176	-7502	-20469	-14018	-55	-91	-99	5064	25320	5064	71176293
2408	1406	-14185	-7043	-20546	-13733	-53	-89	-103	5065	25325	5065	71176293
2056	912	-14209	-6878	-20712	-13485	-55	-88	-100	5066	25330	5066	71176294
1593	404	-14112	-6921	-20906	-13234	-58	-86	-96	5067	25335	5067	71176294
955	-97	-14036	-7155	-21069	-12964	-59	-86	-97	5068	25340	5068	71176294
201	-387	-14053	-7618	-21094	-12694	-61	-87	-99	5069	25345	5069	71176304
-408	-483	-14047	-8188	-20928	-12374	-62	-86	-101	5070	25350	5070	71176322
-769	-416	-14120	-8852	-20586	-12020	-63	-85	-103	5071	25355	5071	71176328
-1060	-127	-14265	-9498	-20273	-11697	-65	-78	-102	5072	25360	5072	71176328
-1288	160	-14426	-10014	-20097	-11417	-66	-74	-102	5073	25365	5073	71176328
-1568	478	-14424	-10458	-20033	-11149	-68	-75	-105	5074	25370	5074	71176329
-1997	937	-14338	-10849	-20063	-10946	-69	-75	-107	5075	25375	5075	71176329
-2322	1364	-14379	-11058	-20110	-10742	-70	-77	-108	5076	25380	5076	71176334
-2484	1801	-14453	-11055	-20181	-10505	-71	-79	-109	5077	25385	5077	71176357
-2701	2221	-14502	-10939	-20290	-10311	-72	-75	-107	5078	25390	5078	71176370
-2915	2589	-14553	-10763	-20389	-10089	-73	-73	-105	5079	25395	5079	71176371
-3031	2947	-14546	-10574	-20396	-9851	-72	-74	-109	5080	25400	5080	71176371
-3258	3308	-14617	-10387	-20346	-9613	-72	-74	-110	5081	25405	5081	71176371
-3540	3534	-14762	-10208	-20282	-9326	-74	-68	-107	5082	25410	5082	71176372
-4185	3604	-14920	-10147	-20304	-8996	-74	-66	-106	5083	25415	5083	71176372
-5007	3796	-14952	-10290	-20369	-8607	-79	-64	-109	5084	25420	5084	71176395
-5752	4068	-14856	-10581	-20378	-8154	-80	-64	-110	5085	25425	5085	71176402
-6296	4545	-14774	-10945	-20291	-7663	-81	-54	-111	5086	25430	5086	71176402
-6582	5100	-14920	-11326	-20145	-7133	-81	-51	-111	5087	25435	5087	71176402
-6704	5974	-15124	-11748	-19960	-6441	-87	-49	-115	5088	25440	5088	71176402
-6842	6778	-15448	-12037	-19784	-5796	-87	-49	-115	5089	25445	5089	71176402
-7000	7678	-16002	-12230	-19527	-5160	-84	-52	-112	5090	25450	5090	71176402
-7250	8284	-16708	-12191	-19118	-4482	-84	-52	-112	5091	25455	5091	71176412
-7298	9032	-17376	-11790	-18458	-3954	-88	-50	-106	5092	25460	5092	71176439
-7422	9438	-18040	-10608	-17523	-3518	-88	-50	-106	5093	25465	5093	71176440
-7334	9418	-18102	-9137	-16902	-2994	-84	-44	-106	5094	25470	5094	71176440
-7390	8914	-18068	-7722	-16639	-2606	-84	-44	-106	5095	25475	5095	71176441
-7530	8360	-17975	-6753	-16842	-2284	-84	-46	-106	5096	25480	5096	71176442
-7638	7686	-17795	-6249	-17059	-2109	-85	-45	-106	5097	25485	5097	71176442
-7572	7012	-17679	-5731	-17237	-2029	-89	-43	-107	5098	25490	5098	71176450
-7430	6096	-17419	-5355	-17200	-2002	-90	-42	-107	5099	25495	5099	71176478
-7153	5295	-16608	-5197	-17116	-2051	-92	-38	-106	5100	25500	5100	71176478
-6685	4693	-15999	-5068	-17076	-2125	-93	-37	-105	5101	25505	5101	71176478
-6311	4153	-15646	-5069	-17348	-2213	-95	-35	-103	5102	25510	5102	71176478
-5786	3962	-14700	-5160	-17811	-2309	-94	-35	-104	5103	25515	5103	71176478
-5661	3624	-13945	-5143	-18635	-2508	-92	-36	-110	5104	25520	5104	71176478
-5886	3077	-13378	-5608	-19565	-2726	-92	-31	-112	5105	25525	5105	71176478
-6025	2573	-12780	-6438	-20210	-2877	-91	-23	-115	5106	25530	5106	71176497
-5804	2244	-12164	-7255	-20751	-2987	-93	-23	-111	5107	25535	5107	71176528
-5525	2149	-11409	-7828	-21404	-3166	-95	-23	-105	5108	25540	5108	71176530
-5555	2245	-10524	-8206	-22132	-3471	-96	-21	-110	5109	25545	5109	71176530
-5806	2324	-9869	-8492	-22693	-3747	-98	-18	-118	5110	25550	5110	71176530
-6070	2593	-8989	-8845	-23040	-3889	-99	-17	-112	5111	25555	5111	71176531
-6487	3165	-8031	-9144	-23267	-4023	-100	-16	-104	5112	25560	5112	71176532
-7224	3665	-7811	-9399	-23197	-4146	-101	-16	-105	5113	25565	5113	71176532
-7820	4381	-7763	-9858	-22630	-4347	-102	-16	-106	5114	25570	5114	71176546
-8053	5176	-7888	-10165	-21781	-4669	-103	-13	-110	5115	25575	5115	71176556
-8073	5816	-8386	-10191	-21019	-5025	-103	-11	-113	5116	25580	5116	71176557
-8201	6331	-8905	-10018	-20486	-5371	-104	-10	-112	5117	25585	5117	71176557
-8614	6685	-9415	-9300	-19986	-5731	-104	-10	-112	5118	25590	5118	71176557
-9039	6577	-10092	-8161	-19451	-6051	-101	-6	-111	5119	25595	5119	71176557
-9408	6306	-10478	-7247	-19006	-6382	-99	-3	-111	5120	25600	5120	71176557
-9743	6032	-10389	-6267	-18699	-6806	-103	-1	-107	5121	25605	5121	71176568
-10074	5574	-10879	-4948	-18611	-7281	-104	0	-106	5122	25610	5122	71176593
-10612	4996	-11131	-4027	-18648	-7721	-105	2	-107	5123	25615	5123	71176598
-11088	4578	-10885	-3467	-18647	-8117	-105	3	-107	5124	25620	5124	71176598
-11696	4080	-11397	-2959	-18646	-8493	-104	9	-106	5125	25625	5125	71176598
-12186	3368	-12113	-2924	-18458	-8857	-104	10	-106	5126	25630	5126	71176598
-12666	2688	-12024	-3160	-18248	-9203	-105	11	-104	5127	25635	5127	71176598
-12937	2356	-11656	-3379	-18353	-9450	-105	11	-103	5128	25640	5128	71176598
-13646	2292	-11070	-3835	-18872	-9554	-97	15	-101	5129	25645	5129	71176598
-14436	2754	-10568	-4679	-18993	-9564	-97	15	-101	5130	25650	5130	71176630
-15076	3332	-10506	-5511	-18701	-9528	-106	18	-102	5131	25655	5131	71176644
-15318	3594	-10200	-6139	-18292	-9448	-106	18	-102	5132	25660	5132	71176644
-15584	3946	-10402	-6555	-18032	-9334	-106	22	-104	5133	25665	5133	71176644
-16002	4312	-10422	-6668	-17870	-9248	-106	22	-104	5134	25670	5134	71176644
-16562	4674	-10162	-6553	-17537	-9204	-108	34	-102	5135	25675	5135	71176644
-16702	5068	-9698	-6256	-17230	-8997	-108	34	-102	5136	25680	5136	71176644
-16778	5362	-9490	-6252	-16767	-8774	-107	25	-99	5137	25685	5137	71176644
-16668	5600	-9784	-6295	-16001	-8630	-106	27	-99	5138	25690	5138	71176697
-16344	5591	-9502	-6145	-15219	-8575	-104	34	-98	5139	25695	5139	71176697
-16138	5478	-9184	-5877	-14679	-8568	-104	35	-97	5140	25700	5140	71176697
-16173	5518	-8865	-5794	-14309	-8671	-104	38	-92	5141	25705	5141	71176697
-16229	5554	-8819	-5633	-13956	-8762	-104	38	-93	5142	25710	5142	71176698
-16366	5661	-8424	-5223	-13434	-8901	-106	38	-98	5143	25715	5143	71176702
-16359	5474	-8643	-4778	-12962	-9020	-106	38	-97	5144	25720	5144	71176702
-16427	5103	-9006	-4541	-12630	-9183	-106	40	-92	5145	25725	5145	71176704
-16582	4845	-8836	-4312	-12383	-9394	-104	42	-94	5146	25730	5146	71176718
-16592	4544	-9058	-4145	-12083	-9566	-102	44	-98	5147	25735	5147	71176735
-16480	4202	-8684	-4265	-11895	-9701	-104	45	-96	5148	25740	5148	71176735
-16438	4075	-8584	-4694	-11911	-9812	-107	47	-93	5149	25745	5149	71176735
-16459	4192	-8907	-5209	-11831	-9923	-109	45	-95	5150	25750	5150	71176735
-16374	4440	-8661	-5514	-11585	-10030	-112	42	-98	5151	25755	5151	71176735
-16325	4573	-8559	-5439	-11453	-10076	-113	47	-93	5152	25760	5152	71176735
-16494	4642	-8435	-5346	-11338	-10117	-114	54	-86	5153	25765	5153	71176735
-16769	4747	-7835	-5138	-11243	-10189	-113	50	-89	5154	25770	5154	71176735
-17019	4874	-7683	-4731	-11236	-10286	-112	46	-92	5155	25775	5155	71176735
-17004	4829	-7757	-4307	-11056	-10374	-108	50	-88	5156	25780	5156	71176735
-16912	4676	-7742	-3883	-10976	-10412	-105	53	-85	5157	25785	5157	71176735
-16952	4416	-7458	-3558	-10936	-10436	-107	56	-88	5158	25790	5158	71176759
-16588	3979	-7192	-3304	-10643	-10448	-108	58	-90	5159	25795	5159	71176779
-16027	3343	-7228	-3016	-10510	-10490	-106	57	-83	5160	25800	5160	71176782
-16100	3032	-7230	-2896	-10539	-10637	-104	56	-78	5161	25805	5161	71176782
-16262	2990	-7007	-3079	-10455	-10751	-106	60	-83	5162	25810	5162	71176782
-16269	3295	-6988	-3744	-10358	-10774	-107	63	-87	5163	25815	5163	71176783
-16357	3514	-6894	-3710	-10139	-10876	-107	65	-89	5164	25820	5164	71176783
-16455	3297	-7070	-3266	-9933	-10993	-107	65	-89	5165	25825	5165	71176789
-16380	3126	-7063	-3510	-9787	-11091	-105	65	-86	5166	25830	5166	71176840
-16449	3194	-7232	-3844	-9726	-11235	-105	65	-85	5167	25835	5167	71176853
-16549	3082	-7150	-3947	-9801	-11338	-106	71	-79	5168	25840	5168	71176853
-16837	2915	-7032	-3943	-10024	-11455	-106	72	-78	5169	25845	5169	71176853
-17200	3050	-7149	-4063	-10202	-11540	-104	72	-80	5170	25850	5170	71176853
-17214	3256	-6264	-4274	-10208	-11599	-104	72	-80	5171	25855	5171	71176854
-16786	3436	-5860	-4119	-10398	-11709	-101	71	-81	5172	25860	5172	71176854
-17044	3966	-5918	-4002	-10516	-11876	-101	71	-81	5173	25865	5173	71176854
-16932	4074	-6694	-3402	-10164	-11896	-102	78	-78	5174	25870	5174	71176854
-16940	3806	-7428	-3005	-9815	-12003	-102	78	-78	5175	25875	5175	71176871
-16840	3746	-7124	-2958	-9569	-12066	-98	76	-76	5176	25880	5176	71176900
-16758	3304	-7402	-2755	-9616	-12228	-98	76	-76	5177	25885	5177	71176900
-16676	3166	-7954	-3123	-9773	-12337	-103	71	-83	5178	25890	5178	71176900
-16710	2978	-8744	-3278	-9910	-12495	-103	71	-83	5179	25895	5179	71176900
-16634	2958	-8021	-3581	-9936	-12692	-98	82	-82	5180	25900	5180	71176901
-16556	3292	-8212	-3964	-9898	-12859	-97	83	-80	5181	25905	5181	71176901
-16450	3726	-8824	-4709	-9824	-13013	-94	88	-74	5182	25910	5182	71176907
-16372	4173	-8961	-5254	-9708	-13192	-94	88	-73	5183	25915	5183	71176932
-16531	4692	-8696	-5640	-9673	-13304	-96	86	-70	5184	25920	5184	71176932
-16872	5031	-8549	-5935	-9574	-13365	-96	87	-71	5185	25925	5185	71176932
-17037	5377	-8237	-6142	-9399	-13347	-94	92	-76	5186	25930	5186	71176933
-17205	5635	-8758	-6231	-9032	-13290	-94	92	-74	5187	25935	5187	71176933
-17522	5943	-9163	-6726	-8453	-13278	-95	91	-69	5188	25940	5188	71176933
-17904	6511	-9155	-7448	-7825	-13203	-94	91	-69	5189	25945	5189	71176933
-18184	7343	-9103	-8210	-6946	-13082	-92	92	-70	5190	25950	5190	71176933
-18339	8403	-9092	-8911	-5982	-12894	-92	91	-66	5191	25955	5191	71176933
-18706	9430	-9620	-9308	-5161	-12618	-93	89	-59	5192	25960	5192	71176933
-19170	10221	-9862	-9519	-4542	-12136	-93	92	-60	5193	25965	5193	71176933
-19817	10738	-9473	-9481	-4165	-11477	-92	96	-62	5194	25970	5194	71176933
-20564	10860	-9092	-8999	-3848	-10771	-92	96	-63	5195	25975	5195	71176947
-21131	10431	-8502	-8080	-3392	-10051	-93	95	-65	5196	25980	5196	71176970
-21180	9852	-7343	-7054	-2953	-9471	-89	99	-66	5197	25985	5197	71176973
-20764	9188	-6317	-5940	-2542	-9088	-87	101	-67	5198	25990	5198	71176979
-20013	8476	-5329	-4714	-2122	-8863	-91	100	-62	5199	25995	5199	71176994
-19170	7663	-4156	-3266	-1841	-8872	-93	99	-59	5200	26000	5200	71177001
-18457	6570	-3696	-1675	-1657	-9055	-91	100	-60	5201	26005	5201	71177002
-17757	5401	-3632	-594	-1339	-9343	-90	100	-60	5202	26010	5202	71177002
-16958	4467	-3450	-43	-972	-9732	-89	102	-56	5203	26015	5203	71177002
-15987	3500	-3584	308	-631	-10240	-89	103	-53	5204	26020	5204	71177002
-15196	2873	-3784	395	-287	-10763	-84	101	-63	5205	26025	5205	71177002
-14505	2428	-3811	449	-17	-11302	-83	101	-65	5206	26030	5206	71177031
-14045	2206	-3906	602	123	-11869	-89	103	-59	5207	26035	5207	71177038
-13692	1855	-3847	900	88	-12462	-90	104	-58	5208	26040	5208	71177038
-13517	1450	-4012	1267	-37	-13020	-84	104	-64	5209	26045	5209	71177038
-13376	1130	-4280	1594	-141	-13503	-82	104	-66	5210	26050	5210	71177038
-13414	950	-4522	1859	-210	-13908	-80	107	-63	5211	26055	5211	71177038
-13556	878	-4973	2093	-258	-14179	-80	108	-62	5212	26060	5212	71177038
-13904	802	-5240	2328	-181	-14319	-79	109	-59	5213	26065	5213	71177038
-14044	580	-5560	2741	69	-14231	-79	109	-59	5214	26070	5214	71177039
-14136	256	-5716	3259	352	-14071	-80	110	-60	5215	26075	5215	71177039
-14352	-34	-6072	3740	600	-13805	-80	110	-60	5216	26080	5216	71177039
-14672	-370	-6472	4222	840	-13451	-77	109	-61	5217	26085	5217	71177047
-15390	-654	-6850	4666	1098	-13053	-77	109	-61	5218	26090	5218	71177088
-16144	-700	-6942	4937	1424	-12567	-69	109	-61	5219	26095	5219	71177088
-16860	-712	-6878	5232	1878	-11972	-69	109	-61	5220	26100	5220	71177088
-17569	-804	-6572	5664	2565	-11217	-71	117	-65	5221	26105	5221	71177089
-17618	-838	-6411	5944	3084	-10484	-70	116	-65	5222	26110	5222	71177089
-17660	-732	-6274	6017	3486	-9747	-65	113	-65	5223	26115	5223	71177089
-17626	-583	-6316	5914	3838	-8957	-65	113	-65	5224	26120	5224	71177093
-17544	-390	-6120	5694	4204	-8106	-65	111	-63	5225	26125	5225	71177112
-17421	-272	-5871	5288	4586	-7211	-66	111	-64	5226	26130	5226	71177125
-17186	112	-5630	4779	4927	-6267	-71	109	-67	5227	26135	5227	71177125
-17012	602	-5427	4335	5109	-5349	-70	108	-65	5228	26140	5228	71177125
-16889	1158	-5131	3896	5258	-4371	-67	103	-59	5229	26145	5229	71177125
-16781	1902	-4858	3562	5367	-3325	-65	108	-61	5230	26150	5230	71177125
-16832	2603	-4661	3455	5504	-2455	-63	115	-63	5231	26155	5231	71177128
-16865	3264	-4517	3614	5762	-1556	-63	115	-63	5232	26160	5232	71177150
-16792	3808	-4234	4068	6092	-635	-62	114	-64	5233	26165	5233	71177182
-16761	4204	-3903	4834	6335	243	-62	111	-65	5234	26170	5234	71177193
-16809	4468	-3791	5820	6495	1083	-62	106	-66	5235	26175	5235	71177195
-16960	4602	-3574	6933	6663	1868	-58	106	-66	5236	26180	5236	71177195
-17058	4666	-3253	8340	6859	2670	-53	107	-65	5237	26185	5237	71177195
-17065	4638	-2873	9916	7019	3419	-60	104	-68	5238	26190	5238	71177195
-17068	4499	-2495	11426	7175	4086	-64	102	-70	5239	26195	5239	71177196
-17005	4304	-2236	12996	7282	4768	-60	108	-72	5240	26200	5240	71177196
-16954	4010	-1959	14517	7378	5434	-58	112	-74	5241	26205	5241	71177196
-16888	3648	-1601	15967	7475	6071	-56	110	-72	5242	26210	5242	71177196
-16821	3172	-1303	17287	7561	6694	-55	109	-71	5243	26215	5243	71177196
-16807	2634	-1054	18397	7669	7278	-55	107	-76	5244	26220	5244	71177200
-16850	2143	-676	19319	7844	7796	-55	105	-79	5245	26225	5245	71177203
-16884	1664	-201	20291	8144	8300	-58	107	-73	5246	26230	5246	71177203
-16739	1062	106	21207	8286	8982	-59	107	-71	5247	26235	5247	71177203
-16710	552	464	21875	8300	9605	-57	101	-77	5248	26240	5248	71177203
-16878	218	750	22510	8328	10077	-56	100	-78	5249	26245	5249	71177203
-17051	-196	972	23246	8442	10519	-54	100	-83	5250	26250	5250	71177203
-17162	-602	1070	23985	8668	10992	-54	100	-84	5251	26255	5251	71177227
-17376	-1037	1225	24658	9006	11422	-55	101	-85	5252	26260	5252	71177239
-17392	-1340	1367	25226	9413	11827	-55	101	-85	5253	26265	5253	71177241
-17650	-1778	1424	25876	9931	12266	-48	96	-92	5254	26270	5254	71177241
-17618	-2132	1648	26304	10284	12877	-48	96	-92	5255	26275	5255	71177242
-17810	-2472	1770	26603	10534	13397	-55	97	-93	5256	26280	5256	71177242
-18006	-2856	1980	26769	10740	14007	-55	97	-93	5257	26285	5257	71177242
-18212	-3232	2376	26865	10955	14590	-51	97	-87	5258	26290	5258	71177251
-18466	-3514	2630	27122	11183	15087	-51	97	-87	5259	26295	5259	71177279
-18702	-3586	2792	27557	11407	15365	-42	98	-98	5260	26300	5260	71177280
-19192	-3948	2914	28065	11721	15613	-42	98	-98	5261	26305	5261	71177280
-19452	-4224	2800	28528	12085	16176	-47	97	-91	5262	26310	5262	71177280
-19895	-4352	2976	29029	12609	16602	-45	96	-92	5263	26315	5263	71177280
-20135	-4562	3004	29435	13054	16984	-38	94	-94	5264	26320	5264	71177281
-20210	-4858	3084	29739	13390	17740	-39	92	-95	5265	26325	5265	71177281
-20344	-5111	3366	29980	13615	18382	-42	86	-98	5266	26330	5266	71177282
-20536	-5244	3512	30244	13767	18835	-40	85	-99	5267	26335	5267	71177294
-20748	-5456	3732	30505	13916	19291	-32	82	-104	5268	26340	5268	71177316
-21098	-5710	3878	30779	14030	19720	-33	82	-104	5269	26345	5269	71177316
-21345	-6108	4136	30969	14160	20176	-35	83	-103	5270	26350	5270	71177316
-21649	-6532	4136	31166	14269	20655	-32	87	-105	5271	26355	5271	71177317
-21809	-6818	4178	31320	14324	21042	-27	93	-109	5272	26360	5272	71177317
-21870	-7097	4277	31495	14356	21265	-27	91	-107	5273	26365	5273	71177321
-21712	-7330	4304	31631	14388	21404	-27	87	-105	5274	26370	5274	71177340
-21528	-7547	4195	31685	14380	21539	-27	80	-108	5275	26375	5275	71177361
-21235	-7664	4010	31671	14333	21773	-28	70	-112	5276	26380	5276	71177362
-20794	-7778	3762	31665	14270	22034	-30	70	-112	5277	26385	5277	71177362
-20302	-7793	3482	31632	14202	22286	-32	70	-112	5278	26390	5278	71177364
-19834	-7726	3174	31533	14116	22560	-28	70	-113	5279	26395	5279	71177366
-19400	-7610	2785	31503	14030	22770	-24	70	-114	5280	26400	5280	71177367
-19101	-7542	2383	31473	13958	22986	-19	71	-117	5281	26405	5281	71177367
-18855	-7412	1983	31411	13839	23251	-15	71	-119	5282	26410	5282	71177380
-18706	-7248	1681	31397	13672	23425	-17	72	-120	5283	26415	5283	71177389
-18684	-7133	1315	31461	13498	23517	-18	72	-120	5284	26420	5284	71177389
-18690	-7058	886	31518	13356	23665	-13	72	-119	5285	26425	5285	71177389
-18751	-6879	445	31535	13252	23775	-10	72	-118	5286	26430	5286	71177389
-18869	-6696	81	31544	13184	23786	-9	67	-120	5287	26435	5287	71177389
-19078	-6563	-296	31512	13097	23678	-8	64	-122	5288	26440	5288	71177389
-19234	-6507	-675	31312	12981	23562	-4	66	-120	5289	26445	5289	71177425
-19300	-6527	-962	30887	12836	23477	-3	67	-119	5290	26450	5290	71177435
-19312	-6508	-1010	30258	12674	23347	0	62	-122	5291	26455	5291	71177438
-19211	-6454	-1162	29610	12427	23174	1	61	-123	5292	26460	5292	71177440
-19037	-6480	-1307	29031	12080	23107	4	61	-121	5293	26465	5293	71177441
-18909	-6634	-1587	28446	11700	22984	5	61	-121	5294	26470	5294	71177442
-18768	-6838	-1853	27770	11365	22872	1	65	-123	5295	26475	5295	71177443
-18636	-7056	-2262	26852	10997	22797	0	66	-124	5296	26480	5296	71177444
-18562	-7190	-2710	25943	10678	22613	10	62	-124	5297	26485	5297	71177464
-18516	-7392	-3394	24913	10365	22528	10	62	-124	5298	26490	5298	71177464
-18486	-7470	-3976	23632	10051	22442	5	53	-117	5299	26495	5299	71177464
-18528	-7370	-4460	22181	9773	22357	5	53	-117	5300	26500	5300	71177464
-18458	-7156	-5042	20647	9488	22259	12	54	-124	5301	26505	5301	71177464
-18570	-6754	-5372	19083	9207	22094	12	54	-124	5302	26510	5302	71177464
-18596	-6328	-5682	17579	8940	21948	14	60	-124	5303	26515	5303	71177464
-18588	-5880	-5828	16181	8739	21836	14	60	-124	5304	26520	5304	71177486
-18374	-5368	-6039	14671	8572	21741	9	55	-119	5305	26525	5305	71177507
-18188	-5052	-6116	13574	8457	21698	10	55	-119	5306	26530	5306	71177508
-17832	-4799	-6206	12629	8285	21723	12	54	-120	5307	26535	5307	71177512
-17542	-4587	-6122	11782	7995	21722	12	53	-120	5308	26540	5308	71177513
-17249	-4467	-6064	10985	7595	21764	13	47	-121	5309	26545	5309	71177513
-16960	-4341	-6093	10137	7121	21852	12	48	-121	5310	26550	5310	71177513
-16697	-4244	-5970	9195	6602	21877	6	50	-122	5311	26555	5311	71177518
-16422	-4083	-5858	8061	6039	21855	6	52	-122	5312	26560	5312	71177538
-16153	-3879	-5675	6728	5378	21768	5	57	-121	5313	26565	5313	71177545
-15926	-3684	-5594	5576	4766	21618	5	55	-125	5314	26570	5314	71177545
-15733	-3535	-5458	4491	4142	21456	6	52	-132	5315	26575	5315	71177545
-15561	-3430	-5373	3499	3502	21305	7	54	-127	5316	26580	5316	71177545
-15393	-3318	-5362	2621	2849	21173	8	56	-120	5317	26585	5317	71177545
-15136	-3182	-5325	1828	2165	21042	6	56	-121	5318	26590	5318	71177548
-14865	-3110	-5280	1062	1459	20904	4	56	-122	5319	26595	5319	71177565
-14537	-3071	-5202	317	745	20753	4	52	-124	5320	26600	5320	71177583
-14195	-2884	-5045	-497	-77	20468	3	45	-127	5321	26605	5321	71177583
-13938	-2534	-4817	-1285	-1010	20114	1	49	-123	5322	26610	5322	71177584
-13808	-2270	-4616	-1897	-1965	19798	0	52	-120	5323	26615	5323	71177584
-13696	-2093	-4474	-2406	-2960	19474	-1	55	-123	5324	26620	5324	71177584
-13529	-1947	-4391	-2852	-3972	19113	-1	57	-125	5325	26625	5325	71177584
-13380	-1839	-4374	-3281	-4985	18711	-2	56	-123	5326	26630	5326	71177585
-13242	-1696	-4327	-3686	-5997	18256	-3	55	-121	5327	26635	5327	71177602
-13114	-1522	-4280	-4038	-7009	17738	-3	59	-120	5328	26640	5328	71177633
-13109	-1436	-4207	-4367	-8189	17094	-3	61	-119	5329	26645	5329	71177645
-13060	-1419	-4166	-4627	-9323	16490	-9	61	-121	5330	26650	5330	71177646
-12959	-1390	-4034	-4880	-10425	15918	-11	61	-121	5331	26655	5331	71177646
-12970	-1325	-3845	-5171	-11576	15326	-13	67	-123	5332	26660	5332	71177646
-13000	-1249	-3907	-5485	-12736	14696	-13	69	-123	5333	26665	5333	71177647
-13060	-1074	-3948	-5787	-13873	14113	-12	71	-122	5334	26670	5334	71177647
-13071	-906	-3656	-5958	-15020	13469	-12	72	-122	5335	26675	5335	71177679
-12865	-848	-3228	-5827	-16286	12822	-14	78	-123	5336	26680	5336	71177687
-12427	-1079	-2839	-5399	-17665	12091	-15	79	-123	5337	26685	5337	71177687
-12196	-1502	-3130	-4544	-19656	10956	-17	75	-119	5338	26690	5338	71177687
-12318	-1736	-3542	-3738	-21099	9983	-17	75	-119	5339	26695	5339	71177688
-12060	-1758	-3702	-2998	-22235	8997	-23	75	-119	5340	26700	5340	71177688
-12044	-1422	-3254	-2389	-23427	7888	-23	75	-119	5341	26705	5341	71177688
-12294	-1000	-2848	-1736	-24735	6989	-23	83	-117	5342	26710	5342	71177688
-12906	-918	-3054	-1292	-25825	6415	-23	83	-117	5343	26715	5343	71177689
-12956	-360	-3186	-1199	-26404	6196	-28	88	-112	5344	26720	5344	71177689
-14396	688	-3000	-750	-26757	4554	-28	88	-112	5345	26725	5345	71177689
-16244	605	-3893	750	-26700	3178	-25	93	-107	5346	26730	5346	71177697
-17755	-222	-4838	1787	-25382	2421	-25	94	-106	5347	26735	5347	71177727
-18890	-1078	-5284	2076	-22872	1174	-25	99	-103	5348	26740	5348	71177728
-19292	-1750	-5548	1405	-20069	-58	-25	98	-102	5349	26745	5349	71177728
-18872	-2023	-5207	287	-17721	-1102	-27	95	-97	5350	26750	5350	71177728
-17960	-2076	-4622	-314	-16283	-2134	-27	96	-97	5351	26755	5351	71177728
-17055	-1943	-4244	-443	-15694	-3227	-29	101	-97	5352	26760	5352	71177728
-16414	-1649	-4115	-878	-15701	-4244	-28	101	-98	5353	26765	5353	71177728
-16109	-818	-4125	-2047	-16233	-5290	-23	101	-103	5354	26770	5354	71177730
-16175	515	-4199	-3397	-16905	-6318	-24	105	-100	5355	26775	5355	71177748
-16420	1689	-4306	-3892	-17202	-7021	-26	110	-96	5356	26780	5356	71177765
-16804	2776	-4435	-3686	-17334	-7863	-23	113	-96	5357	26785	5357	71177766
-17805	3726	-4711	-2884	-17253	-9113	-18	118	-96	5358	26790	5358	71177766
-18710	4191	-5270	-1745	-16824	-9871	-21	118	-94	5359	26795	5359	71177767
-19507	4284	-6108	-657	-16129	-10164	-25	117	-91	5360	26800	5360	71177767
-20253	4242	-7285	240	-15162	-10262	-22	114	-91	5361	26805	5361	71177768
-20934	4261	-8576	1016	-13728	-10248	-18	110	-90	5362	26810	5362	71177768
-21458	4294	-9681	1713	-12071	-10100	-18	115	-90	5363	26815	5363	71177797
-21790	4239	-10482	2342	-10601	-9877	-18	118	-90	5364	26820	5364	71177823
-21949	4024	-10964	2920	-9250	-9613	-14	120	-89	5365	26825	5365	71177828
-21930	3686	-11051	3446	-7994	-9365	-12	122	-88	5366	26830	5366	71177828
-21800	3249	-10924	3895	-6858	-9150	-14	123	-89	5367	26835	5367	71177828
-21551	2712	-10653	4200	-5881	-8923	-15	123	-89	5368	26840	5368	71177829
-21212	2175	-10358	4297	-5084	-8651	-13	125	-88	5369	26845	5369	71177829
-20806	1653	-10014	4069	-4491	-8283	-12	126	-88	5370	26850	5370	71177830
-20509	1139	-9618	3312	-4057	-7737	-11	125	-84	5371	26855	5371	71177847
-20414	934	-9290	2257	-3728	-7184	-10	124	-82	5372	26860	5372	71177860
-20474	964	-8782	1057	-3343	-6628	-8	123	-83	5373	26865	5373	71177862
-20569	1346	-8412	-288	-2974	-6001	-7	123	-83	5374	26870	5374	71177862
-20702	1950	-7828	-1671	-2584	-5321	-9	125	-85	5375	26875	5375	71177862
-20845	2718	-7245	-2850	-2150	-4569	-9	125	-85	5376	26880	5376	71177862
-20896	3504	-6713	-3633	-1625	-3797	-6	122	-79	5377	26885	5377	71177862
-20763	4066	-6230	-3928	-956	-3067	-5	121	-77	5378	26890	5378	71177862
-20498	4408	-5648	-3655	-39	-2337	-11	123	-85	5379	26895	5379	71177862
-19956	4498	-5166	-2950	839	-1909	-11	123	-85	5380	26900	5380	71177862
-19420	4266	-4654	-2144	1692	-1633	-12	118	-88	5381	26905	5381	71177862
-18774	3936	-4348	-1379	2377	-1521	-12	118	-88	5382	26910	5382	71177862
-18228	3598	-3940	-684	2868	-1520	-6	118	-80	5383	26915	5383	71177873
-17882	3220	-3586	14	3285	-1622	-6	118	-80	5384	26920	5384	71177901
-17538	2594	-3050	765	3648	-1784	0	122	-80	5385	26925	5385	71177901
-17314	2044	-2668	1539	3925	-2035	0	122	-80	5386	26930	5386	71177901
-17108	1478	-2340	1973	4088	-2330	-4	124	-78	5387	26935	5387	71177902
-16819	1068	-1912	2014	4057	-2730	-4	122	-81	5388	26940	5388	71177902
