-16610	538	-446	-538	604	-109	-497	85	-117	4843	24215	4843	68984629
-16630	520	-434	-465	644	-127	-497	85	-117	4844	24220	4844	68984629
-16634	558	-470	-409	677	-154	-500	82	-118	4845	24225	4845	68984629
-16674	536	-422	-339	678	-180	-500	82	-118	4846	24230	4846	68984641
-16644	594	-348	-254	635	-198	-505	83	-111	4847	24235	4847	68984674
-16699	628	-335	-173	588	-214	-503	83	-112	4848	24240	4848	68984676
-16760	624	-308	-77	520	-231	-497	85	-115	4849	24245	4849	68984678
-16773	679	-308	19	455	-239	-498	85	-115	4850	24250	4850	68984679
-16799	702	-323	116	402	-241	-501	87	-117	4851	24255	4851	68984680
-16828	782	-406	218	361	-238	-501	86	-117	4852	24260	4852	68984681
-16854	801	-422	328	353	-224	-501	83	-115	4853	24265	4853	68984683
-16802	864	-481	438	359	-218	-502	84	-116	4854	24270	4854	68984692
-16733	906	-472	570	345	-218	-503	87	-117	4855	24275	4855	68984704
-16718	902	-534	680	327	-203	-503	86	-116	4856	24280	4856	68984704
-16695	957	-483	812	288	-183	-505	81	-113	4857	24285	4857	68984704
-16728	933	-491	969	234	-168	-504	81	-114	4858	24290	4858	68984704
-16757	947	-474	1130	182	-125	-499	81	-117	4859	24295	4859	68984704
-16768	967	-446	1310	135	-84	-500	81	-115	4860	24300	4860	68984704
-16730	1034	-414	1490	99	-45	-505	83	-109	4861	24305	4861	68984709
-16722	1026	-425	1692	83	10	-504	84	-111	4862	24310	4862	68984734
-16748	1014	-314	1907	86	50	-502	88	-118	4863	24315	4863	68984742
-16702	1012	-304	2073	105	83	-501	86	-117	4864	24320	4864	68984742
-16658	1000	-342	2229	120	116	-500	82	-116	4865	24325	4865	68984742
-16622	948	-298	2385	117	140	-501	82	-117	4866	24330	4866	68984742
-16626	919	-214	2540	93	162	-502	82	-118	4867	24335	4867	68984743
-16619	931	-207	2680	43	179	-502	82	-116	4868	24340	4868	68984747
-16639	930	-248	2806	-27	197	-503	83	-113	4869	24345	4869	68984764
-16682	891	-258	2925	-101	217	-500	83	-114	4870	24350	4870	68984779
-16687	869	-303	3046	-159	228	-496	84	-116	4871	24355	4871	68984779
-16728	824	-398	3160	-208	244	-500	82	-115	4872	24360	4872	68984779
-16758	824	-457	3259	-234	270	-503	81	-115	4873	24365	4873	68984779
-16808	840	-488	3357	-233	284	-503	81	-114	4874	24370	4874	68984779
-16838	843	-580	3457	-205	295	-503	81	-113	4875	24375	4875	68984779
-16795	808	-643	3552	-161	317	-503	81	-116	4876	24380	4876	68984791
-16804	773	-611	3654	-115	333	-504	82	-120	4877	24385	4877	68984809
-16826	779	-634	3770	-76	357	-502	82	-119	4878	24390	4878	68984810
-16805	811	-636	3897	-42	397	-500	82	-118	4879	24395	4879	68984810
-16812	797	-647	4036	-10	430	-501	87	-117	4880	24400	4880	68984811
-16841	786	-662	4158	27	462	-502	90	-116	4881	24405	4881	68984811
-16842	816	-613	4283	66	493	-506	85	-118	4882	24410	4882	68984812
-16789	794	-568	4422	101	525	-508	82	-120	4883	24415	4883	68984817
-16800	821	-522	4565	138	555	-507	82	-120	4884	24420	4884	68984837
-16820	912	-504	4719	159	589	-506	82	-120	4885	24425	4885	68984849
-16808	961	-488	4883	169	606	-505	81	-122	4886	24430	4886	68984849
-16798	970	-467	5061	158	619	-505	81	-123	4887	24435	4887	68984849
-16808	984	-425	5272	125	644	-507	87	-120	4888	24440	4888	68984849
-16847	1034	-442	5454	94	648	-507	89	-119	4889	24445	4889	68984849
-16803	998	-460	5631	62	653	-505	84	-119	4890	24450	4890	68984850
-16821	1014	-413	5783	43	661	-505	83	-119	4891	24455	4891	68984857
-16820	1005	-406	5936	29	653	-509	84	-118	4892	24460	4892	68984882
-16770	982	-386	6092	18	643	-512	84	-118	4893	24465	4893	68984897
-16776	953	-344	6234	21	641	-506	83	-118	4894	24470	4894	68984897
-16767	981	-330	6365	39	648	-502	82	-118	4895	24475	4895	68984897
-16805	946	-290	6522	82	654	-510	85	-120	4896	24480	4896	68984897
-16797	855	-310	6647	118	671	-512	86	-120	4897	24485	4897	68984897
-16779	900	-296	6756	144	693	-510	80	-125	4898	24490	4898	68984897
-16776	895	-383	6868	171	719	-510	78	-126	4899	24495	4899	68984904
-16763	876	-324	6992	200	749	-508	87	-124	4900	24500	4900	68984932
-16749	866	-336	7110	232	789	-507	89	-123	4901	24505	4901	68984938
-16717	845	-234	7234	244	826	-507	86	-120	4902	24510	4902	68984939
-16740	832	-283	7364	263	863	-507	85	-119	4903	24515	4903	68984939
-16716	753	-313	7492	275	898	-509	83	-121	4904	24520	4904	68984939
-16694	768	-330	7654	274	942	-510	82	-122	4905	24525	4905	68984940
-16700	772	-324	7804	269	979	-512	82	-118	4906	24530	4906	68984940
-16712	728	-278	7961	268	1014	-512	82	-118	4907	24535	4907	68984947
-16664	648	-272	8077	237	1035	-511	81	-119	4908	24540	4908	68984965
-16676	701	-224	8184	220	1058	-511	81	-119	4909	24545	4909	68984965
-16628	736	-316	8304	199	1062	-515	82	-120	4910	24550	4910	68984965
-16624	726	-315	8435	178	1077	-516	82	-120	4911	24555	4911	68984965
-16672	741	-278	8565	160	1073	-514	80	-118	4912	24560	4912	68984966
-16660	704	-304	8708	135	1073	-514	80	-118	4913	24565	4913	68984966
-16720	770	-274	8839	108	1074	-518	78	-122	4914	24570	4914	68984978
-16764	776	-222	8974	111	1081	-518	78	-122	4915	24575	4915	68985009
-16752	782	-298	9109	108	1094	-520	76	-130	4916	24580	4916	68985010
-16772	738	-76	9234	99	1099	-520	76	-130	4917	24585	4917	68985010
-16728	728	-202	9332	82	1104	-513	87	-127	4918	24590	4918	68985014
-16622	676	-140	9433	58	1119	-513	87	-127	4919	24595	4919	68985017
-16776	782	-92	9522	30	1123	-519	81	-131	4920	24600	4920	68985018
-16788	722	-70	9634	1	1118	-519	81	-131	4921	24605	4921	68985018
-16694	738	-19	9763	-22	1145	-517	85	-129	4922	24610	4922	68985040
-16735	695	-37	9852	-49	1169	-517	83	-128	4923	24615	4923	68985040
-16704	651	-32	9919	-82	1173	-516	76	-126	4924	24620	4924	68985040
-16732	620	9	9983	-104	1171	-516	78	-127	4925	24625	4925	68985040
-16762	597	124	10034	-116	1189	-514	84	-132	4926	24630	4926	68985040
-16672	572	34	10071	-124	1186	-514	84	-132	4927	24635	4927	68985041
-16682	508	40	10142	-131	1192	-525	81	-129	4928	24640	4928	68985041
-16712	520	56	10196	-140	1200	-525	81	-129	4929	24645	4929	68985093
-16758	472	56	10270	-150	1199	-519	81	-129	4930	24650	4930	68985093
-16746	444	178	10349	-164	1225	-520	80	-129	4931	24655	4931	68985093
-16784	390	123	10447	-179	1246	-523	77	-131	4932	24660	4932	68985093
-16740	384	124	10527	-201	1267	-523	77	-131	4933	24665	4933	68985093
-16724	428	132	10598	-202	1292	-521	79	-131	4934	24670	4934	68985093
-16756	428	164	10657	-188	1304	-522	80	-132	4935	24675	4935	68985095
-16747	361	63	10707	-202	1321	-524	82	-134	4936	24680	4936	68985107
-16681	318	58	10738	-197	1337	-524	81	-134	4937	24685	4937	68985133
-16686	298	114	10767	-202	1351	-524	78	-134	4938	24690	4938	68985133
-16693	250	126	10781	-224	1347	-525	77	-135	4939	24695	4939	68985133
-16684	239	178	10797	-251	1338	-526	76	-136	4940	24700	4940	68985134
-16663	264	186	10828	-268	1329	-525	76	-137	4941	24705	4941	68985134
-16678	237	183	10849	-291	1333	-523	77	-139	4942	24710	4942	68985134
-16703	219	207	10856	-312	1328	-524	79	-139	4943	24715	4943	68985143
-16698	208	240	10868	-317	1311	-526	84	-138	4944	24720	4944	68985164
-16742	160	232	10876	-315	1301	-526	84	-138	4945	24725	4945	68985172
-16780	168	219	10878	-301	1285	-524	82	-136	4946	24730	4946	68985172
-16831	158	238	10870	-282	1250	-524	80	-137	4947	24735	4947	68985172
-16838	115	234	10860	-265	1228	-524	76	-138	4948	24740	4948	68985172
-16827	86	179	10848	-248	1211	-524	77	-138	4949	24745	4949	68985172
-16852	59	235	10832	-228	1197	-523	79	-137	4950	24750	4950	68985172
-16914	76	250	10814	-207	1194	-522	78	-140	4951	24755	4951	68985173
-16938	30	279	10817	-198	1190	-520	76	-144	4952	24760	4952	68985173
-16934	-39	254	10838	-205	1175	-522	76	-143	4953	24765	4953	68985173
-16956	-141	289	10872	-226	1172	-526	76	-142	4954	24770	4954	68985176
-17002	-212	294	10894	-221	1173	-527	76	-143	4955	24775	4955	68985196
-17082	-270	206	10878	-201	1151	-528	76	-144	4956	24780	4956	68985208
-17033	-307	207	10816	-162	1131	-526	74	-142	4957	24785	4957	68985208
-16941	-330	244	10739	-73	1119	-525	73	-141	4958	24790	4958	68985208
-16889	-269	309	10677	37	1103	-531	78	-143	4959	24795	4959	68985208
-16883	-252	291	10642	146	1096	-535	81	-145	4960	24800	4960	68985208
-16865	-272	314	10621	226	1089	-533	81	-147	4961	24805	4961	68985208
-16842	-312	396	10599	259	1066	-530	80	-148	4962	24810	4962	68985223
-16792	-343	394	10570	229	1025	-529	79	-147	4963	24815	4963	68985246
-16735	-283	316	10526	152	993	-527	77	-145	4964	24820	4964	68985246
-16697	-283	263	10474	98	982	-528	79	-146	4965	24825	4965	68985246
-16677	-334	164	10410	54	966	-528	80	-146	4966	24830	4966	68985247
-16685	-388	103	10323	10	955	-532	78	-145	4967	24835	4967	68985247
-16780	-370	110	10221	-6	961	-535	77	-145	4968	24840	4968	68985247
-16871	-339	168	10132	-14	965	-533	78	-146	4969	24845	4969	68985252
-16930	-328	118	10048	-27	953	-532	78	-146	4970	24850	4970	68985272
-16976	-330	137	9946	-40	956	-528	78	-148	4971	24855	4971	68985285
-17139	-324	184	9833	-10	929	-526	78	-148	4972	24860	4972	68985285
-17151	-282	160	9730	50	909	-526	75	-150	4973	24865	4973	68985285
-17099	-216	166	9616	127	874	-526	74	-150	4974	24870	4974	68985285
-17070	-120	101	9530	184	824	-528	72	-152	4975	24875	4975	68985286
-17050	-153	108	9450	204	795	-528	72	-152	4976	24880	4976	68985286
-16942	-224	100	9353	228	801	-530	74	-155	4977	24885	4977	68985304
-16941	-325	57	9240	245	800	-530	74	-156	4978	24890	4978	68985318
-16925	-373	32	9098	231	756	-531	73	-156	4979	24895	4979	68985322
-16893	-328	-50	8944	179	700	-532	72	-156	4980	24900	4980	68985323
-16920	-350	-89	8882	145	680	-530	78	-154	4981	24905	4981	68985323
-16835	-488	-113	8853	103	652	-530	80	-154	4982	24910	4982	68985323
-16777	-594	-76	8812	36	620	-525	72	-154	4983	24915	4983	68985323
-16672	-662	-23	8745	-69	587	-524	70	-154	4984	24920	4984	68985323
-16704	-650	-68	8655	-208	558	-530	79	-152	4985	24925	4985	68985344
-16721	-708	35	8587	-330	524	-531	81	-151	4986	24930	4986	68985359
-16735	-822	-102	8526	-472	460	-531	79	-154	4987	24935	4987	68985361
-16762	-938	-60	8374	-587	394	-531	79	-155	4988	24940	4988	68985361
-16756	-918	46	8257	-640	341	-530	76	-152	4989	24945	4989	68985362
-16800	-830	-40	8127	-624	270	-530	76	-152	4990	24950	4990	68985362
-16770	-906	-2	7965	-588	246	-527	71	-157	4991	24955	4991	68985362
-16828	-964	90	7773	-583	194	-527	71	-157	4992	24960	4992	68985386
-16852	-980	150	7533	-574	125	-528	78	-160	4993	24965	4993	68985399
-16894	-906	84	7274	-619	46	-528	78	-160	4994	24970	4994	68985399
-16986	-884	200	7034	-683	-42	-529	75	-155	4995	24975	4995	68985399
-17118	-908	164	6833	-724	-81	-529	75	-155	4996	24980	4996	68985399
-17112	-836	134	6639	-711	-96	-531	71	-153	4997	24985	4997	68985399
-17226	-704	106	6464	-683	-83	-531	71	-153	4998	24990	4998	68985399
-17104	-636	98	6337	-596	-57	-522	74	-156	4999	24995	4999	68985399
-17118	-570	50	6256	-497	-46	-522	74	-156	5000	25000	5000	68985473
-17034	-510	62	6169	-387	-12	-534	76	-158	5001	25005	5001	68985473
-16980	-396	142	6100	-269	30	-534	76	-158	5002	25010	5002	68985474
-16942	-250	82	6084	-133	102	-530	76	-158	5003	25015	5003	68985474
-16938	-178	100	6052	-29	200	-530	76	-158	5004	25020	5004	68985475
-16896	-164	47	6034	71	267	-530	78	-160	5005	25025	5005	68985475
-16835	-167	-120	5995	113	314	-530	78	-160	5006	25030	5006	68985481
-16830	-96	-118	5938	123	334	-529	79	-159	5007	25035	5007	68985505
-16721	-93	-228	5917	114	337	-529	78	-159	5008	25040	5008	68985520
-16698	-20	-312	5871	122	357	-531	75	-161	5009	25045	5009	68985520
-16681	-2	-338	5831	137	359	-531	75	-160	5010	25050	5010	68985520
-16644	-45	-424	5793	153	345	-530	76	-158	5011	25055	5011	68985520
-16645	-100	-530	5750	156	315	-529	76	-158	5012	25060	5012	68985520
-16642	-134	-618	5699	168	286	-526	76	-160	5013	25065	5013	68985521
-16585	-195	-617	5651	156	230	-527	75	-159	5014	25070	5014	68985523
-16610	-183	-521	5605	144	188	-531	71	-157	5015	25075	5015	68985536
-16581	-214	-515	5543	107	130	-530	72	-158	5016	25080	5016	68985551
-16628	-230	-560	5465	39	95	-526	74	-162	5017	25085	5017	68985551
-16612	-264	-517	5398	-16	74	-526	74	-162	5018	25090	5018	68985551
-16659	-254	-440	5334	-96	34	-527	75	-163	5019	25095	5019	68985551
-16717	-323	-408	5272	-180	13	-527	74	-164	5020	25100	5020	68985551
-16692	-389	-306	5218	-277	-3	-526	72	-170	5021	25105	5021	68985551
-16755	-446	-295	5135	-332	-10	-526	74	-169	5022	25110	5022	68985551
-16835	-516	-239	5076	-345	-2	-526	76	-168	5023	25115	5023	68985552
-16907	-498	-189	4998	-328	8	-526	76	-167	5024	25120	5024	68985552
-16944	-510	-158	4896	-280	20	-525	75	-165	5025	25125	5025	68985552
-17019	-586	-91	4801	-203	42	-525	75	-164	5026	25130	5026	68985552
-17118	-527	-96	4710	-105	56	-525	75	-163	5027	25135	5027	68985557
-17147	-532	-113	4614	-2	85	-526	75	-164	5028	25140	5028	68985565
-17125	-604	-104	4525	123	119	-528	76	-166	5029	25145	5029	68985565
-17059	-606	-76	4426	247	141	-529	73	-164	5030	25150	5030	68985565
-17024	-651	-106	4319	326	152	-531	69	-161	5031	25155	5031	68985570
-17002	-594	-163	4211	367	160	-528	70	-162	5032	25160	5032	68985583
-16972	-554	-194	4106	404	141	-524	72	-164	5033	25165	5033	68985593
-16894	-520	-197	4004	442	119	-525	74	-168	5034	25170	5034	68985594
-16831	-466	-172	3915	469	96	-526	78	-174	5035	25175	5035	68985594
-16762	-467	-142	3853	461	66	-526	74	-170	5036	25180	5036	68985594
-16706	-490	-159	3792	408	47	-527	67	-165	5037	25185	5037	68985594
-16671	-444	-107	3658	312	32	-526	70	-167	5038	25190	5038	68985605
-16575	-449	-64	3550	223	16	-525	73	-169	5039	25195	5039	68985624
-16510	-461	-71	3480	128	-9	-529	76	-172	5040	25200	5040	68985630
-16490	-495	-126	3418	28	-37	-532	78	-174	5041	25205	5041	68985630
-16544	-548	-128	3339	-62	-60	-528	76	-170	5042	25210	5042	68985631
-16590	-573	-98	3226	-152	-66	-526	74	-168	5043	25215	5043	68985631
-16659	-619	-67	3119	-218	-71	-527	73	-169	5044	25220	5044	68985631
-16770	-704	-73	3039	-248	-103	-528	72	-170	5045	25225	5045	68985631
-16782	-732	-46	2941	-237	-156	-529	76	-163	5046	25230	5046	68985631
-16822	-695	17	2845	-209	-191	-529	77	-161	5047	25235	5047	68985652
-16908	-746	28	2762	-167	-220	-528	75	-165	5048	25240	5048	68985668
-16962	-802	53	2677	-116	-261	-528	74	-168	5049	25245	5049	68985672
-16942	-772	88	2607	-68	-305	-525	75	-167	5050	25250	5050	68985672
-16942	-722	144	2532	-22	-340	-523	75	-167	5051	25255	5051	68985672
-16920	-658	124	2426	3	-346	-524	74	-169	5052	25260	5052	68985673
-16920	-684	113	2317	17	-327	-524	74	-170	5053	25265	5053	68985673
-16881	-698	186	2227	1	-315	-527	72	-166	5054	25270	5054	68985678
-16813	-762	269	2128	-51	-289	-529	71	-163	5055	25275	5055	68985702
-16855	-791	326	1972	-131	-233	-523	73	-171	5056	25280	5056	68985709
-16898	-813	429	1856	-214	-218	-521	73	-173	5057	25285	5057	68985709
-16884	-805	524	1800	-220	-232	-523	71	-170	5058	25290	5058	68985709
-16884	-932	548	1725	-218	-225	-523	71	-169	5059	25295	5059	68985709
-17035	-929	520	1643	-225	-227	-526	74	-167	5060	25300	5060	68985709
-17010	-982	435	1531	-218	-204	-527	75	-167	5061	25305	5061	68985709
-17024	-985	352	1445	-190	-210	-523	73	-173	5062	25310	5062	68985717
-17104	-992	326	1304	-124	-221	-522	72	-174	5063	25315	5063	68985748
-17016	-1014	264	1212	-26	-224	-527	74	-172	5064	25320	5064	68985748
-16936	-949	146	1143	96	-237	-528	74	-172	5065	25325	5065	68985749
-16962	-980	64	1045	196	-234	-525	77	-170	5066	25330	5066	68985749
-16866	-1080	79	933	292	-223	-524	78	-170	5067	25335	5067	68985749
-16848	-939	12	867	347	-231	-522	72	-175	5068	25340	5068	68985750
-16797	-890	0	770	383	-222	-522	70	-176	5069	25345	5069	68985750
-16744	-899	-30	671	384	-223	-519	73	-171	5070	25350	5070	68985782
-16786	-854	56	556	359	-246	-518	74	-170	5071	25355	5071	68985790
-16772	-768	20	501	351	-257	-519	75	-173	5072	25360	5072	68985790
-16724	-760	-38	448	341	-220	-519	75	-173	5073	25365	5073	68985790
-16730	-728	-72	390	333	-237	-521	75	-167	5074	25370	5074	68985791
-16760	-722	-60	358	337	-254	-521	75	-167	5075	25375	5075	68985791
-16760	-622	-42	375	356	-254	-524	76	-176	5076	25380	5076	68985791
-16746	-622	-128	380	394	-253	-524	76	-176	5077	25385	5077	68985800
-16714	-602	-16	350	409	-273	-528	76	-172	5078	25390	5078	68985828
-16690	-600	-50	295	418	-265	-528	76	-172	5079	25395	5079	68985828
-16582	-702	-123	185	371	-267	-522	74	-176	5080	25400	5080	68985828
-16643	-651	-44	70	353	-287	-522	75	-175	5081	25405	5081	68985828
-16620	-596	-36	-33	350	-309	-523	77	-171	5082	25410	5082	68985828
-16664	-658	-62	-179	368	-331	-523	77	-171	5083	25415	5083	68985829
-16700	-640	-8	-305	406	-329	-518	70	-170	5084	25420	5084	68985829
-16636	-646	70	-401	472	-310	-518	70	-170	5085	25425	5085	68985837
-16624	-698	188	-490	522	-291	-524	76	-172	5086	25430	5086	68985858
-16576	-694	272	-550	566	-251	-524	76	-172	5087	25435	5087	68985858
-16602	-710	284	-578	562	-216	-522	74	-172	5088	25440	5088	68985858
-16643	-715	300	-591	568	-190	-521	74	-172	5089	25445	5089	68985858
-16642	-727	345	-576	559	-147	-516	74	-174	5090	25450	5090	68985858
-16745	-737	350	-537	547	-89	-516	74	-174	5091	25455	5091	68985858
-16838	-795	296	-499	536	-43	-517	75	-173	5092	25460	5092	68985858
-16859	-804	183	-511	568	4	-518	74	-173	5093	25465	5093	68985866
-16906	-860	47	-568	613	52	-522	70	-174	5094	25470	5094	68985898
-16840	-879	20	-644	645	67	-521	70	-174	5095	25475	5095	68985898
-16782	-920	93	-763	649	88	-518	72	-174	5096	25480	5096	68985899
-16752	-926	19	-915	618	78	-519	71	-174	5097	25485	5097	68985899
-16745	-984	15	-1062	564	49	-521	69	-175	5098	25490	5098	68985899
-16718	-988	41	-1211	503	25	-522	71	-174	5099	25495	5099	68985906
-16743	-978	53	-1376	441	-14	-528	78	-170	5100	25500	5100	68985935
-16699	-980	98	-1520	396	-61	-527	78	-171	5101	25505	5101	68985936
-16725	-934	141	-1634	359	-71	-523	77	-175	5102	25510	5102	68985936
-16719	-961	199	-1697	348	-96	-523	76	-175	5103	25515	5103	68985936
-16724	-938	272	-1746	377	-89	-523	73	-175	5104	25520	5104	68985936
-16693	-961	257	-1825	399	-80	-523	73	-173	5105	25525	5105	68985936
-16768	-991	245	-1910	417	-80	-524	74	-170	5106	25530	5106	68985937
-16824	-960	163	-2007	418	-75	-524	74	-174	5107	25535	5107	68985940
-16880	-930	97	-2105	408	-81	-523	73	-179	5108	25540	5108	68985957
-16918	-887	19	-2203	405	-87	-520	73	-177	5109	25545	5109	68985974
-16892	-842	-86	-2314	425	-83	-515	73	-173	5110	25550	5110	68985974
-16821	-792	-215	-2421	452	-72	-517	75	-174	5111	25555	5111	68985975
-16756	-800	-272	-2507	455	-69	-521	77	-175	5112	25560	5112	68985975
-16658	-797	-202	-2580	430	-60	-524	74	-173	5113	25565	5113	68985975
-16697	-789	-100	-2626	382	-52	-526	70	-170	5114	25570	5114	68985979
-16763	-790	-3	-2655	321	-58	-522	73	-174	5115	25575	5115	68985992
-16792	-814	86	-2683	261	-66	-518	76	-178	5116	25580	5116	68986001
-16868	-858	126	-2716	220	-73	-522	77	-178	5117	25585	5117	68986001
-16969	-894	104	-2756	213	-74	-527	79	-177	5118	25590	5118	68986002
-17006	-969	187	-2800	258	-57	-524	76	-177	5119	25595	5119	68986002
-16990	-1001	221	-2863	344	-37	-520	72	-178	5120	25600	5120	68986002
-17018	-1007	130	-2984	450	-24	-523	70	-176	5121	25605	5121	68986002
-17032	-962	98	-3157	546	-9	-525	67	-173	5122	25610	5122	68986011
-17028	-968	91	-3357	601	0	-524	68	-174	5123	25615	5123	68986030
-16951	-973	105	-3575	617	-4	-523	69	-175	5124	25620	5124	68986039
-16855	-926	133	-3770	597	-15	-523	73	-173	5125	25625	5125	68986039
-16821	-954	125	-3906	527	-25	-523	75	-171	5126	25630	5126	68986039
-16858	-954	108	-3975	428	-30	-524	75	-171	5127	25635	5127	68986039
-16869	-916	46	-4024	339	-41	-525	75	-171	5128	25640	5128	68986046
-16895	-972	39	-4087	254	-56	-524	74	-172	5129	25645	5129	68986066
-16958	-1006	17	-4198	173	-64	-523	73	-173	5130	25650	5130	68986076
-17028	-992	42	-4309	124	-65	-524	75	-171	5131	25655	5131	68986076
-17066	-1022	-31	-4424	86	-65	-524	76	-170	5132	25660	5132	68986077
-17072	-990	-13	-4534	86	-52	-523	75	-175	5133	25665	5133	68986077
-17112	-1001	-43	-4664	104	-27	-522	74	-178	5134	25670	5134	68986077
-17185	-986	-75	-4796	157	1	-522	75	-173	5135	25675	5135	68986077
-17200	-952	-99	-4918	239	27	-522	76	-170	5136	25680	5136	68986097
-17132	-983	-111	-5033	353	63	-522	77	-171	5137	25685	5137	68986116
-17057	-1004	-138	-5162	515	98	-522	78	-172	5138	25690	5138	68986120
-17052	-1077	-279	-5274	649	140	-526	74	-174	5139	25695	5139	68986120
-17000	-1026	-206	-5375	737	161	-527	73	-175	5140	25700	5140	68986120
-16986	-1013	-210	-5474	784	184	-523	72	-173	5141	25705	5141	68986120
-16949	-968	-205	-5584	800	198	-522	72	-172	5142	25710	5142	68986121
-16943	-943	-117	-5684	813	189	-524	70	-170	5143	25715	5143	68986130
-16947	-958	-58	-5786	822	182	-524	70	-170	5144	25720	5144	68986164
-16846	-980	-114	-5876	833	163	-530	69	-172	5145	25725	5145	68986172
-16806	-902	-92	-5999	877	156	-531	69	-173	5146	25730	5146	68986172
-16776	-936	-98	-6115	936	136	-523	73	-175	5147	25735	5147	68986172
-16732	-922	-194	-6253	1010	119	-523	73	-175	5148	25740	5148	68986172
-16640	-912	-218	-6397	1056	92	-526	72	-174	5149	25745	5149	68986172
-16583	-959	-171	-6514	1089	65	-526	72	-174	5150	25750	5150	68986172
-16558	-987	-237	-6639	1106	39	-525	76	-172	5151	25755	5151	68986172
-16477	-998	-315	-6779	1084	20	-525	77	-171	5152	25760	5152	68986179
-16479	-1048	-271	-6921	1046	5	-526	75	-173	5153	25765	5153	68986206
-16526	-1012	-240	-7057	994	-10	-526	74	-174	5154	25770	5154	68986213
-16460	-978	-260	-7214	946	-38	-523	75	-165	5155	25775	5155	68986214
-16536	-1008	-300	-7345	887	-67	-523	75	-165	5156	25780	5156	68986214
-16542	-986	-368	-7455	844	-105	-529	75	-171	5157	25785	5157	68986215
-16684	-864	-338	-7567	819	-144	-529	75	-171	5158	25790	5158	68986216
-16682	-878	-190	-7654	797	-186	-527	77	-169	5159	25795	5159	68986216
-16764	-800	-358	-7736	790	-230	-527	77	-169	5160	25800	5160	68986217
-16768	-812	-178	-7819	782	-277	-526	72	-168	5161	25805	5161	68986219
-16680	-814	-172	-7922	771	-324	-526	72	-168	5162	25810	5162	68986219
-16735	-827	-60	-8056	745	-368	-531	71	-171	5163	25815	5163	68986246
-16672	-828	-22	-8147	707	-395	-531	72	-170	5164	25820	5164	68986246
-16640	-775	-63	-8235	659	-410	-529	77	-167	5165	25825	5165	68986247
-16705	-729	-7	-8309	592	-425	-529	77	-168	5166	25830	5166	68986247
-16724	-749	64	-8389	526	-430	-528	78	-170	5167	25835	5167	68986247
-16672	-742	36	-8463	473	-428	-528	78	-170	5168	25840	5168	68986247
-16822	-744	74	-8544	399	-406	-527	75	-169	5169	25845	5169	68986247
-16820	-648	124	-8638	326	-406	-527	75	-169	5170	25850	5170	68986292
-16846	-600	226	-8722	268	-380	-525	79	-167	5171	25855	5171	68986293
-16899	-598	267	-8837	245	-363	-526	79	-167	5172	25860	5172	68986294
-16932	-596	283	-8928	237	-361	-531	79	-165	5173	25865	5173	68986294
-17002	-638	255	-9040	240	-360	-530	78	-163	5174	25870	5174	68986295
-17082	-678	220	-9154	270	-358	-527	73	-157	5175	25875	5175	68986295
-17077	-690	310	-9283	344	-379	-527	73	-160	5176	25880	5176	68986296
-17028	-730	238	-9415	461	-380	-526	72	-172	5177	25885	5177	68986301
-17052	-735	211	-9546	602	-383	-527	72	-170	5178	25890	5178	68986321
-17080	-729	160	-9701	762	-413	-529	71	-163	5179	25895	5179	68986321
-17032	-746	42	-9869	914	-449	-529	69	-167	5180	25900	5180	68986321
-16944	-732	-41	-10012	1035	-484	-529	67	-173	5181	25905	5181	68986321
-16844	-746	-92	-10141	1139	-507	-529	69	-168	5182	25910	5182	68986322
-16772	-736	-69	-10255	1194	-524	-529	73	-161	5183	25915	5183	68986322
-16696	-754	-89	-10378	1190	-542	-528	73	-163	5184	25920	5184	68986328
-16629	-761	-75	-10498	1142	-541	-526	74	-166	5185	25925	5185	68986346
-16600	-774	-63	-10604	1057	-533	-526	74	-165	5186	25930	5186	68986362
-16595	-794	-50	-10742	920	-542	-527	73	-163	5187	25935	5187	68986362
-16584	-784	8	-10867	767	-546	-528	75	-162	5188	25940	5188	68986362
-16661	-717	26	-10977	646	-545	-529	79	-161	5189	25945	5189	68986363
-16717	-616	27	-11085	555	-557	-530	78	-163	5190	25950	5190	68986363
-16828	-554	44	-11170	499	-570	-531	77	-165	5191	25955	5191	68986363
-16849	-536	118	-11233	500	-584	-531	74	-165	5192	25960	5192	68986373
-16901	-484	118	-11275	559	-603	-530	70	-164	5193	25965	5193	68986390
-16969	-418	118	-11296	635	-611	-529	73	-162	5194	25970	5194	68986396
-17000	-368	130	-11309	730	-621	-528	78	-160	5195	25975	5195	68986396
-16974	-287	114	-11342	863	-634	-527	77	-163	5196	25980	5196	68986397
-16978	-253	88	-11367	992	-637	-526	76	-166	5197	25985	5197	68986397
-16944	-200	130	-11381	1086	-656	-530	74	-162	5198	25990	5198	68986397
-16896	-155	121	-11391	1161	-675	-532	72	-160	5199	25995	5199	68986402
-16852	-139	99	-11407	1213	-684	-527	73	-160	5200	26000	5200	68986423
-16841	-106	48	-11439	1231	-714	-524	74	-160	5201	26005	5201	68986435
-16801	-69	22	-11482	1218	-739	-527	74	-158	5202	26010	5202	68986435
-16787	-42	56	-11526	1195	-746	-530	74	-156	5203	26015	5203	68986435
-16804	-6	95	-11569	1159	-746	-532	74	-156	5204	26020	5204	68986435
-16770	-2	68	-11615	1106	-741	-534	74	-156	5205	26025	5205	68986435
-16770	-38	41	-11652	1064	-733	-531	75	-158	5206	26030	5206	68986435
-16802	-34	68	-11680	1009	-737	-529	75	-159	5207	26035	5207	68986456
-16833	-18	50	-11693	958	-735	-528	77	-156	5208	26040	5208	68986470
-16835	-3	20	-11689	959	-722	-528	78	-154	5209	26045	5209	68986470
-16924	10	16	-11667	1023	-717	-527	76	-158	5210	26050	5210	68986470
-17012	-2	-53	-11635	1147	-722	-527	75	-161	5211	26055	5211	68986470
-17032	-16	-84	-11599	1303	-739	-528	76	-156	5212	26060	5212	68986470
-17091	-38	-118	-11555	1517	-784	-528	76	-152	5213	26065	5213	68986471
-17022	-22	-196	-11515	1758	-841	-526	73	-155	5214	26070	5214	68986479
-16981	-42	-233	-11509	1988	-874	-526	72	-156	5215	26075	5215	68986503
-16920	-27	-208	-11519	2160	-890	-531	75	-156	5216	26080	5216	68986508
-16812	-12	-237	-11503	2246	-934	-532	76	-156	5217	26085	5217	68986508
-16714	-20	-284	-11471	2277	-969	-530	71	-158	5218	26090	5218	68986508
-16735	5	-369	-11451	2276	-1018	-530	70	-158	5219	26095	5219	68986508
-16766	-14	-357	-11448	2247	-1051	-528	74	-159	5220	26100	5220	68986508
-16746	-15	-396	-11432	2210	-1058	-527	77	-159	5221	26105	5221	68986508
-16678	-85	-388	-11405	2181	-1100	-521	78	-157	5222	26110	5222	68986530
-16678	-30	-470	-11402	2117	-1097	-520	78	-156	5223	26115	5223	68986546
-16690	-9	-486	-11395	2027	-1087	-525	76	-151	5224	26120	5224	68986549
-16766	-18	-375	-11383	1925	-1086	-526	76	-150	5225	26125	5225	68986549
-16837	-81	-334	-11378	1806	-1076	-532	78	-151	5226	26130	5226	68986549
-16909	-102	-485	-11359	1688	-1084	-533	79	-151	5227	26135	5227	68986549
-16961	-182	-460	-11362	1590	-1092	-531	77	-154	5228	26140	5228	68986549
-16957	-167	-522	-11411	1501	-1107	-531	77	-155	5229	26145	5229	68986555
-17032	-138	-486	-11540	1404	-1115	-526	78	-152	5230	26150	5230	68986585
-16980	-184	-486	-11614	1393	-1139	-526	78	-152	5231	26155	5231	68986585
-16940	-152	-520	-11687	1382	-1160	-526	80	-150	5232	26160	5232	68986585
-16860	-130	-472	-11763	1343	-1194	-526	80	-150	5233	26165	5233	68986585
-16892	-168	-526	-11831	1288	-1234	-528	78	-156	5234	26170	5234	68986585
-16788	-106	-602	-11881	1262	-1304	-528	78	-156	5235	26175	5235	68986585
-16792	-160	-580	-11959	1265	-1346	-527	73	-147	5236	26180	5236	68986586
-16760	-147	-635	-11979	1251	-1398	-527	73	-147	5237	26185	5237	68986619
-16746	-154	-604	-11991	1181	-1460	-527	75	-147	5238	26190	5238	68986626
-16656	-14	-732	-12014	1112	-1523	-527	75	-147	5239	26195	5239	68986626
-16652	4	-870	-12010	1061	-1588	-529	77	-151	5240	26200	5240	68986626
-16586	38	-720	-12009	1011	-1604	-529	77	-151	5241	26205	5241	68986626
-16582	-32	-748	-11974	980	-1616	-528	76	-152	5242	26210	5242	68986627
-16540	16	-660	-11950	936	-1645	-528	76	-152	5243	26215	5243	68986627
-16524	-34	-814	-11936	875	-1646	-528	70	-144	5244	26220	5244	68986627
-16522	30	-854	-11959	832	-1651	-528	70	-144	5245	26225	5245	68986642
-16466	-100	-710	-11971	805	-1656	-528	76	-148	5246	26230	5246	68986663
-16494	-80	-697	-11999	775	-1660	-528	76	-147	5247	26235	5247	68986663
-16572	-37	-598	-12002	736	-1679	-530	78	-142	5248	26240	5248	68986664
-16511	-28	-650	-12008	709	-1695	-529	79	-145	5249	26245	5249	68986664
-16552	1	-576	-12032	662	-1701	-526	82	-156	5250	26250	5250	68986664
-16680	19	-633	-12054	618	-1718	-527	81	-154	5251	26255	5251	68986665
-16699	-37	-578	-12085	579	-1727	-530	78	-146	5252	26260	5252	68986666
-16692	-115	-528	-12104	569	-1747	-529	78	-147	5253	26265	5253	68986677
-16720	-120	-646	-12108	570	-1800	-523	79	-149	5254	26270	5254	68986700
-16792	-145	-637	-12129	649	-1852	-523	78	-148	5255	26275	5255	68986700
-16810	-169	-611	-12137	699	-1891	-524	76	-146	5256	26280	5256	68986700
-16855	-174	-594	-12094	762	-1935	-524	76	-144	5257	26285	5257	68986700
-16932	-102	-545	-12051	829	-1961	-525	77	-137	5258	26290	5258	68986700
-17020	-79	-659	-12040	913	-1990	-525	77	-138	5259	26295	5259	68986701
-16986	-76	-651	-12020	995	-2012	-524	78	-144	5260	26300	5260	68986715
-16961	-51	-660	-12014	1070	-2052	-524	78	-143	5261	26305	5261	68986773
-16875	-16	-657	-12033	1123	-2074	-524	80	-140	5262	26310	5262	68986780
-16819	110	-674	-12026	1140	-2091	-524	81	-140	5263	26315	5263	68986781
-16748	126	-707	-12013	1123	-2086	-523	83	-141	5264	26320	5264	68986781
-16674	84	-759	-11989	1102	-2080	-522	83	-143	5265	26325	5265	68986781
-16643	112	-773	-11970	1073	-2065	-520	82	-146	5266	26330	5266	68986781
-16673	198	-871	-11956	1033	-2045	-520	81	-144	5267	26335	5267	68986784
-16663	253	-1000	-11949	984	-2026	-521	79	-141	5268	26340	5268	68986800
-16606	238	-1058	-11949	920	-1978	-520	80	-140	5269	26345	5269	68986818
-16568	299	-1082	-11959	841	-1920	-519	81	-139	5270	26350	5270	68986819
-16549	395	-1112	-11965	752	-1867	-521	81	-140	5271	26355	5271	68986819
-16602	448	-1180	-11966	669	-1802	-525	81	-141	5272	26360	5272	68986819
-16640	432	-1146	-11952	608	-1744	-523	81	-141	5273	26365	5273	68986819
-16630	400	-1084	-11917	576	-1706	-520	82	-142	5274	26370	5274	68986819
-16670	387	-1107	-11869	575	-1687	-518	82	-139	5275	26375	5275	68986819
-16663	421	-1086	-11804	629	-1668	-515	81	-135	5276	26380	5276	68986819
-16652	462	-1020	-11739	699	-1664	-515	83	-135	5277	26385	5277	68986819
-16652	446	-949	-11692	754	-1658	-515	87	-135	5278	26390	5278	68986819
-16606	433	-923	-11672	784	-1647	-519	85	-135	5279	26395	5279	68986819
-16585	422	-905	-11670	775	-1668	-523	83	-135	5280	26400	5280	68986827
-16540	335	-844	-11646	725	-1708	-517	81	-137	5281	26405	5281	68986832
-16563	252	-761	-11638	645	-1750	-513	79	-139	5282	26410	5282	68986832
-16587	210	-789	-11639	557	-1780	-515	81	-137	5283	26415	5283	68986832
-16562	220	-810	-11616	483	-1795	-516	82	-136	5284	26420	5284	68986851
-16586	191	-793	-11571	419	-1816	-516	83	-136	5285	26425	5285	68986863
-16635	208	-784	-11526	384	-1838	-516	84	-136	5286	26430	5286	68986863
-16600	231	-882	-11484	351	-1854	-518	79	-137	5287	26435	5287	68986864
-16608	237	-906	-11447	312	-1859	-520	76	-138	5288	26440	5288	68986864
-16720	303	-979	-11419	285	-1853	-519	80	-135	5289	26445	5289	68986864
-16789	313	-1017	-11395	269	-1832	-519	83	-133	5290	26450	5290	68986864
-16773	308	-942	-11380	272	-1798	-517	82	-135	5291	26455	5291	68986869
-16743	247	-948	-11357	308	-1763	-516	82	-136	5292	26460	5292	68986885
-16752	253	-912	-11322	367	-1713	-517	83	-137	5293	26465	5293	68986893
-16721	299	-887	-11276	440	-1652	-518	84	-138	5294	26470	5294	68986893
-16727	250	-914	-11197	517	-1575	-516	86	-135	5295	26475	5295	68986893
-16720	170	-900	-11121	557	-1492	-515	87	-133	5296	26480	5296	68986893
-16649	164	-881	-11089	534	-1478	-516	85	-134	5297	26485	5297	68986893
-16648	209	-851	-11049	515	-1453	-516	84	-134	5298	26490	5298	68986893
-16615	236	-796	-10986	505	-1419	-512	80	-130	5299	26495	5299	68986893
-16612	197	-806	-10887	485	-1432	-511	79	-129	5300	26500	5300	68986901
-16612	218	-906	-10791	451	-1462	-513	81	-131	5301	26505	5301	68986928
-16626	245	-940	-10730	443	-1468	-513	81	-131	5302	26510	5302	68986934
-16632	256	-1086	-10691	456	-1486	-513	78	-129	5303	26515	5303	68986935
-16602	253	-1111	-10682	470	-1463	-513	77	-129	5304	26520	5304	68986935
-16580	202	-1016	-10648	480	-1467	-518	80	-130	5305	26525	5305	68986935
-16563	179	-1073	-10660	465	-1483	-518	80	-130	5306	26530	5306	68986935
-16574	326	-1065	-10656	445	-1512	-514	82	-126	5307	26535	5307	68986942
-16533	393	-969	-10679	389	-1500	-513	83	-125	5308	26540	5308	68986966
-16548	331	-927	-10683	302	-1473	-513	80	-131	5309	26545	5309	68986971
-16517	359	-882	-10701	186	-1436	-513	79	-133	5310	26550	5310	68986971
-16540	308	-886	-10676	79	-1382	-515	83	-132	5311	26555	5311	68986971
-16582	252	-999	-10654	8	-1328	-516	84	-132	5312	26560	5312	68986972
-16560	238	-994	-10614	-14	-1242	-507	79	-133	5313	26565	5313	68986972
-16572	122	-1030	-10523	25	-1183	-507	79	-133	5314	26570	5314	68986981
-16576	160	-1068	-10395	101	-1131	-510	84	-128	5315	26575	5315	68987010
-16642	144	-1116	-10278	209	-1078	-510	84	-128	5316	26580	5316	68987011
-16630	162	-1046	-10191	338	-1029	-504	86	-126	5317	26585	5317	68987012
-16626	184	-1100	-10061	454	-1009	-504	86	-126	5318	26590	5318	68987012
-16528	8	-990	-9939	541	-993	-508	90	-128	5319	26595	5319	68987013
-16578	124	-1102	-9808	559	-1056	-508	90	-128	5320	26600	5320	68987014
-16626	166	-1128	-9799	579	-1038	-508	88	-122	5321	26605	5321	68987015
-16608	143	-1105	-9725	636	-1036	-508	87	-122	5322	26610	5322	68987037
-16528	146	-1102	-9676	660	-1033	-505	79	-123	5323	26615	5323	68987038
-16554	172	-1038	-9607	662	-1064	-505	79	-123	5324	26620	5324	68987038
-16496	220	-1012	-9557	613	-1061	-507	77	-123	5325	26625	5325	68987038
-16536	308	-1064	-9529	606	-1060	-507	77	-123	5326	26630	5326	68987038
-16538	314	-1144	-9505	580	-1057	-506	88	-122	5327	26635	5327	68987038
-16544	322	-1100	-9479	556	-1063	-506	88	-122	5328	26640	5328	68987038
-16512	264	-1170	-9417	548	-1050	-505	87	-125	5329	26645	5329	68987048
-16548	205	-1086	-9373	553	-1030	-505	86	-125	5330	26650	5330	68987076
-16568	228	-1057	-9315	549	-1030	-503	83	-125	5331	26655	5331	68987076
-16582	250	-1072	-9234	535	-1020	-503	83	-125	5332	26660	5332	68987076
-16564	289	-1048	-9149	513	-985	-502	84	-126	5333	26665	5333	68987077
-16610	343	-1037	-9078	467	-929	-502	85	-125	5334	26670	5334	68987077
-16579	350	-986	-9035	422	-902	-500	88	-122	5335	26675	5335	68987077
-16659	359	-988	-8982	380	-853	-500	87	-122	5336	26680	5336	68987081
-16719	346	-974	-8887	319	-828	-501	85	-121	5337	26685	5337	68987101
-16759	317	-998	-8792	269	-823	-500	85	-123	5338	26690	5338	68987114
-16754	299	-1014	-8729	240	-810	-499	85	-127	5339	26695	5339	68987114
-16713	232	-1073	-8663	219	-801	-501	86	-126	5340	26700	5340	68987114
-16741	238	-1090	-8569	216	-800	-505	87	-123	5341	26705	5341	68987114
-16742	224	-1093	-8478	223	-809	-503	88	-123	5342	26710	5342	68987114
-16718	188	-1138	-8413	255	-817	-497	91	-125	5343	26715	5343	68987122
-16667	146	-1158	-8350	303	-805	-498	89	-124	5344	26720	5344	68987152
-16614	147	-1216	-8289	350	-783	-503	83	-119	5345	26725	5345	68987152
-16567	57	-1138	-8204	348	-766	-503	82	-121	5346	26730	5346	68987152
-16522	26	-1171	-8087	303	-763	-501	77	-125	5347	26735	5347	68987153
-16480	6	-1190	-7994	248	-759	-502	79	-121	5348	26740	5348	68987153
-16461	8	-1208	-7928	185	-757	-504	82	-116	5349	26745	5349	68987154
-16449	-9	-1186	-7885	113	-750	-503	82	-120	5350	26750	5350	68987163
-16435	-104	-1106	-7856	40	-738	-502	82	-126	5351	26755	5351	68987192
-16434	-140	-1082	-7850	-28	-733	-502	84	-124	5352	26760	5352	68987217
-16467	-106	-1050	-7844	-93	-731	-503	87	-121	5353	26765	5353	68987218
-16506	-112	-991	-7831	-162	-739	-500	87	-121	5354	26770	5354	68987219
-16566	-127	-940	-7796	-211	-735	-497	87	-121	5355	26775	5355	68987220
-16612	-124	-858	-7740	-220	-714	-499	88	-123	5356	26780	5356	68987220
-16642	-95	-856	-7674	-206	-685	-500	88	-124	5357	26785	5357	68987221
-16683	-69	-911	-7603	-192	-659	-502	87	-123	5358	26790	5358	68987237
-16710	-32	-940	-7530	-171	-631	-503	85	-121	5359	26795	5359	68987252
-16704	17	-936	-7469	-131	-603	-499	87	-121	5360	26800	5360	68987252
-16748	39	-876	-7426	-82	-580	-494	90	-120	5361	26805	5361	68987252
-16808	74	-841	-7383	-43	-544	-496	87	-119	5362	26810	5362	68987252
-16817	131	-790	-7324	-3	-501	-498	82	-118	5363	26815	5363	68987252
-16810	174	-675	-7249	12	-459	-501	83	-119	5364	26820	5364	68987253
-16804	238	-754	-7182	-17	-415	-503	83	-119	5365	26825	5365	68987253
-16822	314	-841	-7112	-57	-375	-499	86	-123	5366	26830	5366	68987253
-16786	363	-864	-7044	-102	-338	-496	88	-126	5367	26835	5367	68987253
-16800	402	-930	-6980	-127	-298	-497	85	-122	5368	26840	5368	68987253
-16831	448	-972	-6922	-111	-278	-497	83	-119	5369	26845	5369	68987253
-16831	473	-1072	-6871	-51	-262	-495	85	-120	5370	26850	5370	68987258
-16809	471	-1122	-6806	28	-253	-493	87	-121	5371	26855	5371	68987283
-16788	502	-1129	-6731	108	-251	-496	82	-119	5372	26860	5372	68987290
-16712	561	-1118	-6651	170	-232	-497	81	-119	5373	26865	5373	68987291
-16710	609	-1056	-6570	215	-204	-495	85	-121	5374	26870	5374	68987291
-16678	583	-1013	-6483	227	-193	-494	86	-122	5375	26875	5375	68987291
-16631	560	-1023	-6377	208	-175	-495	85	-118	5376	26880	5376	68987292
-16616	568	-1020	-6263	148	-144	-496	84	-116	5377	26885	5377	68987293
-16617	577	-1036	-6153	86	-130	-498	87	-117	5378	26890	5378	68987301
-16551	586	-1050	-6041	28	-116	-499	89	-117	5379	26895	5379	68987314
-16541	612	-1001	-5919	-27	-96	-495	87	-118	5380	26900	5380	68987319
-16528	626	-1085	-5809	-39	-91	-494	86	-118	5381	26905	5381	68987319
-16484	610	-971	-5702	-38	-79	-492	84	-116	5382	26910	5382	68987319
-16506	625	-960	-5591	-24	-74	-492	84	-116	5383	26915	5383	68987319
-16492	640	-953	-5502	4	-64	-494	83	-114	5384	26920	5384	68987319
-16440	671	-979	-5414	26	-65	-495	83	-113	5385	26925	5385	68987319
-16476	686	-1023	-5334	33	-62	-498	86	-116	5386	26930	5386	68987341
-16480	750	-1040	-5246	27	-51	-499	87	-117	5387	26935	5387	68987354
-16568	740	-1014	-5148	4	-22	-496	92	-124	5388	26940	5388	68987356
-16626	850	-916	-5058	0	-3	-496	92	-124	5389	26945	5389	68987356
-16680	842	-992	-4956	-18	16	-495	85	-123	5390	26950	5390	68987357
-16754	830	-946	-4871	-20	32	-495	85	-123	5391	26955	5391	68987357
-16784	888	-999	-4787	-15	59	-493	90	-118	5392	26960	5392	68987357
-16796	908	-1063	-4685	2	90	-493	91	-117	5393	26965	5393	68987379
-16830	932	-1130	-4584	43	108	-496	89	-117	5394	26970	5394	68987392
-16780	906	-1040	-4490	95	113	-497	89	-117	5395	26975	5395	68987394
-16804	942	-1088	-4404	153	116	-489	87	-117	5396	26980	5396	68987394
-16748	892	-1106	-4333	210	125	-489	87	-117	5397	26985	5397	68987395
-16684	912	-1052	-4262	230	118	-494	90	-118	5398	26990	5398	68987395
-16662	816	-1056	-4182	243	114	-494	90	-118	5399	26995	5399	68987403
-16644	744	-1092	-4103	202	108	-495	93	-121	5400	27000	5400	68987428
-16584	724	-1016	-4032	144	97	-495	93	-121	5401	27005	5401	68987429
-16552	674	-1036	-3934	79	83	-494	84	-118	5402	27010	5402	68987429
-16562	594	-1062	-3841	-21	85	-494	84	-118	5403	27015	5403	68987429
-16568	518	-972	-3745	-104	80	-498	88	-116	5404	27020	5404	68987430
-16577	499	-1015	-3610	-236	92	-497	87	-116	5405	27025	5405	68987430
-16634	478	-937	-3498	-329	114	-493	81	-115	5406	27030	5406	68987431
-16625	433	-988	-3396	-404	115	-493	82	-115	5407	27035	5407	68987440
-16674	403	-962	-3318	-429	126	-494	88	-116	5408	27040	5408	68987462
-16733	394	-1016	-3259	-420	132	-494	88	-116	5409	27045	5409	68987462
-16738	416	-1048	-3208	-408	134	-495	85	-115	5410	27050	5410	68987462
-16786	344	-986	-3153	-377	158	-495	85	-115	5411	27055	5411	68987463
-16800	400	-1014	-3092	-338	163	-500	88	-116	5412	27060	5412	68987463
-16736	351	-960	-3036	-294	176	-499	87	-117	5413	27065	5413	68987478
-16758	374	-873	-2989	-274	191	-493	85	-119	5414	27070	5414	68987500
