-14882	-5324	-4748	826	-173	635	-94	200	-84	4843	24215	4843	68984587
-14956	-5338	-4757	822	-141	652	-94	199	-84	4844	24220	4844	68984589
-15022	-5361	-4833	801	-110	657	-93	197	-85	4845	24225	4845	68984602
-15074	-5358	-4902	792	-75	681	-93	197	-85	4846	24230	4846	68984624
-15100	-5325	-4936	774	-31	689	-93	199	-85	4847	24235	4847	68984624
-15178	-5287	-5036	759	7	695	-94	199	-85	4848	24240	4848	68984625
-15205	-5246	-5042	775	62	704	-97	201	-87	4849	24245	4849	68984625
-15255	-5222	-4995	797	124	717	-96	202	-86	4850	24250	4850	68984625
-15313	-5213	-5084	832	185	721	-92	204	-82	4851	24255	4851	68984625
-15415	-5169	-5062	883	246	730	-91	202	-84	4852	24260	4852	68984629
-15453	-5078	-5038	943	299	758	-89	199	-87	4853	24265	4853	68984640
-15487	-5024	-5029	1038	372	781	-89	199	-86	4854	24270	4854	68984662
-15495	-4997	-5098	1144	459	791	-90	200	-84	4855	24275	4855	68984662
-15451	-4959	-5042	1251	536	815	-91	200	-84	4856	24280	4856	68984662
-15472	-4984	-5070	1371	612	839	-94	200	-82	4857	24285	4857	68984663
-15453	-4981	-5164	1505	697	858	-94	200	-83	4858	24290	4858	68984663
-15500	-4909	-5097	1616	786	874	-93	199	-85	4859	24295	4859	68984663
-15513	-4908	-5140	1753	877	898	-93	199	-85	4860	24300	4860	68984673
-15478	-4844	-5157	1930	985	914	-92	200	-84	4861	24305	4861	68984699
-15422	-4792	-5186	2081	1085	916	-92	201	-86	4862	24310	4862	68984699
-15369	-4788	-5194	2221	1204	929	-93	203	-89	4863	24315	4863	68984699
-15331	-4784	-5199	2371	1318	937	-94	203	-89	4864	24320	4864	68984699
-15313	-4752	-5214	2534	1431	940	-96	204	-88	4865	24325	4865	68984699
-15272	-4727	-5249	2697	1550	946	-96	200	-86	4866	24330	4866	68984699
-15221	-4695	-5195	2874	1677	957	-95	193	-83	4867	24335	4867	68984703
-15166	-4674	-5184	3075	1817	966	-93	200	-82	4868	24340	4868	68984723
-15156	-4608	-5144	3279	1963	980	-90	206	-80	4869	24345	4869	68984737
-15172	-4530	-5044	3461	2109	1005	-91	198	-82	4870	24350	4870	68984737
-15125	-4478	-5070	3655	2253	1021	-92	192	-84	4871	24355	4871	68984738
-15134	-4393	-5098	3835	2379	1038	-91	194	-83	4872	24360	4872	68984738
-15166	-4292	-5030	4026	2503	1070	-90	196	-82	4873	24365	4873	68984738
-15203	-4224	-4954	4260	2640	1121	-92	197	-85	4874	24370	4874	68984738
-15302	-4162	-4907	4498	2783	1168	-95	199	-89	4875	24375	4875	68984743
-15377	-4102	-4887	4732	2935	1221	-95	199	-89	4876	24380	4876	68984760
-15434	-4024	-4912	4998	3110	1294	-94	198	-88	4877	24385	4877	68984775
-15412	-3926	-4828	5284	3277	1362	-92	197	-85	4878	24390	4878	68984775
-15423	-3852	-4791	5555	3428	1430	-91	197	-83	4879	24395	4879	68984775
-15432	-3783	-4820	5823	3579	1503	-93	202	-89	4880	24400	4880	68984776
-15449	-3777	-4755	6080	3724	1576	-95	205	-93	4881	24405	4881	68984776
-15474	-3770	-4659	6338	3862	1652	-92	200	-90	4882	24410	4882	68984777
-15484	-3732	-4634	6608	4010	1739	-90	196	-88	4883	24415	4883	68984802
-15554	-3693	-4686	6872	4157	1835	-93	194	-90	4884	24420	4884	68984818
-15599	-3654	-4623	7176	4310	1954	-95	193	-91	4885	24425	4885	68984819
-15728	-3635	-4540	7458	4461	2055	-93	191	-95	4886	24430	4886	68984819
-15739	-3578	-4509	7750	4613	2158	-92	190	-96	4887	24435	4887	68984820
-15744	-3556	-4450	8026	4753	2253	-90	190	-94	4888	24440	4888	68984820
-15704	-3562	-4374	8277	4872	2317	-90	190	-94	4889	24445	4889	68984820
-15742	-3526	-4232	8545	5000	2404	-90	195	-94	4890	24450	4890	68984822
-15780	-3462	-4251	8922	5148	2501	-90	196	-94	4891	24455	4891	68984840
-15801	-3381	-4215	9178	5259	2592	-91	199	-95	4892	24460	4892	68984844
-15870	-3467	-4168	9414	5381	2668	-92	200	-96	4893	24465	4893	68984844
-15882	-3453	-4030	9681	5504	2723	-93	191	-94	4894	24470	4894	68984844
-15902	-3424	-4012	10043	5615	2814	-93	189	-93	4895	24475	4895	68984844
-15996	-3414	-4040	10379	5737	2896	-88	191	-99	4896	24480	4896	68984844
-16044	-3478	-3891	10590	5830	2964	-87	191	-101	4897	24485	4897	68984845
-16045	-3532	-3754	10837	5912	3002	-91	192	-99	4898	24490	4898	68984854
-16082	-3552	-3808	11131	6007	3070	-92	192	-98	4899	24495	4899	68984876
-16001	-3508	-3762	11372	6091	3139	-87	190	-100	4900	24500	4900	68984881
-16058	-3611	-3637	11588	6149	3173	-86	190	-100	4901	24505	4901	68984881
-16076	-3704	-3600	11825	6219	3229	-86	190	-102	4902	24510	4902	68984881
-16072	-3680	-3616	11990	6283	3265	-86	190	-102	4903	24515	4903	68984881
-16104	-3758	-3562	12107	6328	3315	-87	185	-99	4904	24520	4904	68984892
-16120	-3822	-3634	12212	6373	3352	-87	185	-99	4905	24525	4905	68984932
-16112	-3826	-3604	12289	6413	3396	-87	181	-109	4906	24530	4906	68984932
-16134	-3790	-3562	12351	6453	3431	-87	181	-109	4907	24535	4907	68984932
-16126	-3826	-3494	12386	6504	3463	-85	183	-107	4908	24540	4908	68984932
-16140	-3818	-3680	12420	6523	3502	-85	183	-107	4909	24545	4909	68984933
-16132	-3866	-3407	12417	6573	3549	-87	183	-105	4910	24550	4910	68984933
-16082	-3860	-3403	12419	6611	3590	-86	182	-106	4911	24555	4911	68984937
-16129	-3825	-3395	12390	6631	3636	-84	180	-108	4912	24560	4912	68984951
-16092	-3768	-3502	12397	6650	3675	-84	180	-108	4913	24565	4913	68984973
-16082	-3798	-3370	12346	6689	3725	-80	186	-108	4914	24570	4914	68984973
-16116	-3750	-3334	12313	6714	3785	-80	186	-108	4915	24575	4915	68984973
-16138	-3706	-3304	12336	6757	3838	-83	185	-109	4916	24580	4916	68984973
-16136	-3582	-3242	12319	6781	3938	-83	185	-109	4917	24585	4917	68984973
-15986	-3566	-3292	12359	6822	4016	-75	181	-107	4918	24590	4918	68984973
-16024	-3528	-3273	12363	6858	4097	-77	180	-107	4919	24595	4919	68984981
-16057	-3569	-3244	12427	6904	4186	-85	177	-109	4920	24600	4920	68985011
-16039	-3522	-3271	12517	6942	4301	-84	177	-109	4921	24605	4921	68985012
-16088	-3534	-3255	12543	6984	4411	-79	179	-107	4922	24610	4922	68985012
-16122	-3482	-3187	12603	7040	4520	-79	178	-108	4923	24615	4923	68985013
-16176	-3446	-3234	12749	7105	4640	-78	176	-114	4924	24620	4924	68985014
-16094	-3406	-3284	12872	7163	4779	-78	176	-114	4925	24625	4925	68985015
-16060	-3415	-3173	12952	7225	4901	-76	178	-114	4926	24630	4926	68985016
-16113	-3425	-3101	13103	7292	5030	-75	178	-116	4927	24635	4927	68985017
-16159	-3472	-3091	13231	7360	5161	-74	178	-118	4928	24640	4928	68985018
-16182	-3536	-3074	13332	7427	5296	-75	178	-116	4929	24645	4929	68985030
-16163	-3550	-3026	13467	7488	5419	-77	177	-113	4930	24650	4930	68985048
-16163	-3549	-3031	13617	7564	5557	-73	176	-117	4931	24655	4931	68985048
-16120	-3583	-3053	13723	7639	5698	-66	174	-124	4932	24660	4932	68985048
-16158	-3634	-3001	13798	7697	5809	-67	173	-123	4933	24665	4933	68985049
-16177	-3676	-2904	13897	7759	5926	-73	169	-117	4934	24670	4934	68985049
-16199	-3667	-2859	14021	7835	6071	-73	170	-118	4935	24675	4935	68985049
-16127	-3676	-2870	14074	7926	6233	-71	171	-121	4936	24680	4936	68985053
-16114	-3753	-2813	14098	7983	6350	-70	171	-120	4937	24685	4937	68985068
-16108	-3805	-2730	14235	8044	6462	-68	172	-118	4938	24690	4938	68985084
-16146	-3852	-2658	14472	8113	6597	-68	173	-120	4939	24695	4939	68985084
-16160	-3937	-2603	14638	8176	6736	-68	174	-122	4940	24700	4940	68985084
-16156	-3990	-2624	14733	8229	6858	-66	172	-123	4941	24705	4941	68985084
-16181	-4078	-2624	14825	8280	6964	-64	168	-124	4942	24710	4942	68985084
-16173	-4187	-2569	14951	8332	7094	-66	169	-124	4943	24715	4943	68985084
-16225	-4245	-2606	15098	8386	7237	-67	169	-123	4944	24720	4944	68985098
-16249	-4269	-2486	15192	8442	7342	-66	167	-122	4945	24725	4945	68985114
-16252	-4363	-2453	15246	8494	7440	-66	166	-122	4946	24730	4946	68985118
-16252	-4504	-2449	15318	8535	7543	-63	167	-126	4947	24735	4947	68985119
-16286	-4583	-2506	15429	8575	7652	-61	167	-129	4948	24740	4948	68985119
-16272	-4606	-2480	15501	8598	7755	-63	166	-130	4949	24745	4949	68985119
-16210	-4716	-2402	15535	8626	7855	-65	165	-131	4950	24750	4950	68985120
-16172	-4834	-2297	15569	8660	7948	-63	167	-127	4951	24755	4951	68985120
-16213	-4879	-2298	15626	8686	8060	-62	168	-124	4952	24760	4952	68985146
-16295	-4937	-2301	15701	8709	8152	-63	163	-127	4953	24765	4953	68985156
-16290	-5000	-2268	15729	8740	8253	-63	161	-129	4954	24770	4954	68985156
-16264	-5078	-2256	15735	8760	8347	-61	162	-129	4955	24775	4955	68985156
-16299	-5192	-2163	15762	8780	8435	-59	163	-129	4956	24780	4956	68985157
-16335	-5263	-2164	15782	8802	8525	-55	161	-131	4957	24785	4957	68985157
-16381	-5296	-2171	15809	8823	8619	-52	160	-132	4958	24790	4958	68985157
-16404	-5320	-2147	15876	8832	8716	-51	160	-132	4959	24795	4959	68985179
-16404	-5331	-2079	15930	8856	8830	-50	160	-132	4960	24800	4960	68985193
-16454	-5383	-2034	15954	8858	8922	-52	161	-130	4961	24805	4961	68985193
-16343	-5463	-1999	15991	8871	9000	-53	161	-129	4962	24810	4962	68985193
-16256	-5445	-2042	16068	8876	9098	-51	163	-129	4963	24815	4963	68985193
-16181	-5519	-2000	16145	8878	9198	-51	163	-129	4964	24820	4964	68985193
-16171	-5610	-1876	16182	8868	9286	-49	160	-134	4965	24825	4965	68985193
-16150	-5668	-1838	16223	8854	9361	-49	159	-135	4966	24830	4966	68985193
-16126	-5673	-1881	16284	8861	9444	-47	161	-134	4967	24835	4967	68985215
-16080	-5754	-1833	16330	8844	9532	-46	162	-134	4968	24840	4968	68985228
-16054	-5872	-1850	16399	8838	9620	-46	164	-130	4969	24845	4969	68985231
-16146	-5846	-1812	16387	8829	9688	-46	164	-130	4970	24850	4970	68985231
-16138	-5918	-1678	16493	8818	9758	-46	158	-128	4971	24855	4971	68985231
-16036	-5954	-1708	16571	8812	9838	-46	158	-128	4972	24860	4972	68985231
-16118	-5934	-1615	16594	8785	9891	-45	157	-129	4973	24865	4973	68985232
-16049	-5984	-1543	16680	8758	9934	-45	157	-129	4974	24870	4974	68985238
-15988	-6004	-1461	16740	8739	10004	-35	157	-132	4975	24875	4975	68985271
-15989	-6145	-1354	16811	8686	10068	-33	157	-133	4976	24880	4976	68985280
-15946	-6176	-1238	16867	8648	10132	-42	154	-134	4977	24885	4977	68985280
-15928	-6230	-1294	16881	8604	10199	-42	154	-134	4978	24890	4978	68985280
-15996	-6290	-1264	16926	8550	10284	-38	154	-128	4979	24895	4979	68985280
-15954	-6350	-1188	16959	8504	10355	-38	154	-128	4980	24900	4980	68985281
-15962	-6456	-1328	16992	8474	10427	-40	156	-132	4981	24905	4981	68985281
-15870	-6508	-1246	16994	8424	10483	-40	156	-132	4982	24910	4982	68985314
-15836	-6530	-1170	16969	8350	10535	-37	153	-135	4983	24915	4983	68985314
-15850	-6588	-1288	16936	8290	10601	-37	153	-135	4984	24920	4984	68985314
-15848	-6679	-1151	16888	8216	10658	-40	156	-136	4985	24925	4985	68985314
-15851	-6733	-1152	16827	8158	10704	-38	156	-135	4986	24930	4986	68985314
-15856	-6827	-1126	16743	8110	10738	-29	157	-133	4987	24935	4987	68985314
-15862	-6914	-1156	16660	8060	10756	-29	158	-133	4988	24940	4988	68985316
-15849	-6949	-1021	16566	8004	10791	-30	162	-134	4989	24945	4989	68985332
-15792	-6898	-1031	16482	7942	10830	-30	160	-133	4990	24950	4990	68985355
-15778	-6942	-1010	16390	7873	10844	-30	152	-130	4991	24955	4991	68985356
-15822	-6959	-909	16308	7797	10865	-29	152	-130	4992	24960	4992	68985356
-15790	-6962	-752	16284	7754	10886	-25	151	-131	4993	24965	4993	68985356
-15735	-6977	-792	16203	7663	10917	-24	152	-132	4994	24970	4994	68985356
-15738	-6970	-787	16132	7575	10931	-21	155	-135	4995	24975	4995	68985356
-15755	-6987	-740	16077	7482	10942	-20	155	-135	4996	24980	4996	68985356
-15686	-6935	-639	16049	7381	10980	-16	154	-134	4997	24985	4997	68985356
-15563	-6891	-658	16046	7278	11019	-17	155	-133	4998	24990	4998	68985358
-15608	-6956	-678	16055	7192	11049	-21	161	-129	4999	24995	4999	68985371
-15548	-6986	-639	16047	7092	11063	-21	161	-130	5000	25000	5000	68985393
-15566	-7032	-529	16062	6982	11087	-21	163	-135	5001	25005	5001	68985393
-15565	-7123	-503	16083	6840	11136	-19	165	-135	5002	25010	5002	68985393
-15482	-7128	-453	16083	6728	11164	-17	167	-135	5003	25015	5003	68985393
-15454	-7144	-524	16056	6613	11186	-16	163	-134	5004	25020	5004	68985393
-15520	-7192	-601	16018	6471	11211	-14	158	-132	5005	25025	5005	68985393
-15599	-7218	-576	15981	6332	11240	-14	161	-130	5006	25030	5006	68985425
-15625	-7283	-588	15939	6194	11268	-15	165	-127	5007	25035	5007	68985473
-15630	-7353	-618	15873	6063	11292	-12	165	-128	5008	25040	5008	68985474
-15611	-7377	-567	15797	5937	11308	-8	166	-130	5009	25045	5009	68985474
-15513	-7422	-538	15704	5783	11323	-9	164	-130	5010	25050	5010	68985475
-15488	-7493	-627	15577	5623	11350	-10	162	-130	5011	25055	5011	68985476
-15406	-7544	-681	15460	5502	11369	-14	165	-130	5012	25060	5012	68985476
-15311	-7603	-600	15322	5373	11361	-18	168	-130	5013	25065	5013	68985486
-15264	-7673	-571	15153	5213	11344	-16	170	-130	5014	25070	5014	68985507
-15191	-7673	-622	14988	5056	11352	-12	172	-130	5015	25075	5015	68985515
-15190	-7660	-541	14809	4901	11359	-12	169	-128	5016	25080	5016	68985515
-15197	-7713	-515	14616	4734	11357	-11	165	-125	5017	25085	5017	68985515
-15146	-7740	-493	14417	4545	11341	-9	167	-126	5018	25090	5018	68985516
-15169	-7782	-518	14176	4344	11316	-6	168	-126	5019	25095	5019	68985516
-15163	-7834	-538	14029	4164	11293	-7	169	-125	5020	25100	5020	68985516
-15145	-7925	-525	13893	3985	11280	-7	169	-125	5021	25105	5021	68985527
-15138	-7953	-513	13668	3793	11252	-7	173	-124	5022	25110	5022	68985549
-15116	-7963	-545	13424	3596	11217	-7	175	-123	5023	25115	5023	68985558
-15089	-7984	-553	13177	3405	11188	-7	175	-123	5024	25120	5024	68985558
-15148	-8009	-540	12917	3209	11155	-7	175	-123	5025	25125	5025	68985559
-15226	-8038	-611	12651	3004	11112	-6	176	-121	5026	25130	5026	68985559
-15305	-8096	-626	12329	2763	11061	-5	177	-119	5027	25135	5027	68985559
-15330	-8106	-656	12104	2550	11011	-9	173	-125	5028	25140	5028	68985559
-15303	-8162	-629	11800	2352	10976	-10	172	-126	5029	25145	5029	68985559
-15251	-8170	-602	11514	2132	10907	-5	178	-126	5030	25150	5030	68985559
-15282	-8222	-731	11273	1929	10833	-4	180	-126	5031	25155	5031	68985559
-15284	-8257	-769	11014	1754	10781	-6	175	-123	5032	25160	5032	68985559
-15324	-8269	-765	10724	1554	10707	-7	173	-121	5033	25165	5033	68985559
-15335	-8281	-801	10429	1335	10617	-7	179	-119	5034	25170	5034	68985567
-15286	-8360	-929	10112	1097	10514	-7	183	-117	5035	25175	5035	68985572
-15348	-8392	-1026	9831	887	10419	-9	182	-121	5036	25180	5036	68985572
-15432	-8354	-1048	9583	682	10322	-10	182	-122	5037	25185	5037	68985572
-15374	-8376	-1149	9332	479	10224	-7	180	-124	5038	25190	5038	68985579
-15434	-8365	-1254	9103	293	10118	-6	180	-124	5039	25195	5039	68985597
-15444	-8286	-1282	8910	106	10003	-7	187	-123	5040	25200	5040	68985601
-15514	-8249	-1415	8771	-75	9871	-7	189	-123	5041	25205	5041	68985601
-15527	-8230	-1491	8634	-227	9746	-9	186	-126	5042	25210	5042	68985601
-15523	-8178	-1512	8524	-380	9630	-9	185	-127	5043	25215	5043	68985602
-15582	-8148	-1566	8418	-575	9476	-14	182	-122	5044	25220	5044	68985602
-15540	-8118	-1586	8367	-706	9333	-14	182	-122	5045	25225	5045	68985602
-15550	-8062	-1620	8304	-864	9193	-8	188	-122	5046	25230	5046	68985602
-15532	-8132	-1748	8245	-1007	9060	-8	188	-122	5047	25235	5047	68985637
-15458	-8082	-1818	8192	-1148	8908	-12	186	-116	5048	25240	5048	68985637
-15408	-8036	-1898	8145	-1293	8756	-12	186	-116	5049	25245	5049	68985637
-15294	-8166	-1976	8080	-1419	8604	-11	185	-109	5050	25250	5050	68985637
-15130	-8186	-2022	7996	-1561	8445	-11	185	-109	5051	25255	5051	68985637
-15040	-8166	-2182	7863	-1718	8273	-9	199	-117	5052	25260	5052	68985637
-15072	-8308	-2340	7725	-1863	8124	-9	199	-117	5053	25265	5053	68985637
-15120	-8372	-2476	7611	-1998	7970	-10	198	-122	5054	25270	5054	68985637
-15162	-8416	-2704	7437	-2128	7830	-10	198	-122	5055	25275	5055	68985646
-15166	-8380	-2692	7200	-2240	7690	-17	201	-113	5056	25280	5056	68985667
-15202	-8450	-2950	7035	-2347	7525	-17	201	-113	5057	25285	5057	68985667
-15128	-8458	-3206	6896	-2437	7379	-15	201	-119	5058	25290	5058	68985667
-15076	-8416	-3262	6656	-2523	7228	-15	201	-119	5059	25295	5059	68985667
-15149	-8400	-3480	6422	-2641	7025	-13	197	-117	5060	25300	5060	68985668
-15162	-8333	-3681	6233	-2694	6866	-13	197	-117	5061	25305	5061	68985668
-15248	-8298	-3901	6070	-2743	6707	-13	197	-115	5062	25310	5062	68985673
-15310	-8176	-4038	5900	-2762	6551	-13	197	-115	5063	25315	5063	68985697
-15375	-8017	-4206	5801	-2783	6405	-13	195	-113	5064	25320	5064	68985704
-15437	-7923	-4266	5748	-2784	6270	-13	196	-113	5065	25325	5065	68985704
-15418	-7862	-4322	5670	-2786	6131	-14	200	-114	5066	25330	5066	68985704
-15416	-7739	-4492	5594	-2782	5979	-15	201	-114	5067	25335	5067	68985705
-15394	-7635	-4586	5549	-2767	5830	-21	205	-113	5068	25340	5068	68985712
-15295	-7490	-4512	5566	-2767	5675	-21	205	-112	5069	25345	5069	68985745
-15233	-7387	-4616	5613	-2771	5560	-21	205	-111	5070	25350	5070	68985764
-15169	-7289	-4738	5660	-2771	5461	-20	204	-109	5071	25355	5071	68985764
-15095	-7207	-4815	5717	-2764	5368	-19	203	-105	5072	25360	5072	68985765
-14996	-7122	-4882	5768	-2764	5267	-19	203	-107	5073	25365	5073	68985765
-14920	-7022	-5037	5836	-2791	5176	-17	205	-113	5074	25370	5074	68985766
-14862	-6992	-5198	5897	-2796	5098	-17	205	-113	5075	25375	5075	68985766
-14832	-6985	-5458	5891	-2793	5008	-16	206	-112	5076	25380	5076	68985778
-14824	-7045	-5762	5788	-2783	4913	-16	206	-113	5077	25385	5077	68985810
-14820	-7071	-5959	5667	-2753	4815	-17	207	-115	5078	25390	5078	68985810
-14852	-7081	-6213	5586	-2703	4719	-17	209	-113	5079	25395	5079	68985810
-14859	-7153	-6394	5459	-2641	4629	-17	211	-111	5080	25400	5080	68985811
-14864	-7221	-6451	5237	-2585	4516	-19	209	-107	5081	25405	5081	68985811
-14848	-7225	-6515	5024	-2521	4386	-22	206	-102	5082	25410	5082	68985812
-14758	-7136	-6615	4855	-2446	4267	-20	205	-104	5083	25415	5083	68985812
-14718	-7088	-6617	4637	-2387	4141	-18	204	-106	5084	25420	5084	68985812
-14718	-7057	-6663	4371	-2340	3984	-19	208	-103	5085	25425	5085	68985813
-14716	-7030	-6724	4100	-2296	3829	-20	212	-100	5086	25430	5086	68985814
-14693	-7074	-6723	3797	-2249	3691	-22	210	-104	5087	25435	5087	68985814
-14762	-7142	-6683	3465	-2226	3524	-24	208	-106	5088	25440	5088	68985830
-14776	-7106	-6758	3189	-2194	3355	-24	209	-106	5089	25445	5089	68985842
-14720	-7039	-6830	2906	-2146	3215	-24	210	-106	5090	25450	5090	68985842
-14720	-7009	-6990	2603	-2120	3098	-23	212	-103	5091	25455	5091	68985842
-14738	-7091	-7096	2259	-2081	2953	-22	214	-100	5092	25460	5092	68985842
-14797	-7198	-7044	1809	-2044	2738	-23	211	-101	5093	25465	5093	68985842
-14971	-7056	-7161	1376	-2041	2539	-24	208	-102	5094	25470	5094	68985842
-15149	-6885	-7298	1075	-1989	2370	-23	212	-101	5095	25475	5095	68985842
-15301	-6797	-7346	853	-1910	2205	-23	215	-101	5096	25480	5096	68985849
-15342	-6704	-7386	659	-1805	2025	-24	216	-100	5097	25485	5097	68985866
-15354	-6588	-7364	451	-1712	1814	-24	216	-100	5098	25490	5098	68985875
-15358	-6446	-7238	260	-1628	1585	-24	214	-100	5099	25495	5099	68985875
-15364	-6308	-7144	101	-1531	1358	-24	212	-100	5100	25500	5100	68985875
-15430	-6157	-7078	-33	-1449	1129	-23	212	-100	5101	25505	5101	68985875
-15522	-5946	-7029	-156	-1359	885	-22	212	-100	5102	25510	5102	68985876
-15614	-5882	-6918	-258	-1252	708	-26	211	-101	5103	25515	5103	68985876
-15597	-5745	-6838	-343	-1156	556	-27	211	-101	5104	25520	5104	68985905
-15666	-5664	-6810	-412	-1059	403	-27	214	-101	5105	25525	5105	68985912
-15732	-5577	-6822	-480	-969	230	-27	215	-101	5106	25530	5106	68985912
-15805	-5508	-6799	-518	-855	79	-25	213	-103	5107	25535	5107	68985912
-15905	-5333	-6669	-533	-745	-48	-24	212	-104	5108	25540	5108	68985913
-15880	-5135	-6536	-532	-630	-153	-24	215	-102	5109	25545	5109	68985913
-15880	-5046	-6374	-512	-500	-272	-24	216	-102	5110	25550	5110	68985914
-15895	-4934	-6262	-476	-426	-370	-22	215	-105	5111	25555	5111	68985920
-15892	-4811	-6101	-418	-349	-464	-21	215	-105	5112	25560	5112	68985951
-15783	-4770	-6058	-302	-266	-544	-22	214	-104	5113	25565	5113	68985959
-15695	-4590	-5882	-180	-193	-607	-22	214	-104	5114	25570	5114	68985959
-15741	-4552	-5792	-69	-115	-645	-23	216	-105	5115	25575	5115	68985959
-15732	-4447	-5716	-11	-74	-693	-23	217	-105	5116	25580	5116	68985960
-15692	-4455	-5620	48	-38	-745	-22	213	-104	5117	25585	5117	68985960
-15719	-4470	-5664	78	18	-801	-22	212	-104	5118	25590	5118	68986006
-15724	-4388	-5596	76	77	-859	-24	216	-100	5119	25595	5119	68986018
-15738	-4462	-5550	40	127	-903	-24	216	-100	5120	25600	5120	68986019
-15666	-4488	-5386	-19	173	-974	-26	218	-104	5121	25605	5121	68986019
-15676	-4412	-5260	-73	226	-1033	-26	218	-104	5122	25610	5122	68986020
-15610	-4294	-5172	-123	258	-1056	-23	213	-103	5123	25615	5123	68986020
-15516	-4286	-5096	-172	282	-1091	-23	213	-103	5124	25620	5124	68986021
-15556	-4320	-5018	-244	330	-1142	-20	214	-104	5125	25625	5125	68986021
-15438	-4338	-4938	-336	352	-1183	-20	214	-104	5126	25630	5126	68986063
-15454	-4430	-4745	-483	375	-1223	-19	215	-105	5127	25635	5127	68986063
-15483	-4468	-4742	-634	386	-1257	-19	214	-105	5128	25640	5128	68986063
-15444	-4605	-4837	-813	407	-1278	-19	211	-105	5129	25645	5129	68986064
-15476	-4690	-4803	-1052	424	-1307	-20	212	-105	5130	25650	5130	68986064
-15558	-4763	-4810	-1316	451	-1335	-25	215	-107	5131	25655	5131	68986064
-15616	-4758	-4830	-1543	470	-1357	-25	215	-107	5132	25660	5132	68986064
-15638	-4862	-4810	-1857	496	-1389	-21	215	-101	5133	25665	5133	68986064
-15602	-4852	-4756	-2169	509	-1429	-21	215	-101	5134	25670	5134	68986064
-15512	-4877	-4686	-2559	507	-1467	-22	212	-102	5135	25675	5135	68986064
-15583	-4824	-4583	-2846	518	-1515	-22	212	-102	5136	25680	5136	68986064
-15534	-4783	-4563	-3098	527	-1556	-20	212	-100	5137	25685	5137	68986064
-15500	-4754	-4475	-3309	545	-1575	-21	212	-101	5138	25690	5138	68986068
-15477	-4756	-4472	-3485	550	-1610	-24	212	-104	5139	25695	5139	68986086
-15523	-4771	-4390	-3621	557	-1654	-23	211	-105	5140	25700	5140	68986097
-15544	-4724	-4297	-3740	564	-1700	-19	207	-107	5141	25705	5141	68986097
-15488	-4792	-4269	-3826	566	-1747	-19	207	-107	5142	25710	5142	68986097
-15509	-4852	-4357	-3910	555	-1800	-21	209	-105	5143	25715	5143	68986097
-15480	-4889	-4377	-4000	549	-1857	-20	210	-103	5144	25720	5144	68986097
-15438	-4945	-4260	-4071	543	-1912	-18	212	-100	5145	25725	5145	68986097
-15411	-4994	-4182	-4141	532	-1959	-20	212	-102	5146	25730	5146	68986097
-15418	-5081	-4139	-4217	516	-2004	-24	212	-106	5147	25735	5147	68986097
-15448	-5166	-4196	-4310	495	-2057	-22	211	-107	5148	25740	5148	68986109
-15470	-5214	-4194	-4414	475	-2115	-18	210	-108	5149	25745	5149	68986128
-15496	-5292	-4193	-4527	453	-2179	-20	212	-110	5150	25750	5150	68986128
-15525	-5394	-4180	-4649	425	-2247	-22	216	-112	5151	25755	5151	68986128
-15520	-5476	-4180	-4777	400	-2308	-20	215	-109	5152	25760	5152	68986129
-15500	-5503	-4216	-4932	367	-2373	-18	214	-104	5153	25765	5153	68986129
-15482	-5603	-4172	-5098	334	-2442	-18	212	-106	5154	25770	5154	68986129
-15440	-5730	-4142	-5273	292	-2518	-18	208	-108	5155	25775	5155	68986132
-15385	-5760	-4155	-5471	247	-2602	-19	208	-106	5156	25780	5156	68986148
-15349	-5853	-4131	-5677	194	-2684	-21	209	-103	5157	25785	5157	68986166
-15262	-5957	-4015	-5902	147	-2753	-21	208	-103	5158	25790	5158	68986166
-15190	-5927	-3981	-6145	90	-2810	-22	206	-104	5159	25795	5159	68986166
-15083	-5963	-3967	-6426	11	-2864	-21	206	-108	5160	25800	5160	68986180
-15082	-6053	-4018	-6714	-72	-2924	-19	205	-111	5161	25805	5161	68986205
-15026	-6128	-4015	-6990	-141	-2983	-17	209	-110	5162	25810	5162	68986213
-14994	-6240	-4029	-7281	-208	-3040	-16	212	-110	5163	25815	5163	68986213
-14971	-6372	-4019	-7574	-267	-3112	-20	209	-111	5164	25820	5164	68986214
-14918	-6485	-4028	-7873	-326	-3180	-23	207	-111	5165	25825	5165	68986215
-14904	-6549	-4042	-8200	-386	-3243	-21	203	-112	5166	25830	5166	68986215
-14861	-6651	-4002	-8548	-455	-3320	-19	201	-113	5167	25835	5167	68986216
-14863	-6768	-3977	-8970	-545	-3412	-18	203	-109	5168	25840	5168	68986217
-14898	-6841	-3946	-9399	-615	-3506	-18	204	-108	5169	25845	5169	68986236
-14946	-6944	-4013	-9798	-681	-3607	-17	208	-109	5170	25850	5170	68986242
-14985	-7017	-3987	-10162	-734	-3693	-17	209	-109	5171	25855	5171	68986242
-15065	-7060	-3957	-10541	-785	-3784	-20	205	-110	5172	25860	5172	68986242
-15164	-7145	-4094	-10961	-822	-3882	-22	202	-110	5173	25865	5173	68986242
-15363	-7278	-4177	-11415	-854	-4000	-23	201	-109	5174	25870	5174	68986242
-15573	-7280	-4147	-11837	-882	-4132	-24	200	-108	5175	25875	5175	68986242
-15809	-7189	-4102	-12171	-899	-4256	-22	202	-109	5176	25880	5176	68986258
-15920	-7025	-4000	-12490	-912	-4420	-20	204	-110	5177	25885	5177	68986277
-15973	-6840	-3937	-12707	-900	-4577	-17	206	-108	5178	25890	5178	68986279
-15909	-6652	-3875	-12823	-884	-4689	-16	206	-108	5179	25895	5179	68986280
-15860	-6560	-3801	-12869	-879	-4805	-21	200	-110	5180	25900	5180	68986280
-15940	-6444	-3711	-12856	-885	-4932	-22	198	-110	5181	25905	5181	68986280
-15980	-6386	-3684	-12785	-874	-5043	-19	198	-108	5182	25910	5182	68986280
-15915	-6324	-3668	-12685	-869	-5141	-18	198	-108	5183	25915	5183	68986282
-15877	-6241	-3666	-12534	-868	-5214	-19	200	-114	5184	25920	5184	68986302
-15722	-6082	-3688	-12292	-876	-5298	-19	201	-115	5185	25925	5185	68986316
-15728	-6078	-3660	-12034	-882	-5349	-21	197	-115	5186	25930	5186	68986316
-15724	-6042	-3734	-11812	-864	-5417	-21	197	-115	5187	25935	5187	68986316
-15650	-6196	-3746	-11624	-894	-5521	-21	199	-113	5188	25940	5188	68986317
-15590	-6208	-3724	-11477	-921	-5598	-21	199	-113	5189	25945	5189	68986317
-15474	-6356	-3604	-11382	-936	-5682	-22	204	-114	5190	25950	5190	68986317
-15387	-6464	-3536	-11356	-962	-5749	-22	204	-114	5191	25955	5191	68986325
-15364	-6646	-3509	-11382	-987	-5833	-20	192	-113	5192	25960	5192	68986348
-15336	-6771	-3490	-11473	-1024	-5905	-19	189	-113	5193	25965	5193	68986354
-15316	-6854	-3452	-11650	-1083	-6003	-19	195	-113	5194	25970	5194	68986355
-15290	-6908	-3262	-11847	-1148	-6072	-19	195	-113	5195	25975	5195	68986355
-15196	-6978	-3068	-12087	-1200	-6168	-18	192	-118	5196	25980	5196	68986355
-15256	-7108	-3212	-12368	-1276	-6260	-18	192	-118	5197	25985	5197	68986356
-15214	-7166	-3170	-12700	-1349	-6340	-23	193	-121	5198	25990	5198	68986356
-15314	-7238	-3118	-13063	-1427	-6443	-23	193	-121	5199	25995	5199	68986391
-15354	-7194	-3004	-13423	-1501	-6530	-22	194	-114	5200	26000	5200	68986391
-15320	-7194	-3046	-13779	-1578	-6618	-22	194	-114	5201	26005	5201	68986392
-15406	-7059	-2875	-14165	-1655	-6700	-17	197	-117	5202	26010	5202	68986392
-15436	-6951	-2845	-14455	-1729	-6767	-17	196	-118	5203	26015	5203	68986392
-15445	-6859	-2745	-14716	-1795	-6821	-19	191	-121	5204	26020	5204	68986392
-15512	-6722	-2752	-14936	-1862	-6865	-20	191	-120	5205	26025	5205	68986394
-15471	-6706	-2663	-15151	-1936	-6916	-26	190	-118	5206	26030	5206	68986407
-15440	-6715	-2620	-15355	-2015	-6961	-26	189	-118	5207	26035	5207	68986429
-15500	-6781	-2574	-15563	-2093	-7005	-27	185	-117	5208	26040	5208	68986429
-15532	-6772	-2601	-15756	-2160	-7025	-27	184	-119	5209	26045	5209	68986429
-15584	-6774	-2573	-15970	-2231	-7060	-26	180	-128	5210	26050	5210	68986429
-15619	-6819	-2523	-16202	-2314	-7080	-26	180	-126	5211	26055	5211	68986429
-15571	-6813	-2468	-16395	-2370	-7097	-27	181	-123	5212	26060	5212	68986429
-15596	-6844	-2481	-16626	-2428	-7130	-27	183	-123	5213	26065	5213	68986431
-15578	-6785	-2491	-16860	-2488	-7166	-25	191	-123	5214	26070	5214	68986443
-15681	-6732	-2487	-17078	-2538	-7189	-25	189	-123	5215	26075	5215	68986465
-15708	-6690	-2466	-17286	-2596	-7214	-23	183	-125	5216	26080	5216	68986465
-15723	-6636	-2429	-17480	-2641	-7240	-25	183	-124	5217	26085	5217	68986465
-15855	-6600	-2542	-17664	-2659	-7267	-32	184	-122	5218	26090	5218	68986465
-15995	-6629	-2590	-17838	-2675	-7300	-31	184	-124	5219	26095	5219	68986465
-16037	-6589	-2622	-17973	-2680	-7337	-30	184	-126	5220	26100	5220	68986465
-16058	-6491	-2606	-18075	-2675	-7382	-30	183	-126	5221	26105	5221	68986477
-16070	-6407	-2629	-18135	-2679	-7423	-31	181	-125	5222	26110	5222	68986497
-16096	-6345	-2608	-18166	-2665	-7459	-31	181	-126	5223	26115	5223	68986502
-16125	-6294	-2498	-18179	-2644	-7512	-30	180	-128	5224	26120	5224	68986503
-16092	-6252	-2444	-18172	-2633	-7574	-31	180	-128	5225	26125	5225	68986503
-16095	-6214	-2431	-18149	-2607	-7636	-33	179	-127	5226	26130	5226	68986503
-16072	-6149	-2337	-18094	-2574	-7700	-35	178	-128	5227	26135	5227	68986503
-15999	-6076	-2255	-18004	-2544	-7747	-37	177	-129	5228	26140	5228	68986508
-15978	-6003	-2307	-17893	-2518	-7779	-39	178	-127	5229	26145	5229	68986531
-15885	-5947	-2299	-17771	-2494	-7814	-41	179	-125	5230	26150	5230	68986543
-15845	-5915	-2215	-17664	-2474	-7850	-40	177	-126	5231	26155	5231	68986543
-15846	-5864	-2191	-17559	-2452	-7889	-39	175	-127	5232	26160	5232	68986543
-15790	-5838	-2173	-17449	-2431	-7930	-41	174	-128	5233	26165	5233	68986544
-15740	-5822	-2111	-17338	-2408	-7958	-44	172	-130	5234	26170	5234	68986544
-15720	-5749	-2204	-17208	-2379	-7984	-41	176	-131	5235	26175	5235	68986545
-15719	-5732	-2212	-17076	-2358	-8021	-38	180	-132	5236	26180	5236	68986565
-15750	-5736	-2115	-16967	-2343	-8054	-42	174	-131	5237	26185	5237	68986579
-15720	-5754	-2073	-16860	-2336	-8081	-44	170	-130	5238	26190	5238	68986579
-15706	-5701	-1995	-16768	-2328	-8110	-45	174	-132	5239	26195	5239	68986579
-15728	-5660	-1972	-16676	-2324	-8144	-45	177	-133	5240	26200	5240	68986579
-15757	-5617	-1946	-16579	-2321	-8165	-46	173	-132	5241	26205	5241	68986579
-15742	-5589	-1858	-16489	-2315	-8188	-47	171	-131	5242	26210	5242	68986579
-15736	-5603	-1817	-16397	-2327	-8209	-51	166	-130	5243	26215	5243	68986588
-15748	-5555	-1802	-16320	-2343	-8218	-52	164	-130	5244	26220	5244	68986614
-15795	-5457	-1745	-16236	-2351	-8234	-53	165	-129	5245	26225	5245	68986621
-15809	-5370	-1676	-16137	-2366	-8213	-53	165	-129	5246	26230	5246	68986621
-15773	-5309	-1651	-16034	-2373	-8183	-52	169	-135	5247	26235	5247	68986621
-15801	-5336	-1654	-15937	-2384	-8162	-52	170	-136	5248	26240	5248	68986622
-15796	-5376	-1586	-15819	-2402	-8139	-54	170	-141	5249	26245	5249	68986622
-15858	-5445	-1600	-15724	-2405	-8109	-54	170	-142	5250	26250	5250	68986622
-15875	-5372	-1619	-15647	-2416	-8090	-54	165	-139	5251	26255	5251	68986628
-15933	-5385	-1608	-15556	-2436	-8062	-54	162	-138	5252	26260	5252	68986651
-15965	-5390	-1533	-15469	-2466	-8024	-58	168	-136	5253	26265	5253	68986658
-15986	-5348	-1537	-15379	-2476	-7995	-59	169	-135	5254	26270	5254	68986659
-15966	-5341	-1579	-15268	-2495	-7960	-57	170	-133	5255	26275	5255	68986659
-15997	-5264	-1578	-15138	-2516	-7935	-56	170	-132	5256	26280	5256	68986659
-15990	-5276	-1493	-15084	-2545	-7913	-57	166	-133	5257	26285	5257	68986659
-15984	-5292	-1453	-15016	-2580	-7910	-57	165	-133	5258	26290	5258	68986660
-16054	-5270	-1504	-14925	-2605	-7897	-58	163	-134	5259	26295	5259	68986666
-16118	-5306	-1430	-14822	-2629	-7874	-58	162	-134	5260	26300	5260	68986694
-16090	-5322	-1474	-14725	-2667	-7870	-60	160	-132	5261	26305	5261	68986694
-16132	-5290	-1438	-14613	-2688	-7865	-60	160	-132	5262	26310	5262	68986695
-16046	-5150	-1446	-14497	-2718	-7839	-68	158	-134	5263	26315	5263	68986695
-16118	-5102	-1458	-14359	-2751	-7819	-68	158	-134	5264	26320	5264	68986695
-16048	-5154	-1316	-14221	-2786	-7818	-58	160	-128	5265	26325	5265	68986696
-16010	-5094	-1332	-14087	-2830	-7821	-58	160	-128	5266	26330	5266	68986696
-15980	-5176	-1352	-13955	-2885	-7825	-65	167	-131	5267	26335	5267	68986766
-16068	-5130	-1296	-13842	-2920	-7824	-65	167	-131	5268	26340	5268	68986775
-16068	-5092	-1360	-13721	-2978	-7837	-70	164	-136	5269	26345	5269	68986776
-16036	-5099	-1332	-13618	-3031	-7859	-69	164	-135	5270	26350	5270	68986776
-15988	-4955	-1260	-13507	-3080	-7864	-66	162	-132	5271	26355	5271	68986776
-15946	-4932	-1262	-13418	-3116	-7861	-66	162	-132	5272	26360	5272	68986777
-15834	-4884	-1200	-13326	-3178	-7857	-71	157	-129	5273	26365	5273	68986777
-15892	-4904	-1256	-13228	-3261	-7867	-71	157	-129	5274	26370	5274	68986784
-15908	-4864	-1324	-13156	-3332	-7885	-69	163	-131	5275	26375	5275	68986813
-15916	-5038	-1362	-13135	-3380	-7887	-69	163	-131	5276	26380	5276	68986813
-15938	-5008	-1326	-13056	-3449	-7911	-72	158	-130	5277	26385	5277	68986813
-15990	-4961	-1407	-13004	-3537	-7910	-72	159	-129	5278	26390	5278	68986813
-15995	-4907	-1464	-12978	-3601	-7895	-71	163	-127	5279	26395	5279	68986814
-16034	-4898	-1515	-12958	-3662	-7888	-72	162	-128	5280	26400	5280	68986814
-16025	-4908	-1536	-12905	-3714	-7895	-75	159	-131	5281	26405	5281	68986814
-16076	-5027	-1572	-12851	-3771	-7882	-74	160	-130	5282	26410	5282	68986814
-16082	-4986	-1560	-12812	-3834	-7869	-72	164	-126	5283	26415	5283	68986814
-16078	-4955	-1587	-12787	-3896	-7863	-72	164	-126	5284	26420	5284	68986814
-16028	-4911	-1576	-12753	-3971	-7844	-72	164	-124	5285	26425	5285	68986814
-16095	-4812	-1499	-12714	-4048	-7812	-75	163	-124	5286	26430	5286	68986814
-16109	-4710	-1495	-12674	-4104	-7769	-80	162	-124	5287	26435	5287	68986819
-16092	-4676	-1530	-12632	-4171	-7737	-77	163	-127	5288	26440	5288	68986827
-16096	-4694	-1504	-12590	-4237	-7718	-73	165	-131	5289	26445	5289	68986827
-16174	-4733	-1511	-12541	-4300	-7698	-74	163	-129	5290	26450	5290	68986831
-16202	-4747	-1517	-12503	-4362	-7679	-75	161	-127	5291	26455	5291	68986844
-16193	-4746	-1538	-12461	-4411	-7657	-76	161	-128	5292	26460	5292	68986858
-16174	-4718	-1584	-12403	-4467	-7636	-79	163	-131	5293	26465	5293	68986858
-16184	-4687	-1624	-12338	-4526	-7615	-80	164	-129	5294	26470	5294	68986859
-16215	-4616	-1699	-12275	-4581	-7601	-82	166	-126	5295	26475	5295	68986859
-16233	-4537	-1756	-12206	-4640	-7579	-83	164	-124	5296	26480	5296	68986859
-16255	-4499	-1841	-12127	-4692	-7569	-84	162	-122	5297	26485	5297	68986860
-16312	-4480	-1844	-12035	-4734	-7570	-84	164	-124	5298	26490	5298	68986876
-16346	-4456	-1848	-11935	-4775	-7556	-85	167	-127	5299	26495	5299	68986899
-16377	-4429	-1929	-11828	-4821	-7537	-87	169	-128	5300	26500	5300	68986899
-16348	-4424	-1930	-11722	-4856	-7514	-89	171	-129	5301	26505	5301	68986899
-16326	-4364	-2006	-11596	-4892	-7481	-85	168	-126	5302	26510	5302	68986899
-16358	-4307	-2035	-11467	-4936	-7453	-81	165	-123	5303	26515	5303	68986899
-16357	-4306	-2049	-11360	-4982	-7429	-88	167	-124	5304	26520	5304	68986899
-16346	-4266	-2117	-11250	-5021	-7411	-93	169	-125	5305	26525	5305	68986899
-16370	-4229	-2184	-11149	-5058	-7384	-91	170	-124	5306	26530	5306	68986904
-16399	-4218	-2250	-11058	-5087	-7345	-89	171	-123	5307	26535	5307	68986919
-16385	-4193	-2363	-10964	-5114	-7308	-88	167	-125	5308	26540	5308	68986927
-16364	-4140	-2444	-10867	-5147	-7281	-88	164	-126	5309	26545	5309	68986927
-16397	-4112	-2418	-10776	-5170	-7251	-87	169	-120	5310	26550	5310	68986927
-16408	-4014	-2508	-10688	-5189	-7206	-86	170	-118	5311	26555	5311	68986928
-16387	-3994	-2578	-10606	-5208	-7176	-89	169	-120	5312	26560	5312	68986928
-16405	-4045	-2566	-10514	-5233	-7156	-91	169	-121	5313	26565	5313	68986928
-16395	-4062	-2588	-10414	-5261	-7122	-90	170	-120	5314	26570	5314	68986945
-16389	-3988	-2626	-10316	-5284	-7090	-90	170	-120	5315	26575	5315	68986961
-16415	-3965	-2656	-10225	-5305	-7059	-89	167	-121	5316	26580	5316	68986964
-16403	-3919	-2750	-10131	-5324	-7015	-89	165	-121	5317	26585	5317	68986964
-16432	-3834	-2774	-10026	-5347	-6976	-89	168	-115	5318	26590	5318	68986965
-16369	-3832	-2804	-9922	-5382	-6942	-89	169	-113	5319	26595	5319	68986965
-16380	-3742	-2884	-9813	-5403	-6893	-92	172	-116	5320	26600	5320	68986965
-16382	-3681	-2936	-9710	-5437	-6849	-93	173	-117	5321	26605	5321	68986975
-16321	-3664	-2907	-9604	-5438	-6807	-91	173	-117	5322	26610	5322	68987001
-16362	-3651	-2973	-9503	-5454	-6762	-91	173	-117	5323	26615	5323	68987007
-16290	-3640	-2997	-9404	-5486	-6723	-94	173	-117	5324	26620	5324	68987008
-16338	-3654	-3115	-9315	-5500	-6666	-95	173	-117	5325	26625	5325	68987008
-16281	-3589	-3131	-9236	-5512	-6605	-87	175	-114	5326	26630	5326	68987009
-16252	-3524	-3350	-9167	-5538	-6524	-85	175	-113	5327	26635	5327	68987009
-16222	-3478	-3372	-9122	-5553	-6455	-87	175	-113	5328	26640	5328	68987010
-16238	-3438	-3350	-9094	-5563	-6375	-87	175	-113	5329	26645	5329	68987043
-16288	-3474	-3492	-9008	-5578	-6317	-91	181	-109	5330	26650	5330	68987043
-16232	-3428	-3454	-8941	-5577	-6238	-91	181	-109	5331	26655	5331	68987043
-16182	-3452	-3548	-8890	-5578	-6164	-87	177	-111	5332	26660	5332	68987043
-16159	-3432	-3683	-8845	-5582	-6103	-87	177	-111	5333	26665	5333	68987043
-16183	-3481	-3796	-8853	-5580	-6023	-91	181	-112	5334	26670	5334	68987043
-16178	-3418	-3664	-8897	-5599	-5936	-92	182	-112	5335	26675	5335	68987043
-16112	-3422	-3826	-8792	-5589	-5863	-84	186	-112	5336	26680	5336	68987053
-16060	-3462	-3876	-8769	-5565	-5755	-84	186	-112	5337	26685	5337	68987083
-16066	-3474	-3946	-8822	-5568	-5671	-91	183	-113	5338	26690	5338	68987083
-16072	-3474	-3816	-8943	-5573	-5608	-91	183	-113	5339	26695	5339	68987083
-16050	-3494	-3900	-8936	-5592	-5538	-90	184	-108	5340	26700	5340	68987084
-16036	-3418	-3976	-8949	-5565	-5439	-90	184	-108	5341	26705	5341	68987084
-16004	-3334	-3978	-8971	-5558	-5347	-93	187	-109	5342	26710	5342	68987084
-16002	-3280	-4082	-8922	-5546	-5235	-93	187	-109	5343	26715	5343	68987084
-15923	-3351	-4219	-8999	-5525	-5124	-88	184	-108	5344	26720	5344	68987112
-15924	-3364	-4193	-9062	-5511	-5062	-88	184	-108	5345	26725	5345	68987129
-15942	-3460	-4311	-9086	-5495	-4998	-90	186	-106	5346	26730	5346	68987129
-15950	-3412	-4333	-9110	-5467	-4904	-90	186	-104	5347	26735	5347	68987129
-15928	-3325	-4311	-9184	-5456	-4804	-90	186	-98	5348	26740	5348	68987129
-15877	-3285	-4441	-9212	-5447	-4711	-90	186	-99	5349	26745	5349	68987129
-15896	-3312	-4471	-9212	-5412	-4618	-91	187	-103	5350	26750	5350	68987129
-15853	-3270	-4486	-9217	-5380	-4517	-90	188	-103	5351	26755	5351	68987134
-15808	-3317	-4559	-9221	-5336	-4433	-88	190	-102	5352	26760	5352	68987154
-15804	-3302	-4637	-9236	-5300	-4366	-88	190	-102	5353	26765	5353	68987167
-15845	-3348	-4654	-9240	-5268	-4283	-86	188	-102	5354	26770	5354	68987167
-15880	-3327	-4655	-9236	-5228	-4197	-86	190	-102	5355	26775	5355	68987167
-15856	-3266	-4698	-9233	-5178	-4126	-84	196	-102	5356	26780	5356	68987168
-15873	-3177	-4739	-9203	-5129	-4044	-87	194	-101	5357	26785	5357	68987168
-15782	-3078	-4652	-9164	-5087	-3946	-97	187	-97	5358	26790	5358	68987168
-15786	-3095	-4709	-9104	-5043	-3860	-95	188	-97	5359	26795	5359	68987168
-15750	-3144	-4712	-9033	-4994	-3775	-89	191	-99	5360	26800	5360	68987169
-15726	-3181	-4754	-8965	-4941	-3682	-91	192	-98	5361	26805	5361	68987189
-15784	-3214	-4866	-8898	-4886	-3593	-94	194	-96	5362	26810	5362	68987218
-15818	-3206	-4921	-8828	-4828	-3490	-94	194	-96	5363	26815	5363	68987218
-15784	-3129	-4953	-8752	-4773	-3384	-93	195	-97	5364	26820	5364	68987219
-15762	-3027	-5038	-8671	-4716	-3276	-95	196	-94	5365	26825	5365	68987219
-15764	-3072	-5068	-8576	-4647	-3178	-98	198	-90	5366	26830	5366	68987220
-15757	-3089	-5129	-8475	-4582	-3090	-96	195	-91	5367	26835	5367	68987220
-15760	-3097	-5260	-8374	-4495	-2985	-92	190	-92	5368	26840	5368	68987221
-15798	-3089	-5310	-8284	-4396	-2880	-92	190	-92	5369	26845	5369	68987236
-15863	-3049	-5209	-8183	-4321	-2793	-92	190	-92	5370	26850	5370	68987246
-15846	-3023	-5252	-8063	-4241	-2697	-93	192	-94	5371	26855	5371	68987247
-15836	-3006	-5294	-7923	-4145	-2594	-94	194	-96	5372	26860	5372	68987247
-15807	-3020	-5257	-7797	-4065	-2512	-93	197	-96	5373	26865	5373	68987247
-15783	-3003	-5246	-7658	-3985	-2428	-91	199	-95	5374	26870	5374	68987247
-15771	-2904	-5252	-7475	-3889	-2312	-93	201	-95	5375	26875	5375	68987247
-15700	-2856	-5230	-7279	-3802	-2190	-97	203	-95	5376	26880	5376	68987251
-15676	-2896	-5271	-7057	-3707	-2080	-95	203	-94	5377	26885	5377	68987271
-15658	-2929	-5354	-6812	-3605	-1965	-92	202	-92	5378	26890	5378	68987285
-15620	-2941	-5351	-6604	-3521	-1845	-91	203	-89	5379	26895	5379	68987285
-15602	-2968	-5309	-6390	-3441	-1727	-91	203	-87	5380	26900	5380	68987286
-15598	-2928	-5302	-6151	-3348	-1601	-87	201	-88	5381	26905	5381	68987286
-15518	-2884	-5340	-5926	-3260	-1461	-85	199	-89	5382	26910	5382	68987287
-15472	-2946	-5333	-5700	-3168	-1334	-90	201	-91	5383	26915	5383	68987287
-15502	-3013	-5324	-5499	-3078	-1222	-94	202	-92	5384	26920	5384	68987288
-15471	-3039	-5401	-5261	-2995	-1099	-99	201	-92	5385	26925	5385	68987315
-15430	-3100	-5490	-5048	-2897	-990	-100	200	-92	5386	26930	5386	68987324
-15490	-3103	-5445	-4874	-2815	-879	-98	198	-88	5387	26935	5387	68987324
-15434	-3193	-5502	-4734	-2718	-774	-97	197	-87	5388	26940	5388	68987324
-15405	-3298	-5512	-4636	-2632	-673	-93	198	-89	5389	26945	5389	68987324
-15429	-3352	-5540	-4496	-2546	-598	-92	198	-90	5390	26950	5390	68987324
-15346	-3419	-5546	-4343	-2447	-511	-94	200	-90	5391	26955	5391	68987324
-15378	-3408	-5464	-4226	-2373	-437	-94	200	-90	5392	26960	5392	68987332
-15320	-3404	-5425	-4143	-2287	-376	-88	201	-88	5393	26965	5393	68987356
-15334	-3423	-5471	-4031	-2203	-306	-87	201	-87	5394	26970	5394	68987361
-15307	-3438	-5417	-3901	-2116	-221	-89	199	-81	5395	26975	5395	68987362
-15284	-3482	-5434	-3827	-2041	-162	-90	198	-80	5396	26980	5396	68987362
-15280	-3516	-5408	-3725	-1969	-107	-90	204	-80	5397	26985	5397	68987362
-15235	-3532	-5482	-3580	-1896	-37	-90	206	-80	5398	26990	5398	68987362
-15238	-3555	-5414	-3450	-1813	33	-89	204	-82	5399	26995	5399	68987362
-15268	-3566	-5416	-3330	-1722	86	-89	203	-83	5400	27000	5400	68987392
-15218	-3669	-5366	-3218	-1651	142	-91	202	-85	5401	27005	5401	68987399
-15300	-3682	-5424	-3079	-1562	212	-92	202	-86	5402	27010	5402	68987400
-15298	-3700	-5300	-2925	-1494	265	-92	200	-78	5403	27015	5403	68987400
-15258	-3742	-5406	-2778	-1418	331	-92	200	-78	5404	27020	5404	68987400
-15366	-3822	-5280	-2660	-1349	384	-90	200	-88	5405	27025	5405	68987401
-15336	-3762	-5390	-2527	-1277	429	-90	200	-88	5406	27030	5406	68987402
-15332	-3840	-5254	-2373	-1216	472	-97	203	-81	5407	27035	5407	68987402
-15340	-3796	-5298	-2229	-1164	542	-97	203	-81	5408	27040	5408	68987441
-15374	-3858	-5266	-2082	-1102	581	-93	203	-85	5409	27045	5409	68987447
-15312	-3970	-5244	-1924	-1024	639	-94	205	-84	5410	27050	5410	68987447
-15312	-4020	-5236	-1806	-972	686	-100	212	-82	5411	27055	5411	68987447
-15362	-4062	-5238	-1690	-931	728	-99	211	-81	5412	27060	5412	68987448
-15353	-4115	-5228	-1595	-879	763	-95	205	-77	5413	27065	5413	68987448
-15420	-4220	-5190	-1502	-822	805	-95	205	-77	5414	27070	5414	68987448
