-16624	-326	-866	663	-193	-389	-184	275	-33	4843	24215	4843	68984606
-16628	-449	-984	699	-183	-397	-186	276	-36	4844	24220	4844	68984621
-16633	-442	-918	690	-190	-448	-184	277	-34	4845	24225	4845	68984621
-16602	-290	-848	649	-187	-501	-182	278	-32	4846	24230	4846	68984622
-16630	-311	-878	661	-178	-501	-177	280	-33	4847	24235	4847	68984623
-16654	-448	-864	700	-177	-481	-174	282	-34	4848	24240	4848	68984623
-16596	-526	-852	690	-175	-506	-180	279	-34	4849	24245	4849	68984623
-16669	-483	-884	641	-187	-539	-182	278	-34	4850	24250	4850	68984628
-16710	-478	-926	619	-180	-559	-182	279	-30	4851	24255	4851	68984647
-16702	-535	-849	628	-158	-558	-182	280	-28	4852	24260	4852	68984658
-16718	-548	-788	609	-149	-574	-180	278	-29	4853	24265	4853	68984659
-16727	-598	-782	555	-153	-581	-178	276	-30	4854	24270	4854	68984659
-16706	-558	-787	546	-135	-577	-180	278	-31	4855	24275	4855	68984659
-16694	-534	-820	555	-96	-576	-181	279	-31	4856	24280	4856	68984659
-16717	-466	-735	532	-65	-583	-179	277	-33	4857	24285	4857	68984660
-16741	-407	-678	534	-45	-583	-178	276	-34	4858	24290	4858	68984681
-16758	-544	-684	605	-5	-551	-180	283	-35	4859	24295	4859	68984694
-16732	-620	-690	667	40	-539	-181	285	-35	4860	24300	4860	68984696
-16745	-531	-702	713	82	-543	-186	279	-37	4861	24305	4861	68984696
-16783	-478	-752	774	114	-539	-187	277	-37	4862	24310	4862	68984696
-16807	-463	-730	850	151	-522	-182	279	-32	4863	24315	4863	68984696
-16787	-422	-696	953	193	-506	-178	280	-28	4864	24320	4864	68984696
-16747	-454	-698	1073	234	-488	-177	282	-33	4865	24325	4865	68984696
-16686	-572	-741	1225	287	-470	-176	284	-36	4866	24330	4866	68984724
-16684	-614	-738	1308	331	-469	-182	280	-35	4867	24335	4867	68984733
-16653	-616	-803	1369	372	-474	-183	279	-35	4868	24340	4868	68984734
-16722	-493	-828	1432	410	-470	-180	279	-37	4869	24345	4869	68984734
-16705	-534	-752	1480	427	-470	-179	279	-37	4870	24350	4870	68984734
-16715	-594	-815	1537	456	-458	-179	276	-35	4871	24355	4871	68984735
-16632	-574	-871	1579	482	-457	-179	275	-35	4872	24360	4872	68984735
-16638	-567	-863	1601	505	-468	-180	276	-31	4873	24365	4873	68984741
-16622	-597	-812	1616	531	-468	-181	277	-29	4874	24370	4874	68984764
-16655	-592	-888	1609	534	-475	-181	280	-35	4875	24375	4875	68984771
-16645	-551	-1036	1602	549	-486	-181	281	-37	4876	24380	4876	68984772
-16666	-593	-1004	1600	559	-487	-179	283	-36	4877	24385	4877	68984772
-16685	-632	-980	1610	575	-477	-178	284	-36	4878	24390	4878	68984773
-16707	-652	-999	1624	586	-478	-178	276	-36	4879	24395	4879	68984773
-16683	-629	-1033	1638	594	-472	-178	274	-36	4880	24400	4880	68984773
-16663	-523	-1091	1647	601	-471	-177	276	-38	4881	24405	4881	68984805
-16686	-519	-1138	1670	611	-473	-177	277	-39	4882	24410	4882	68984813
-16626	-522	-1014	1723	633	-487	-182	272	-36	4883	24415	4883	68984813
-16628	-668	-1058	1767	628	-466	-182	272	-36	4884	24420	4884	68984814
-16586	-651	-1088	1799	635	-475	-180	275	-41	4885	24425	4885	68984814
-16578	-629	-1107	1810	630	-475	-180	276	-42	4886	24430	4886	68984815
-16639	-690	-1080	1823	634	-463	-178	275	-41	4887	24435	4887	68984815
-16643	-674	-1130	1856	638	-438	-177	275	-41	4888	24440	4888	68984820
-16581	-661	-1090	1834	645	-442	-178	279	-40	4889	24445	4889	68984846
-16620	-660	-1100	1828	649	-443	-178	280	-40	4890	24450	4890	68984852
-16600	-614	-1072	1864	647	-424	-181	279	-41	4891	24455	4891	68984852
-16574	-630	-1154	1916	662	-409	-181	279	-41	4892	24460	4892	68984852
-16606	-658	-1186	1965	659	-404	-179	275	-39	4893	24465	4893	68984852
-16600	-558	-1200	1988	655	-399	-179	275	-39	4894	24470	4894	68984852
-16672	-692	-1140	2030	662	-385	-179	279	-45	4895	24475	4895	68984852
-16625	-634	-1182	2053	664	-374	-179	279	-45	4896	24480	4896	68984860
-16576	-667	-1188	2073	663	-360	-180	280	-46	4897	24485	4897	68984883
-16588	-644	-1180	2102	667	-347	-180	280	-46	4898	24490	4898	68984888
-16628	-668	-1168	2134	677	-347	-178	278	-44	4899	24495	4899	68984888
-16586	-640	-1268	2152	667	-326	-178	278	-44	4900	24500	4900	68984888
-16636	-640	-1264	2180	673	-319	-179	277	-45	4901	24505	4901	68984888
-16614	-530	-1230	2235	659	-322	-179	277	-45	4902	24510	4902	68984888
-16556	-586	-1178	2297	666	-304	-182	276	-42	4903	24515	4903	68984888
-16626	-628	-1274	2363	670	-292	-182	276	-42	4904	24520	4904	68984899
-16624	-706	-1242	2400	680	-280	-175	275	-49	4905	24525	4905	68984924
-16570	-692	-1254	2414	680	-299	-175	275	-49	4906	24530	4906	68984925
-16580	-732	-1298	2421	694	-293	-180	274	-42	4907	24535	4907	68984925
-16592	-712	-1302	2391	682	-290	-180	274	-42	4908	24540	4908	68984925
-16556	-672	-1250	2389	683	-291	-174	274	-50	4909	24545	4909	68984925
-16604	-610	-1242	2375	686	-287	-174	274	-50	4910	24550	4910	68984926
-16562	-656	-1362	2382	699	-270	-180	280	-54	4911	24555	4911	68984926
-16626	-536	-1354	2393	696	-267	-180	280	-54	4912	24560	4912	68984957
-16636	-578	-1346	2405	699	-276	-180	280	-48	4913	24565	4913	68984968
-16590	-578	-1372	2426	702	-272	-180	280	-48	4914	24570	4914	68984968
-16652	-644	-1338	2461	720	-262	-182	272	-52	4915	24575	4915	68984968
-16632	-695	-1416	2500	725	-267	-181	272	-52	4916	24580	4916	68984968
-16609	-740	-1352	2549	741	-265	-177	271	-51	4917	24585	4917	68984968
-16592	-743	-1358	2558	758	-260	-177	272	-52	4918	24590	4918	68984970
-16604	-706	-1390	2554	753	-254	-174	274	-54	4919	24595	4919	68984980
-16568	-690	-1456	2545	779	-277	-174	274	-54	4920	24600	4920	68985010
-16584	-710	-1350	2546	801	-256	-180	278	-54	4921	24605	4921	68985011
-16618	-788	-1452	2566	795	-254	-180	278	-54	4922	24610	4922	68985011
-16606	-804	-1446	2552	800	-237	-177	277	-55	4923	24615	4923	68985012
-16658	-702	-1450	2528	820	-251	-177	277	-55	4924	24620	4924	68985012
-16613	-677	-1422	2552	835	-250	-182	276	-60	4925	24625	4925	68985013
-16585	-772	-1530	2593	860	-224	-181	276	-60	4926	24630	4926	68985014
-16586	-673	-1486	2581	878	-231	-178	276	-60	4927	24635	4927	68985023
-16582	-609	-1476	2604	895	-240	-178	275	-60	4928	24640	4928	68985043
-16632	-625	-1496	2664	905	-246	-178	272	-58	4929	24645	4929	68985043
-16625	-664	-1604	2703	916	-245	-178	272	-58	4930	24650	4930	68985043
-16562	-756	-1536	2719	946	-218	-176	270	-60	4931	24655	4931	68985043
-16646	-696	-1530	2700	970	-227	-176	270	-60	4932	24660	4932	68985043
-16637	-663	-1549	2728	985	-220	-177	275	-57	4933	24665	4933	68985043
-16609	-623	-1519	2736	1014	-219	-178	276	-58	4934	24670	4934	68985049
-16607	-659	-1541	2753	1031	-204	-184	278	-62	4935	24675	4935	68985075
-16617	-715	-1539	2783	1072	-191	-182	277	-61	4936	24680	4936	68985079
-16612	-662	-1532	2803	1102	-200	-176	274	-58	4937	24685	4937	68985079
-16635	-660	-1592	2835	1120	-195	-176	275	-58	4938	24690	4938	68985079
-16634	-766	-1652	2878	1142	-186	-175	277	-59	4939	24695	4939	68985079
-16607	-741	-1682	2899	1179	-173	-176	275	-60	4940	24700	4940	68985079
-16577	-759	-1594	2912	1204	-166	-178	268	-62	4941	24705	4941	68985080
-16593	-740	-1650	2915	1230	-161	-178	269	-64	4942	24710	4942	68985084
-16561	-739	-1642	2950	1255	-143	-177	273	-71	4943	24715	4943	68985104
-16612	-804	-1726	2938	1296	-125	-177	274	-70	4944	24720	4944	68985114
-16647	-714	-1733	2871	1351	-115	-177	279	-67	4945	24725	4945	68985115
-16654	-775	-1759	2847	1402	-87	-176	278	-66	4946	24730	4946	68985115
-16608	-696	-1679	2805	1437	-79	-171	275	-63	4947	24735	4947	68985115
-16619	-719	-1764	2811	1479	-65	-172	274	-64	4948	24740	4948	68985115
-16623	-740	-1698	2848	1516	-31	-178	270	-68	4949	24745	4949	68985118
-16676	-719	-1790	2885	1562	-6	-178	272	-68	4950	24750	4950	68985139
-16645	-704	-1793	2924	1598	20	-178	274	-68	4951	24755	4951	68985159
-16625	-755	-1809	2966	1632	47	-178	274	-67	4952	24760	4952	68985165
-16614	-788	-1850	3011	1649	59	-179	273	-65	4953	24765	4953	68985176
-16634	-812	-1897	3053	1693	62	-178	272	-66	4954	24770	4954	68985177
-16675	-796	-1919	3081	1742	105	-176	270	-72	4955	24775	4955	68985177
-16628	-830	-2008	3040	1788	147	-176	270	-73	4956	24780	4956	68985179
-16548	-810	-2009	2945	1831	185	-175	271	-75	4957	24785	4957	68985189
-16528	-826	-2103	2880	1867	218	-175	269	-75	4958	24790	4958	68985189
-16498	-842	-2071	2851	1883	234	-175	267	-75	4959	24795	4959	68985189
-16453	-854	-2050	2842	1905	265	-175	267	-75	4960	24800	4960	68985189
-16471	-844	-2049	2825	1927	287	-175	267	-75	4961	24805	4961	68985189
-16472	-769	-2149	2821	1941	287	-176	267	-74	4962	24810	4962	68985189
-16531	-724	-2164	2807	1958	301	-178	268	-72	4963	24815	4963	68985189
-16533	-649	-2097	2784	1976	315	-176	268	-73	4964	24820	4964	68985202
-16495	-552	-2080	2829	1984	328	-173	267	-75	4965	24825	4965	68985226
-16563	-694	-2238	3003	1957	360	-174	267	-77	4966	24830	4966	68985226
-16465	-678	-2239	3105	1952	395	-178	266	-84	4967	24835	4967	68985227
-16367	-517	-2263	3154	1950	394	-176	267	-81	4968	24840	4968	68985227
-16430	-429	-2221	3256	1909	397	-174	268	-76	4969	24845	4969	68985227
-16480	-421	-2292	3397	1877	414	-172	269	-78	4970	24850	4970	68985227
-16448	-421	-2383	3516	1862	434	-169	271	-81	4971	24855	4971	68985227
-16460	-385	-2420	3609	1858	448	-171	270	-84	4972	24860	4972	68985239
-16497	-456	-2464	3711	1861	456	-174	268	-88	4973	24865	4973	68985259
-16500	-439	-2487	3780	1842	467	-177	263	-86	4974	24870	4974	68985264
-16424	-377	-2481	3825	1815	471	-180	258	-84	4975	24875	4975	68985265
-16406	-490	-2535	3902	1794	477	-179	262	-86	4976	24880	4976	68985265
-16362	-579	-2588	3943	1782	475	-178	268	-88	4977	24885	4977	68985265
-16260	-585	-2532	3909	1754	478	-177	266	-88	4978	24890	4978	68985265
-16279	-526	-2555	3889	1701	481	-175	263	-87	4979	24895	4979	68985272
-16308	-447	-2624	3923	1652	476	-174	265	-86	4980	24900	4980	68985291
-16319	-442	-2724	3993	1603	475	-173	269	-85	4981	24905	4981	68985303
-16315	-445	-2691	4068	1552	486	-173	269	-88	4982	24910	4982	68985303
-16295	-444	-2726	4128	1492	484	-172	268	-90	4983	24915	4983	68985303
-16234	-551	-2786	4205	1446	463	-174	263	-91	4984	24920	4984	68985303
-16184	-613	-2831	4287	1407	445	-176	260	-92	4985	24925	4985	68985303
-16234	-606	-2864	4318	1363	417	-175	262	-92	4986	24930	4986	68985303
-16267	-601	-2803	4304	1327	389	-174	264	-92	4987	24935	4987	68985327
-16274	-580	-2768	4262	1295	365	-175	262	-94	4988	24940	4988	68985350
-16286	-546	-2782	4207	1250	356	-176	258	-96	4989	24945	4989	68985350
-16268	-483	-2778	4165	1195	362	-173	258	-97	4990	24950	4990	68985350
-16273	-349	-2821	4135	1144	354	-169	259	-99	4991	24955	4991	68985351
-16335	-256	-2796	4144	1096	360	-172	257	-100	4992	24960	4992	68985351
-16417	-160	-2708	4191	1071	368	-174	256	-100	4993	24965	4993	68985351
-16414	-54	-2716	4249	1052	367	-172	259	-97	4994	24970	4994	68985358
-16426	102	-2769	4335	1033	376	-171	261	-95	4995	24975	4995	68985378
-16469	255	-2760	4475	1013	392	-174	257	-99	4996	24980	4996	68985388
-16544	410	-2737	4676	1007	410	-176	254	-102	4997	24985	4997	68985388
-16588	529	-2723	4908	1018	419	-174	259	-102	4998	24990	4998	68985388
-16587	622	-2736	5211	1042	426	-171	263	-101	4999	24995	4999	68985388
-16581	662	-2648	5588	1072	449	-170	258	-102	5000	25000	5000	68985388
-16605	642	-2700	5973	1095	464	-170	254	-102	5001	25005	5001	68985388
-16712	666	-2794	6391	1157	446	-171	255	-104	5002	25010	5002	68985389
-16503	521	-2596	6717	1234	429	-172	256	-106	5003	25015	5003	68985389
-16392	152	-2601	7079	1213	461	-175	257	-108	5004	25020	5004	68985406
-16457	-161	-2685	7347	1205	477	-177	257	-109	5005	25025	5005	68985436
-16379	-318	-2716	7478	1232	457	-175	259	-109	5006	25030	5006	68985448
-16274	-589	-2846	7555	1235	448	-173	261	-109	5007	25035	5007	68985449
-16283	-1111	-2915	7629	1218	445	-169	258	-117	5008	25040	5008	68985449
-16152	-1498	-2933	7614	1252	408	-167	257	-119	5009	25045	5009	68985449
-16020	-1673	-3002	7405	1267	356	-169	255	-114	5010	25050	5010	68985449
-16114	-1576	-2952	7081	1252	295	-171	253	-111	5011	25055	5011	68985474
-16173	-1414	-2897	6793	1250	259	-173	255	-113	5012	25060	5012	68985502
-16133	-1285	-2908	6578	1246	257	-175	257	-115	5013	25065	5013	68985510
-16143	-1300	-2973	6419	1234	260	-172	253	-112	5014	25070	5014	68985510
-16127	-1334	-3037	6266	1230	241	-170	250	-110	5015	25075	5015	68985510
-16046	-1477	-3050	6103	1223	179	-170	250	-118	5016	25080	5016	68985510
-16085	-1796	-3040	5969	1203	109	-170	250	-120	5017	25085	5017	68985511
-16074	-1885	-3072	5792	1179	44	-170	255	-118	5018	25090	5018	68985511
-16138	-1684	-3166	5551	1184	-27	-170	256	-118	5019	25095	5019	68985529
-16137	-1547	-3063	5322	1177	-82	-170	254	-118	5020	25100	5020	68985549
-16163	-1446	-3025	5152	1156	-79	-170	254	-118	5021	25105	5021	68985554
-16152	-1318	-3046	4996	1147	-66	-166	253	-121	5022	25110	5022	68985554
-16158	-1140	-3092	4853	1137	-50	-163	253	-123	5023	25115	5023	68985554
-16200	-1050	-3043	4752	1119	-31	-168	252	-123	5024	25120	5024	68985554
-16238	-918	-3105	4670	1111	-13	-169	251	-123	5025	25125	5025	68985554
-16217	-817	-3187	4633	1103	-8	-171	249	-123	5026	25130	5026	68985554
-16215	-757	-3223	4644	1108	-7	-171	249	-123	5027	25135	5027	68985554
-16229	-674	-3281	4655	1105	-13	-163	247	-126	5028	25140	5028	68985554
-16155	-677	-3259	4654	1113	-28	-161	247	-127	5029	25145	5029	68985554
-16078	-804	-3229	4671	1092	-45	-165	246	-129	5030	25150	5030	68985554
-16126	-898	-3312	4712	1064	-59	-166	246	-130	5031	25155	5031	68985555
-16137	-1089	-3345	4691	1039	-66	-165	247	-128	5032	25160	5032	68985563
-16068	-1295	-3379	4592	1001	-86	-165	247	-127	5033	25165	5033	68985567
-16044	-1385	-3380	4438	957	-105	-164	248	-128	5034	25170	5034	68985567
-15988	-1454	-3471	4288	924	-136	-164	248	-128	5035	25175	5035	68985567
-15972	-1457	-3417	4096	880	-177	-167	246	-131	5036	25180	5036	68985589
-16046	-1452	-3329	3895	806	-195	-168	246	-132	5037	25185	5037	68985596
-16026	-1394	-3374	3694	762	-199	-166	245	-133	5038	25190	5038	68985596
-16056	-1278	-3366	3518	716	-200	-165	245	-133	5039	25195	5039	68985596
-16052	-1246	-3331	3367	659	-175	-164	249	-132	5040	25200	5040	68985596
-16014	-1232	-3404	3227	599	-169	-164	250	-132	5041	25205	5041	68985597
-16024	-1292	-3590	3101	532	-160	-169	241	-137	5042	25210	5042	68985597
-15972	-1168	-3602	2972	480	-181	-169	241	-137	5043	25215	5043	68985597
-15969	-1071	-3515	2860	438	-194	-163	245	-141	5044	25220	5044	68985607
-16038	-996	-3559	2752	383	-196	-162	246	-142	5045	25225	5045	68985628
-16053	-984	-3539	2681	329	-202	-162	244	-139	5046	25230	5046	68985633
-16038	-968	-3466	2597	276	-220	-162	244	-138	5047	25235	5047	68985633
-16108	-895	-3490	2480	219	-230	-164	240	-145	5048	25240	5048	68985633
-16048	-990	-3466	2420	180	-218	-165	239	-147	5049	25245	5049	68985633
-16130	-1026	-3368	2355	122	-191	-160	250	-140	5050	25250	5050	68985633
-16040	-1070	-3416	2248	99	-172	-160	250	-140	5051	25255	5051	68985633
-16092	-1108	-3404	2183	56	-133	-159	245	-141	5052	25260	5052	68985634
-16152	-1218	-3390	2116	41	-94	-159	245	-141	5053	25265	5053	68985643
-16102	-1196	-3408	2075	22	-87	-162	244	-138	5054	25270	5054	68985683
-16104	-1211	-3505	2030	12	-72	-162	244	-138	5055	25275	5055	68985683
-16163	-1251	-3446	1988	2	-67	-159	247	-136	5056	25280	5056	68985684
-16108	-1348	-3405	1974	-15	-49	-158	248	-136	5057	25285	5057	68985684
-16114	-1562	-3352	1972	-49	-54	-160	242	-144	5058	25290	5058	68985684
-16080	-1920	-3388	1995	-58	-84	-160	242	-144	5059	25295	5059	68985684
-16092	-1960	-3312	1947	-68	-114	-154	250	-140	5060	25300	5060	68985684
-16074	-1992	-3192	1828	-83	-156	-154	250	-140	5061	25305	5061	68985701
-16062	-1898	-3228	1723	-104	-159	-163	243	-141	5062	25310	5062	68985711
-16106	-1842	-3266	1684	-114	-146	-163	243	-141	5063	25315	5063	68985712
-16050	-1852	-3222	1581	-151	-148	-161	241	-149	5064	25320	5064	68985712
-16100	-1774	-3338	1446	-169	-142	-161	241	-149	5065	25325	5065	68985712
-16079	-1649	-3262	1349	-193	-144	-164	240	-142	5066	25330	5066	68985712
-16106	-1562	-3384	1286	-195	-142	-164	240	-142	5067	25335	5067	68985712
-16160	-1466	-3398	1252	-201	-138	-156	248	-142	5068	25340	5068	68985712
-16136	-1368	-3538	1228	-201	-133	-156	248	-142	5069	25345	5069	68985760
-16132	-1218	-3498	1172	-177	-159	-160	240	-140	5070	25350	5070	68985761
-16288	-1084	-3478	1152	-179	-163	-160	240	-140	5071	25355	5071	68985761
-16320	-1016	-3390	1141	-177	-170	-164	242	-138	5072	25360	5072	68985762
-16258	-942	-3260	1151	-157	-180	-164	242	-138	5073	25365	5073	68985762
-16302	-906	-3418	1213	-132	-168	-161	245	-143	5074	25370	5074	68985763
-16262	-888	-3383	1269	-105	-177	-160	244	-144	5075	25375	5075	68985767
-16202	-922	-3372	1284	-85	-189	-158	240	-146	5076	25380	5076	68985788
-16199	-889	-3325	1321	-66	-201	-158	240	-147	5077	25385	5077	68985811
-16256	-844	-3262	1335	-43	-209	-160	242	-152	5078	25390	5078	68985811
-16260	-784	-3328	1344	-12	-211	-160	242	-152	5079	25395	5079	68985812
-16212	-814	-3390	1362	5	-209	-165	241	-143	5080	25400	5080	68985812
-16174	-902	-3446	1353	31	-228	-165	241	-143	5081	25405	5081	68985812
-16204	-904	-3198	1353	44	-237	-165	239	-143	5082	25410	5082	68985813
-16158	-946	-3243	1360	73	-237	-164	239	-144	5083	25415	5083	68985813
-16226	-951	-3208	1356	107	-247	-158	240	-150	5084	25420	5084	68985814
-16174	-1043	-3269	1347	125	-244	-158	239	-150	5085	25425	5085	68985817
-16188	-1135	-3351	1346	143	-250	-157	237	-149	5086	25430	5086	68985833
-16143	-1266	-3331	1327	155	-259	-159	237	-148	5087	25435	5087	68985851
-16144	-1317	-3326	1301	160	-297	-165	239	-143	5088	25440	5088	68985851
-16188	-1421	-3379	1251	174	-316	-164	239	-144	5089	25445	5089	68985851
-16170	-1356	-3212	1191	181	-323	-159	239	-147	5090	25450	5090	68985851
-16126	-1366	-3309	1128	200	-344	-158	239	-148	5091	25455	5091	68985851
-16101	-1266	-3416	1098	192	-352	-154	240	-150	5092	25460	5092	68985851
-16099	-1157	-3500	1061	194	-363	-155	240	-149	5093	25465	5093	68985851
-16114	-1104	-3449	1038	209	-378	-161	241	-143	5094	25470	5094	68985851
-16132	-987	-3431	996	220	-398	-160	241	-144	5095	25475	5095	68985853
-16198	-901	-3450	960	246	-417	-156	240	-148	5096	25480	5096	68985865
-16250	-891	-3523	925	285	-406	-157	240	-148	5097	25485	5097	68985890
-16198	-888	-3543	866	310	-404	-161	241	-147	5098	25490	5098	68985891
-16186	-861	-3493	808	339	-407	-162	241	-147	5099	25495	5099	68985891
-16200	-1020	-3532	776	355	-416	-164	240	-148	5100	25500	5100	68985892
-16223	-1113	-3538	724	368	-420	-163	239	-148	5101	25505	5101	68985892
-16210	-1094	-3458	659	371	-434	-157	235	-147	5102	25510	5102	68985892
-16116	-1130	-3513	591	372	-453	-157	236	-148	5103	25515	5103	68985900
-16125	-1112	-3576	557	360	-435	-158	240	-150	5104	25520	5104	68985927
-16105	-1157	-3585	552	350	-418	-158	240	-150	5105	25525	5105	68985927
-16005	-1196	-3562	538	330	-422	-158	238	-148	5106	25530	5106	68985927
-16015	-1161	-3465	535	312	-416	-158	239	-149	5107	25535	5107	68985927
-16034	-1183	-3526	554	279	-403	-158	242	-152	5108	25540	5108	68985928
-16047	-1176	-3560	591	254	-397	-160	239	-151	5109	25545	5109	68985928
-16054	-1221	-3626	640	228	-383	-162	234	-150	5110	25550	5110	68985928
-16021	-1331	-3666	688	204	-375	-159	235	-148	5111	25555	5111	68985928
-15988	-1461	-3579	727	172	-372	-155	237	-145	5112	25560	5112	68985937
-16002	-1491	-3546	746	132	-360	-156	237	-145	5113	25565	5113	68985958
-15980	-1518	-3531	741	85	-358	-161	237	-147	5114	25570	5114	68985965
-15917	-1518	-3541	726	35	-364	-160	236	-148	5115	25575	5115	68985965
-15922	-1559	-3620	707	-16	-358	-157	233	-151	5116	25580	5116	68985966
-15936	-1540	-3668	688	-78	-347	-159	237	-152	5117	25585	5117	68985966
-15950	-1528	-3650	651	-123	-352	-163	243	-153	5118	25590	5118	68985966
-15996	-1592	-3729	615	-179	-356	-162	243	-153	5119	25595	5119	68985981
-15985	-1603	-3762	559	-227	-359	-160	242	-154	5120	25600	5120	68986004
-15966	-1572	-3700	493	-265	-368	-162	242	-154	5121	25605	5121	68986004
-15993	-1543	-3670	434	-305	-379	-165	241	-153	5122	25610	5122	68986004
-16024	-1513	-3712	375	-340	-396	-162	240	-153	5123	25615	5123	68986004
-16044	-1524	-3710	276	-364	-404	-155	239	-153	5124	25620	5124	68986004
-16052	-1480	-3670	107	-391	-412	-155	239	-153	5125	25625	5125	68986004
-16053	-1374	-3635	-9	-403	-418	-156	240	-152	5126	25630	5126	68986010
-16074	-1324	-3694	-89	-420	-416	-157	239	-150	5127	25635	5127	68986027
-16051	-1395	-3634	-170	-443	-405	-158	238	-146	5128	25640	5128	68986041
-16049	-1504	-3690	-311	-447	-404	-158	240	-147	5129	25645	5129	68986042
-16056	-1601	-3709	-572	-409	-406	-157	243	-149	5130	25650	5130	68986042
-16028	-1546	-3616	-865	-378	-400	-160	243	-149	5131	25655	5131	68986042
-16023	-1419	-3596	-1070	-376	-394	-164	242	-148	5132	25660	5132	68986042
-16031	-1400	-3584	-1147	-385	-386	-165	241	-149	5133	25665	5133	68986042
-16049	-1347	-3629	-1181	-391	-395	-165	241	-149	5134	25670	5134	68986047
-16107	-1327	-3695	-1246	-396	-409	-162	241	-147	5135	25675	5135	68986070
-16160	-1388	-3682	-1375	-377	-420	-157	241	-145	5136	25680	5136	68986096
-16176	-1432	-3628	-1552	-334	-438	-159	237	-147	5137	25685	5137	68986096
-16181	-1482	-3654	-1787	-277	-454	-161	231	-151	5138	25690	5138	68986096
-16202	-1473	-3586	-2110	-195	-471	-161	236	-151	5139	25695	5139	68986096
-16244	-1364	-3520	-2415	-112	-490	-160	244	-150	5140	25700	5140	68986096
-16238	-1316	-3491	-2638	-33	-507	-159	239	-145	5141	25705	5141	68986096
-16155	-1274	-3453	-2756	17	-520	-158	234	-140	5142	25710	5142	68986112
-16108	-1214	-3463	-2760	33	-539	-160	238	-146	5143	25715	5143	68986123
-16100	-1168	-3537	-2734	44	-561	-162	240	-150	5144	25720	5144	68986123
-16100	-1110	-3438	-2705	51	-591	-160	241	-146	5145	25725	5145	68986123
-16080	-1038	-3442	-2662	48	-619	-158	242	-144	5146	25730	5146	68986123
-16063	-940	-3552	-2629	45	-642	-160	239	-145	5147	25735	5147	68986123
-16077	-829	-3572	-2623	51	-662	-162	234	-146	5148	25740	5148	68986123
-16116	-763	-3622	-2597	43	-676	-164	237	-149	5149	25745	5149	68986128
-16156	-816	-3717	-2577	43	-700	-166	240	-152	5150	25750	5150	68986146
-16206	-877	-3706	-2643	87	-734	-162	236	-148	5151	25755	5151	68986155
-16208	-838	-3593	-2760	134	-779	-160	234	-146	5152	25760	5152	68986156
-16145	-800	-3513	-2824	166	-811	-162	235	-147	5153	25765	5153	68986157
-16140	-855	-3560	-2830	190	-824	-163	235	-147	5154	25770	5154	68986157
-16200	-1006	-3642	-2863	204	-833	-165	238	-145	5155	25775	5155	68986158
-16216	-1069	-3709	-2939	235	-842	-166	240	-144	5156	25780	5156	68986158
-16191	-1097	-3633	-3041	258	-856	-165	239	-145	5157	25785	5157	68986158
-16114	-1060	-3554	-3105	249	-868	-165	239	-145	5158	25790	5158	68986167
-16059	-992	-3597	-3076	211	-868	-167	240	-140	5159	25795	5159	68986184
-16020	-1003	-3710	-3004	174	-865	-169	241	-137	5160	25800	5160	68986191
-16017	-958	-3790	-2909	150	-861	-168	236	-138	5161	25805	5161	68986191
-16008	-905	-3899	-2780	123	-869	-167	233	-139	5162	25810	5162	68986191
-16055	-915	-3878	-2657	100	-881	-168	238	-141	5163	25815	5163	68986192
-16036	-985	-3842	-2562	89	-884	-169	241	-143	5164	25820	5164	68986192
-16031	-1044	-3858	-2485	72	-892	-166	239	-140	5165	25825	5165	68986197
-16050	-1114	-3928	-2444	61	-890	-164	238	-138	5166	25830	5166	68986220
-16022	-1196	-3924	-2459	39	-893	-166	238	-136	5167	25835	5167	68986228
-15978	-1247	-3867	-2482	0	-894	-166	238	-136	5168	25840	5168	68986228
-15997	-1248	-3794	-2486	-40	-905	-164	239	-139	5169	25845	5169	68986228
-15998	-1279	-3865	-2480	-81	-905	-163	239	-141	5170	25850	5170	68986228
-16004	-1236	-3855	-2493	-127	-910	-163	237	-140	5171	25855	5171	68986228
-16012	-1175	-3808	-2518	-172	-924	-163	235	-139	5172	25860	5172	68986233
-16015	-1156	-3869	-2512	-221	-920	-165	237	-136	5173	25865	5173	68986254
-15921	-1072	-3920	-2519	-273	-926	-166	238	-134	5174	25870	5174	68986266
-15901	-1051	-3978	-2542	-325	-912	-168	240	-138	5175	25875	5175	68986266
-15898	-1114	-3958	-2561	-354	-907	-169	241	-139	5176	25880	5176	68986267
-15950	-1247	-3910	-2622	-390	-919	-169	238	-137	5177	25885	5177	68986267
-15983	-1175	-3890	-2656	-427	-937	-169	237	-137	5178	25890	5178	68986267
-15972	-1123	-3949	-2675	-469	-947	-169	237	-134	5179	25895	5179	68986268
-15999	-1085	-3929	-2706	-499	-949	-169	237	-133	5180	25900	5180	68986291
-16004	-1066	-3943	-2736	-531	-951	-165	237	-133	5181	25905	5181	68986303
-16000	-1093	-3933	-2769	-556	-950	-163	237	-133	5182	25910	5182	68986304
-15989	-1078	-3876	-2837	-594	-938	-165	242	-136	5183	25915	5183	68986304
-15997	-999	-3912	-2897	-638	-924	-165	243	-137	5184	25920	5184	68986305
-15987	-979	-3826	-2950	-681	-908	-171	241	-136	5185	25925	5185	68986305
-15976	-976	-3868	-2976	-709	-905	-172	240	-136	5186	25930	5186	68986306
-16019	-957	-3962	-3044	-723	-923	-174	240	-130	5187	25935	5187	68986311
-15971	-970	-3888	-3110	-750	-921	-174	240	-128	5188	25940	5188	68986334
-15945	-947	-3814	-3119	-805	-905	-177	242	-131	5189	25945	5189	68986341
-15977	-1018	-3839	-3064	-838	-900	-178	242	-132	5190	25950	5190	68986341
-15962	-1058	-3858	-3032	-866	-912	-170	242	-130	5191	25955	5191	68986341
-15962	-1051	-3936	-3049	-899	-918	-170	242	-130	5192	25960	5192	68986341
-15956	-1024	-3981	-3094	-921	-929	-167	242	-132	5193	25965	5193	68986342
-15960	-1092	-3852	-3139	-952	-933	-166	242	-132	5194	25970	5194	68986342
-15919	-1118	-3762	-3167	-1001	-939	-176	242	-129	5195	25975	5195	68986371
-15980	-1051	-3801	-3192	-1051	-944	-178	242	-128	5196	25980	5196	68986378
-15990	-959	-3889	-3239	-1082	-917	-174	238	-127	5197	25985	5197	68986378
-16001	-910	-3887	-3270	-1117	-902	-173	237	-127	5198	25990	5198	68986378
-15983	-894	-3784	-3286	-1158	-905	-168	243	-125	5199	25995	5199	68986378
-15958	-850	-3800	-3265	-1231	-910	-167	245	-125	5200	26000	5200	68986378
-15916	-786	-3842	-3229	-1285	-905	-175	243	-127	5201	26005	5201	68986378
-15930	-768	-3912	-3203	-1328	-900	-175	243	-127	5202	26010	5202	68986387
-15895	-760	-3914	-3165	-1365	-903	-177	245	-125	5203	26015	5203	68986419
-15883	-801	-3935	-3161	-1393	-906	-177	245	-125	5204	26020	5204	68986433
-15880	-751	-3926	-3175	-1436	-924	-174	243	-120	5205	26025	5205	68986436
-15933	-795	-3903	-3196	-1484	-928	-173	243	-119	5206	26030	5206	68986436
-15991	-848	-3893	-3235	-1525	-934	-175	249	-117	5207	26035	5207	68986436
-15990	-894	-3742	-3346	-1560	-939	-175	251	-117	5208	26040	5208	68986436
-15928	-988	-3672	-3428	-1581	-942	-168	246	-118	5209	26045	5209	68986436
-16002	-1074	-3688	-3483	-1639	-930	-168	246	-118	5210	26050	5210	68986453
-16060	-946	-3750	-3559	-1677	-940	-174	246	-118	5211	26055	5211	68986453
-16020	-922	-3692	-3643	-1697	-953	-174	246	-118	5212	26060	5212	68986453
-15966	-976	-3702	-3693	-1737	-960	-179	249	-125	5213	26065	5213	68986453
-15904	-1028	-3614	-3721	-1791	-964	-179	249	-125	5214	26070	5214	68986453
-15994	-993	-3681	-3756	-1828	-960	-177	249	-122	5215	26075	5215	68986453
-16022	-888	-3674	-3838	-1850	-978	-177	249	-121	5216	26080	5216	68986453
-15974	-846	-3564	-3890	-1884	-985	-175	245	-117	5217	26085	5217	68986461
-16010	-832	-3556	-3892	-1905	-982	-175	245	-117	5218	26090	5218	68986490
-16034	-794	-3472	-3867	-1941	-971	-178	244	-114	5219	26095	5219	68986490
-16178	-712	-3440	-3847	-1969	-976	-178	244	-114	5220	26100	5220	68986490
-16128	-756	-3436	-3827	-2001	-966	-176	252	-116	5221	26105	5221	68986490
-16164	-606	-3486	-3779	-2015	-979	-176	252	-116	5222	26110	5222	68986490
-16160	-620	-3456	-3715	-2005	-958	-182	254	-114	5223	26115	5223	68986490
-16154	-618	-3468	-3615	-2013	-961	-182	254	-114	5224	26120	5224	68986491
-16212	-658	-3484	-3529	-2029	-968	-176	250	-114	5225	26125	5225	68986528
-16238	-569	-3476	-3469	-2031	-963	-178	250	-114	5226	26130	5226	68986528
-16218	-492	-3404	-3421	-2035	-958	-185	251	-115	5227	26135	5227	68986528
-16264	-466	-3360	-3338	-2021	-936	-185	251	-115	5228	26140	5228	68986529
-16224	-542	-3284	-3223	-2020	-912	-179	251	-109	5229	26145	5229	68986529
-16196	-540	-3356	-3123	-2018	-894	-179	251	-109	5230	26150	5230	68986529
-16230	-558	-3344	-3068	-2012	-888	-178	250	-108	5231	26155	5231	68986529
-16288	-376	-3282	-3050	-2011	-899	-178	250	-108	5232	26160	5232	68986530
-16214	-418	-3278	-2894	-2018	-858	-180	250	-110	5233	26165	5233	68986560
-16208	-474	-3268	-2764	-2019	-835	-181	250	-109	5234	26170	5234	68986567
-16207	-470	-3253	-2681	-2015	-838	-184	250	-104	5235	26175	5235	68986568
-16203	-468	-3184	-2586	-2017	-832	-183	251	-103	5236	26180	5236	68986568
-16201	-556	-3164	-2489	-2022	-815	-177	257	-101	5237	26185	5237	68986568
-16206	-556	-3216	-2418	-2039	-813	-177	257	-101	5238	26190	5238	68986568
-16266	-498	-3196	-2362	-2034	-806	-180	258	-94	5239	26195	5239	68986568
-16280	-504	-3226	-2273	-2042	-793	-180	258	-94	5240	26200	5240	68986575
-16260	-615	-3082	-2209	-2045	-779	-179	255	-105	5241	26205	5241	68986606
-16243	-581	-3064	-2149	-2069	-772	-179	254	-104	5242	26210	5242	68986606
-16256	-640	-3086	-2087	-2064	-773	-180	248	-102	5243	26215	5243	68986606
-16242	-577	-3037	-2070	-2059	-774	-180	250	-100	5244	26220	5244	68986607
-16319	-589	-3044	-2001	-2074	-769	-180	260	-94	5245	26225	5245	68986607
-16315	-645	-3106	-1930	-2077	-761	-180	258	-96	5246	26230	5246	68986607
-16198	-639	-3054	-1911	-2065	-750	-178	252	-102	5247	26235	5247	68986614
-16223	-675	-2992	-1880	-2075	-740	-179	253	-100	5248	26240	5248	68986644
-16178	-760	-3110	-1832	-2095	-718	-182	256	-92	5249	26245	5249	68986645
-16253	-686	-3038	-1824	-2084	-733	-182	257	-93	5250	26250	5250	68986645
-16213	-618	-2983	-1838	-2089	-738	-184	260	-98	5251	26255	5251	68986645
-16140	-773	-2995	-1786	-2122	-733	-184	259	-98	5252	26260	5252	68986645
-16190	-798	-3142	-1730	-2143	-740	-183	257	-99	5253	26265	5253	68986646
-16184	-753	-3048	-1770	-2148	-758	-183	257	-99	5254	26270	5254	68986646
-16170	-868	-2969	-1831	-2169	-759	-183	259	-97	5255	26275	5255	68986651
-16186	-864	-2996	-1822	-2205	-758	-183	259	-96	5256	26280	5256	68986676
-16221	-777	-2964	-1843	-2217	-793	-181	257	-93	5257	26285	5257	68986690
-16210	-888	-2932	-1880	-2244	-776	-182	255	-94	5258	26290	5258	68986690
-16232	-913	-2869	-1856	-2278	-774	-183	251	-95	5259	26295	5259	68986691
-16297	-850	-2845	-1877	-2305	-789	-180	253	-94	5260	26300	5260	68986691
-16280	-825	-2856	-1928	-2320	-788	-175	257	-91	5261	26305	5261	68986692
-16278	-889	-2864	-1952	-2375	-792	-176	257	-91	5262	26310	5262	68986692
-16324	-887	-2875	-1951	-2414	-795	-179	257	-89	5263	26315	5263	68986707
-16267	-807	-2801	-1988	-2445	-812	-179	257	-90	5264	26320	5264	68986764
-16311	-814	-2704	-2026	-2479	-805	-180	256	-94	5265	26325	5265	68986764
-16262	-812	-2819	-1998	-2518	-807	-180	256	-93	5266	26330	5266	68986765
-16284	-830	-2824	-2002	-2554	-818	-181	257	-89	5267	26335	5267	68986765
-16277	-741	-2810	-2099	-2570	-818	-182	258	-89	5268	26340	5268	68986765
-16288	-701	-2804	-2175	-2582	-805	-184	260	-88	5269	26345	5269	68986766
-16305	-671	-2790	-2183	-2601	-789	-183	261	-86	5270	26350	5270	68986775
-16321	-665	-2765	-2214	-2603	-783	-181	263	-83	5271	26355	5271	68986793
-16316	-617	-2729	-2278	-2595	-780	-181	263	-85	5272	26360	5272	68986801
-16296	-639	-2729	-2343	-2600	-767	-182	264	-94	5273	26365	5273	68986801
-16386	-644	-2645	-2454	-2616	-760	-181	264	-91	5274	26370	5274	68986801
-16402	-505	-2635	-2543	-2610	-759	-179	265	-81	5275	26375	5275	68986801
-16359	-439	-2588	-2584	-2606	-745	-180	265	-79	5276	26380	5276	68986801
-16333	-450	-2506	-2575	-2598	-714	-182	266	-76	5277	26385	5277	68986801
-16352	-477	-2480	-2582	-2584	-698	-181	263	-78	5278	26390	5278	68986801
-16371	-492	-2528	-2637	-2569	-690	-180	258	-80	5279	26395	5279	68986801
-16359	-486	-2457	-2713	-2545	-677	-180	262	-80	5280	26400	5280	68986801
-16334	-444	-2381	-2764	-2521	-653	-179	267	-79	5281	26405	5281	68986802
-16372	-451	-2383	-2797	-2514	-639	-179	270	-77	5282	26410	5282	68986802
-16383	-573	-2393	-2814	-2511	-621	-178	272	-74	5283	26415	5283	68986813
-16404	-655	-2454	-2828	-2503	-596	-178	272	-74	5284	26420	5284	68986831
-16377	-669	-2436	-2889	-2486	-590	-177	271	-75	5285	26425	5285	68986847
-16338	-629	-2382	-2992	-2453	-593	-177	269	-73	5286	26430	5286	68986854
-16365	-606	-2310	-3073	-2443	-586	-177	265	-71	5287	26435	5287	68986855
-16402	-610	-2300	-3140	-2433	-589	-177	266	-73	5288	26440	5288	68986855
-16424	-532	-2282	-3196	-2410	-582	-177	267	-75	5289	26445	5289	68986855
-16435	-520	-2192	-3248	-2400	-577	-179	267	-74	5290	26450	5290	68986855
-16480	-471	-2123	-3331	-2370	-584	-182	266	-72	5291	26455	5291	68986856
-16534	-311	-2054	-3396	-2341	-578	-181	264	-74	5292	26460	5292	68986856
-16538	-157	-2017	-3442	-2320	-569	-181	263	-75	5293	26465	5293	68986861
-16555	-118	-1983	-3439	-2304	-549	-182	267	-73	5294	26470	5294	68986881
-16621	-130	-1992	-3394	-2284	-528	-183	271	-71	5295	26475	5295	68986896
-16702	-106	-2019	-3335	-2251	-524	-184	271	-72	5296	26480	5296	68986896
-16748	-28	-1952	-3281	-2203	-528	-185	271	-73	5297	26485	5297	68986896
-16754	63	-1834	-3215	-2147	-519	-181	271	-69	5298	26490	5298	68986896
-16696	16	-1779	-3096	-2103	-488	-174	270	-62	5299	26495	5299	68986896
-16680	-55	-1764	-2967	-2067	-470	-178	270	-67	5300	26500	5300	68986896
-16654	-44	-1817	-2874	-2026	-470	-180	270	-70	5301	26505	5301	68986896
-16640	-42	-1800	-2803	-1986	-471	-181	270	-66	5302	26510	5302	68986896
-16622	-43	-1812	-2733	-1941	-465	-182	270	-64	5303	26515	5303	68986896
-16630	-52	-1839	-2646	-1908	-454	-183	268	-62	5304	26520	5304	68986901
-16625	-127	-1813	-2556	-1883	-443	-184	266	-60	5305	26525	5305	68986921
-16606	-188	-1808	-2482	-1849	-438	-181	267	-60	5306	26530	5306	68986937
-16617	-222	-1802	-2425	-1816	-447	-177	269	-61	5307	26535	5307	68986937
-16678	-260	-1730	-2386	-1782	-451	-180	270	-63	5308	26540	5308	68986937
-16653	-217	-1756	-2339	-1752	-449	-182	270	-64	5309	26545	5309	68986938
-16608	-210	-1792	-2280	-1733	-441	-183	269	-61	5310	26550	5310	68986938
-16638	-277	-1819	-2250	-1711	-442	-183	269	-59	5311	26555	5311	68986938
-16650	-198	-1749	-2209	-1664	-449	-181	268	-61	5312	26560	5312	68986960
-16661	-117	-1708	-2158	-1626	-454	-180	268	-62	5313	26565	5313	68986974
-16623	-162	-1671	-2100	-1613	-445	-179	271	-60	5314	26570	5314	68986974
-16589	-234	-1712	-2007	-1609	-436	-179	273	-59	5315	26575	5315	68986974
-16584	-253	-1725	-1910	-1569	-443	-185	269	-62	5316	26580	5316	68986974
-16538	-171	-1625	-1879	-1532	-450	-187	267	-63	5317	26585	5317	68986974
-16554	-156	-1634	-1829	-1509	-444	-183	270	-59	5318	26590	5318	68986975
-16568	-201	-1658	-1750	-1501	-439	-180	272	-56	5319	26595	5319	68986975
-16548	-239	-1597	-1676	-1485	-444	-177	274	-58	5320	26600	5320	68986979
-16590	-268	-1566	-1631	-1457	-456	-175	275	-59	5321	26605	5321	68987002
-16569	-333	-1611	-1625	-1435	-458	-177	274	-60	5322	26610	5322	68987016
-16573	-310	-1631	-1639	-1435	-461	-178	274	-60	5323	26615	5323	68987016
-16573	-251	-1566	-1650	-1407	-457	-183	276	-59	5324	26620	5324	68987017
-16554	-324	-1618	-1619	-1402	-440	-184	276	-58	5325	26625	5325	68987017
-16566	-362	-1590	-1562	-1403	-443	-179	273	-50	5326	26630	5326	68987018
-16623	-323	-1621	-1599	-1371	-466	-178	272	-48	5327	26635	5327	68987018
-16583	-261	-1557	-1604	-1348	-462	-180	270	-54	5328	26640	5328	68987039
-16568	-247	-1604	-1554	-1345	-442	-181	269	-57	5329	26645	5329	68987050
-16534	-300	-1570	-1496	-1331	-444	-180	271	-51	5330	26650	5330	68987050
-16534	-317	-1581	-1455	-1324	-450	-179	273	-47	5331	26655	5331	68987050
-16564	-366	-1654	-1431	-1320	-445	-181	272	-49	5332	26660	5332	68987050
-16620	-314	-1585	-1425	-1313	-452	-183	271	-51	5333	26665	5333	68987051
-16556	-254	-1513	-1413	-1310	-456	-186	274	-49	5334	26670	5334	68987051
-16581	-436	-1606	-1347	-1319	-436	-187	275	-49	5335	26675	5335	68987058
-16605	-519	-1662	-1330	-1326	-453	-183	273	-50	5336	26680	5336	68987083
-16590	-355	-1633	-1400	-1316	-487	-182	272	-50	5337	26685	5337	68987089
-16543	-286	-1570	-1454	-1315	-476	-183	271	-54	5338	26690	5338	68987089
-16559	-346	-1503	-1425	-1300	-457	-183	271	-55	5339	26695	5339	68987089
-16501	-354	-1550	-1418	-1289	-466	-182	270	-49	5340	26700	5340	68987089
-16474	-305	-1493	-1466	-1290	-478	-182	270	-46	5341	26705	5341	68987089
-16502	-346	-1528	-1479	-1286	-486	-182	272	-48	5342	26710	5342	68987090
-16582	-315	-1523	-1512	-1261	-504	-182	272	-48	5343	26715	5343	68987090
-16629	-317	-1395	-1563	-1245	-498	-180	274	-49	5344	26720	5344	68987118
-16646	-370	-1494	-1563	-1226	-483	-179	275	-49	5345	26725	5345	68987125
-16714	-318	-1420	-1613	-1214	-494	-183	274	-48	5346	26730	5346	68987125
-16700	-312	-1399	-1656	-1177	-520	-184	274	-48	5347	26735	5347	68987125
-16610	-296	-1424	-1677	-1160	-518	-176	277	-46	5348	26740	5348	68987125
-16616	-313	-1387	-1662	-1132	-504	-174	278	-46	5349	26745	5349	68987126
-16728	-454	-1498	-1672	-1067	-504	-179	275	-41	5350	26750	5350	68987126
-16798	-472	-1672	-1759	-935	-523	-179	275	-41	5351	26755	5351	68987134
-16850	-472	-1537	-1847	-776	-532	-180	274	-45	5352	26760	5352	68987158
-16743	-307	-1504	-1938	-607	-556	-180	274	-46	5353	26765	5353	68987163
-16762	-266	-1486	-1987	-489	-571	-184	278	-45	5354	26770	5354	68987163
-16880	-141	-1544	-1968	-387	-607	-185	279	-45	5355	26775	5355	68987164
-17064	44	-1965	-1772	-205	-652	-183	276	-47	5356	26780	5356	68987164
-17224	64	-1996	-1421	213	-737	-183	275	-47	5357	26785	5357	68987164
-16984	100	-1690	-948	819	-880	-178	274	-42	5358	26790	5358	68987165
-16788	2	-1624	-539	1164	-975	-178	274	-42	5359	26795	5359	68987176
-16812	-74	-1568	-296	1326	-993	-182	272	-40	5360	26800	5360	68987194
-16788	-12	-1698	-199	1441	-1005	-182	272	-40	5361	26805	5361	68987194
-16624	-114	-1440	-117	1528	-984	-181	277	-37	5362	26810	5362	68987195
-16399	-291	-1495	-23	1551	-962	-181	277	-37	5363	26815	5363	68987195
-16415	-422	-1552	-30	1474	-933	-184	279	-39	5364	26820	5364	68987195
-16592	-382	-1420	-134	1335	-917	-185	279	-39	5365	26825	5365	68987195
-16638	-176	-1266	-286	1114	-879	-181	277	-41	5366	26830	5366	68987195
-16506	-212	-1128	-284	880	-799	-181	277	-41	5367	26835	5367	68987225
-16396	-242	-1274	-184	604	-711	-182	276	-44	5368	26840	5368	68987225
-16382	-320	-1444	-46	366	-644	-182	276	-44	5369	26845	5369	68987226
-16218	-438	-1498	-7	213	-616	-182	270	-44	5370	26850	5370	68987226
-16222	-500	-1464	-69	56	-630	-182	270	-44	5371	26855	5371	68987226
-16316	-542	-1468	-118	-139	-603	-183	275	-47	5372	26860	5372	68987226
-16294	-522	-1554	-151	-318	-564	-183	275	-47	5373	26865	5373	68987253
-16454	-586	-1652	-269	-424	-528	-183	271	-43	5374	26870	5374	68987262
-16564	-542	-1694	-446	-483	-507	-183	271	-43	5375	26875	5375	68987263
-16644	-536	-1690	-616	-506	-466	-187	273	-45	5376	26880	5376	68987263
-16652	-508	-1784	-717	-521	-456	-187	273	-45	5377	26885	5377	68987263
-16646	-268	-1934	-817	-529	-451	-183	271	-41	5378	26890	5378	68987263
-16656	-372	-1722	-911	-461	-410	-183	271	-41	5379	26895	5379	68987272
-16410	-440	-1578	-1027	-386	-405	-181	273	-45	5380	26900	5380	68987300
-16430	-412	-1446	-1050	-419	-396	-181	273	-45	5381	26905	5381	68987300
-16616	-316	-1442	-1054	-468	-423	-180	268	-38	5382	26910	5382	68987300
-16705	-258	-1454	-1077	-507	-426	-181	270	-39	5383	26915	5383	68987300
-16606	-186	-1314	-1103	-535	-421	-185	279	-43	5384	26920	5384	68987301
-16547	-86	-1306	-1063	-560	-418	-184	279	-43	5385	26925	5385	68987301
-16564	-66	-1316	-1019	-567	-413	-177	277	-41	5386	26930	5386	68987301
-16704	54	-1382	-919	-556	-447	-177	277	-41	5387	26935	5387	68987342
-16704	26	-1438	-739	-510	-445	-183	273	-39	5388	26940	5388	68987342
-16912	-98	-1670	-498	-398	-477	-183	273	-39	5389	26945	5389	68987342
-16982	-256	-1608	-272	-164	-568	-180	278	-46	5390	26950	5390	68987342
-16880	-442	-1583	-223	87	-603	-180	277	-45	5391	26955	5391	68987343
-16830	-432	-1534	-231	214	-612	-180	274	-42	5392	26960	5392	68987343
-16825	-344	-1512	-248	296	-614	-180	274	-42	5393	26965	5393	68987344
-16714	-342	-1540	-237	379	-614	-182	274	-40	5394	26970	5394	68987354
-16714	-188	-1814	-127	498	-642	-182	274	-41	5395	26975	5395	68987378
-16779	-51	-1890	194	678	-681	-182	272	-44	5396	26980	5396	68987378
-16786	66	-1748	593	858	-755	-182	272	-44	5397	26985	5397	68987378
-16746	64	-1686	1044	1012	-818	-174	274	-42	5398	26990	5398	68987378
-16696	-84	-1574	1383	1104	-837	-174	274	-42	5399	26995	5399	68987378
-16638	88	-1464	1599	1122	-865	-181	273	-39	5400	27000	5400	68987378
-16676	52	-1846	1920	1148	-872	-180	274	-39	5401	27005	5401	68987380
-16900	128	-2154	2437	1280	-901	-178	278	-38	5402	27010	5402	68987396
-16944	306	-2150	3211	1525	-927	-178	277	-40	5403	27015	5403	68987438
-16582	202	-1619	3935	1647	-908	-180	272	-48	5404	27020	5404	68987448
-16504	75	-1375	4327	1540	-810	-180	273	-48	5405	27025	5405	68987448
-16585	-40	-1482	4431	1405	-670	-180	276	-48	5406	27030	5406	68987448
-16576	-128	-1409	4248	1244	-537	-179	276	-49	5407	27035	5407	68987448
-16487	-153	-1475	3908	1060	-443	-176	274	-50	5408	27040	5408	68987449
-16552	-279	-1646	3688	955	-386	-177	274	-50	5409	27045	5409	68987450
-16622	-380	-1762	3468	888	-358	-180	274	-50	5410	27050	5410	68987455
-16566	-424	-1755	3262	836	-344	-180	274	-50	5411	27055	5411	68987455
-16602	-504	-1677	3144	806	-361	-180	276	-50	5412	27060	5412	68987455
-16659	-590	-1734	3033	798	-346	-179	277	-50	5413	27065	5413	68987455
-16614	-580	-1732	2911	806	-264	-175	279	-51	5414	27070	5414	68987455
