-16671	1137	-1331	6799	907	-186	-59	133	-19	6906	34530	6906	68994910
-16676	1256	-1208	7001	978	-205	-60	132	-20	6907	34535	6907	68994943
-16660	1270	-1028	7329	1050	-230	-55	131	-13	6908	34540	6908	68994951
-16624	1312	-968	7629	1069	-254	-55	131	-13	6909	34545	6909	68994951
-16610	1456	-940	7974	1061	-286	-57	131	-15	6910	34550	6910	68994952
-16636	1438	-998	8359	1064	-336	-57	131	-15	6911	34555	6911	68994952
-16626	1460	-964	8746	1111	-386	-56	128	-22	6912	34560	6912	68994952
-16688	1398	-1008	9030	1193	-443	-56	128	-22	6913	34565	6913	68994952
-16658	1414	-986	9264	1268	-497	-54	134	-18	6914	34570	6914	68994988
-16650	1406	-964	9465	1284	-502	-54	134	-18	6915	34575	6915	68994989
-16672	1378	-1026	9660	1274	-527	-55	133	-19	6916	34580	6916	68994989
-16694	1322	-925	9937	1299	-555	-54	132	-19	6917	34585	6917	68994989
-16745	1262	-814	10196	1342	-582	-50	130	-20	6918	34590	6918	68994989
-16782	1215	-808	10473	1382	-604	-50	130	-20	6919	34595	6919	68994989
-16860	1213	-713	10720	1419	-635	-52	132	-20	6920	34600	6920	68994989
-16909	1159	-716	10941	1452	-647	-52	132	-19	6921	34605	6921	68994989
-16966	1137	-710	11150	1477	-638	-50	130	-16	6922	34610	6922	68994989
-16914	1088	-710	11370	1528	-606	-50	132	-16	6923	34615	6923	68994991
-16905	1066	-706	11627	1594	-587	-48	138	-16	6924	34620	6924	68995005
-16908	1010	-652	11907	1660	-568	-49	136	-17	6925	34625	6925	68995026
-16886	932	-596	12132	1707	-553	-50	134	-18	6926	34630	6926	68995026
-16794	880	-596	12350	1741	-538	-49	135	-20	6927	34635	6927	68995026
-16795	866	-670	12555	1763	-518	-48	136	-22	6928	34640	6928	68995026
-16886	842	-649	12748	1801	-488	-48	135	-22	6929	34645	6929	68995026
-16895	796	-510	12927	1854	-442	-48	134	-22	6930	34650	6930	68995026
-16810	739	-480	13101	1912	-390	-47	133	-21	6931	34655	6931	68995034
-16742	656	-515	13273	1965	-343	-46	132	-20	6932	34660	6932	68995053
-16781	543	-500	13446	2011	-300	-49	135	-24	6933	34665	6933	68995063
-16798	504	-520	13601	2049	-264	-52	138	-28	6934	34670	6934	68995063
-16774	484	-433	13757	2093	-242	-51	139	-29	6935	34675	6935	68995063
-16756	388	-406	13937	2155	-217	-50	140	-30	6936	34680	6936	68995063
-16738	307	-416	14111	2215	-190	-49	136	-25	6937	34685	6937	68995063
-16724	245	-402	14275	2258	-161	-49	133	-21	6938	34690	6938	68995063
-16752	191	-401	14424	2292	-137	-46	130	-20	6939	34695	6939	68995077
-16824	127	-392	14563	2326	-107	-44	128	-20	6940	34700	6940	68995091
-16792	108	-323	14714	2379	-76	-46	131	-22	6941	34705	6941	68995096
-16783	42	-352	14869	2422	-35	-46	132	-22	6942	34710	6942	68995096
-16866	-51	-334	15009	2453	21	-46	134	-24	6943	34715	6943	68995096
-16907	-62	-256	15141	2497	86	-46	134	-24	6944	34720	6944	68995096
-16874	-60	-177	15272	2557	131	-41	132	-29	6945	34725	6945	68995096
-16861	-129	-130	15421	2628	187	-40	132	-30	6946	34730	6946	68995102
-16857	-199	-168	15550	2703	237	-45	135	-30	6947	34735	6947	68995127
-16808	-231	-138	15653	2780	266	-46	136	-30	6948	34740	6948	68995133
-16801	-202	-75	15768	2832	293	-44	139	-28	6949	34745	6949	68995133
-16802	-232	-76	15923	2872	341	-44	140	-28	6950	34750	6950	68995133
-16882	-268	74	16099	2897	387	-45	133	-31	6951	34755	6951	68995133
-16910	-258	12	16286	2926	435	-45	133	-31	6952	34760	6952	68995133
-16886	-342	54	16448	2955	505	-40	132	-30	6953	34765	6953	68995174
-16920	-378	-18	16579	2965	561	-40	132	-30	6954	34770	6954	68995185
-16880	-406	42	16712	2973	630	-36	134	-36	6955	34775	6955	68995190
-16922	-376	32	16859	2996	674	-36	134	-36	6956	34780	6956	68995190
-16914	-316	116	17026	3070	738	-40	132	-36	6957	34785	6957	68995190
-16889	-476	104	17215	3176	820	-38	133	-36	6958	34790	6958	68995190
-16828	-537	110	17376	3253	881	-29	137	-35	6959	34795	6959	68995190
-16836	-548	99	17555	3303	948	-31	136	-35	6960	34800	6960	68995196
-16787	-604	92	17709	3332	1010	-38	134	-34	6961	34805	6961	68995220
-16822	-612	112	17850	3352	1051	-38	134	-34	6962	34810	6962	68995220
-16814	-734	236	18016	3371	1102	-34	126	-34	6963	34815	6963	68995220
-16894	-780	202	18182	3417	1174	-34	126	-34	6964	34820	6964	68995220
-16888	-780	190	18338	3480	1252	-37	133	-25	6965	34825	6965	68995220
-16874	-884	226	18474	3530	1325	-37	133	-25	6966	34830	6966	68995220
-16859	-970	293	18621	3581	1400	-34	134	-44	6967	34835	6967	68995220
-16876	-1038	384	18734	3615	1457	-33	135	-43	6968	34840	6968	68995220
-16809	-1098	358	18849	3639	1513	-28	138	-38	6969	34845	6969	68995221
-16824	-1175	377	18956	3644	1579	-27	138	-39	6970	34850	6970	68995233
-16838	-1276	329	19061	3638	1638	-25	137	-41	6971	34855	6971	68995257
-16811	-1344	356	19160	3636	1702	-26	137	-39	6972	34860	6972	68995257
-16766	-1374	366	19245	3633	1767	-29	137	-33	6973	34865	6973	68995257
-16794	-1415	281	19346	3617	1829	-28	136	-35	6974	34870	6974	68995257
-16793	-1475	310	19467	3623	1895	-23	133	-39	6975	34875	6975	68995258
-16792	-1457	400	19564	3633	1964	-24	133	-40	6976	34880	6976	68995258
-16816	-1465	393	19636	3645	2033	-26	134	-42	6977	34885	6977	68995261
-16839	-1549	394	19711	3668	2102	-27	134	-40	6978	34890	6978	68995277
-16820	-1549	442	19798	3691	2177	-29	133	-37	6979	34895	6979	68995294
-16788	-1588	428	19867	3719	2244	-27	135	-37	6980	34900	6980	68995295
-16810	-1676	412	19941	3726	2303	-24	138	-38	6981	34905	6981	68995295
-16819	-1719	343	20011	3716	2361	-26	136	-39	6982	34910	6982	68995295
-16793	-1750	312	20068	3708	2428	-28	134	-40	6983	34915	6983	68995296
-16773	-1828	335	20149	3710	2482	-23	135	-41	6984	34920	6984	68995296
-16787	-1922	330	20269	3721	2538	-20	136	-42	6985	34925	6985	68995313
-16756	-1926	352	20408	3746	2602	-20	135	-44	6986	34930	6986	68995329
-16720	-1937	364	20515	3781	2648	-20	134	-46	6987	34935	6987	68995332
-16686	-1998	317	20582	3805	2677	-21	132	-48	6988	34940	6988	68995332
-16648	-2045	268	20630	3809	2715	-21	131	-49	6989	34945	6989	68995332
-16666	-2085	280	20666	3797	2762	-19	132	-45	6990	34950	6990	68995332
-16694	-2102	196	20689	3776	2809	-18	132	-42	6991	34955	6991	68995332
-16701	-2104	176	20683	3763	2844	-18	134	-44	6992	34960	6992	68995338
-16689	-2136	254	20705	3748	2886	-18	134	-44	6993	34965	6993	68995378
-16662	-2152	189	20721	3741	2929	-13	132	-49	6994	34970	6994	68995387
-16603	-2215	150	20767	3735	2963	-12	132	-50	6995	34975	6995	68995387
-16550	-2299	149	20793	3736	2995	-10	140	-47	6996	34980	6996	68995387
-16524	-2262	57	20823	3731	3036	-10	142	-46	6997	34985	6997	68995387
-16605	-2346	101	20855	3716	3067	-11	135	-45	6998	34990	6998	68995387
-16626	-2410	153	20880	3695	3100	-11	133	-45	6999	34995	6999	68995387
-16568	-2442	62	20875	3668	3132	-11	137	-47	7000	35000	7000	68995399
-16644	-2436	156	20861	3619	3164	-11	137	-47	7001	35005	7001	68995429
-16616	-2480	142	20840	3595	3234	-11	135	-51	7002	35010	7002	68995429
-16632	-2574	124	20839	3573	3318	-11	135	-51	7003	35015	7003	68995429
-16644	-2680	84	20846	3576	3419	-9	131	-47	7004	35020	7004	68995429
-16558	-2648	72	20856	3585	3489	-9	131	-47	7005	35025	7005	68995429
-16524	-2794	2	20860	3565	3567	-15	133	-41	7006	35030	7006	68995429
-16446	-2858	28	20850	3482	3629	-15	133	-41	7007	35035	7007	68995429
-16476	-2917	-122	20817	3311	3683	-7	139	-47	7008	35040	7008	68995429
-16547	-3028	-200	20701	3167	3732	-6	139	-48	7009	35045	7009	68995429
-16622	-3131	-201	20492	3038	3813	0	138	-50	7010	35050	7010	68995433
-16642	-3134	-211	20293	2932	3894	0	137	-48	7011	35055	7011	68995448
-16599	-3139	-140	20156	2854	3970	-2	134	-42	7012	35060	7012	68995466
-16523	-3173	-157	20047	2771	4056	-4	134	-43	7013	35065	7013	68995466
-16478	-3222	-169	19965	2661	4115	-13	135	-47	7014	35070	7014	68995466
-16433	-3195	-294	19890	2523	4161	-11	136	-48	7015	35075	7015	68995466
-16431	-3151	-296	19819	2358	4210	-2	140	-50	7016	35080	7016	68995466
-16509	-3184	-379	19728	2222	4285	-1	140	-48	7017	35085	7017	68995466
-16546	-3172	-440	19673	2143	4347	0	140	-44	7018	35090	7018	68995469
-16552	-3168	-522	19664	2032	4402	-2	139	-47	7019	35095	7019	68995489
-16644	-3243	-553	19635	1907	4441	-4	138	-52	7020	35100	7020	68995512
-16785	-3308	-603	19549	1799	4491	-4	140	-52	7021	35105	7021	68995512
-16858	-3404	-659	19423	1712	4561	-4	144	-52	7022	35110	7022	68995512
-16963	-3465	-674	19288	1628	4647	0	140	-51	7023	35115	7023	68995512
-17069	-3531	-675	19167	1533	4734	5	135	-49	7024	35120	7024	68995512
-17064	-3519	-698	19078	1439	4833	2	138	-47	7025	35125	7025	68995512
-17045	-3545	-703	19046	1347	4918	0	140	-46	7026	35130	7026	68995534
-17073	-3612	-781	19049	1269	4989	-2	138	-48	7027	35135	7027	68995549
-17139	-3678	-880	19006	1215	5056	-3	137	-49	7028	35140	7028	68995549
-17156	-3708	-888	18906	1192	5106	-2	136	-45	7029	35145	7029	68995549
-17114	-3751	-889	18814	1181	5136	-2	136	-42	7030	35150	7030	68995550
-17026	-3822	-988	18784	1136	5166	-2	138	-41	7031	35155	7031	68995550
-16971	-3954	-1125	18788	1023	5227	-2	140	-40	7032	35160	7032	68995550
-16943	-4147	-1208	18748	821	5324	1	140	-45	7033	35165	7033	68995571
-16998	-4286	-1236	18638	591	5412	2	140	-46	7034	35170	7034	68995600
-17024	-4300	-1354	18376	353	5520	0	142	-48	7035	35175	7035	68995606
-17000	-4264	-1462	18026	162	5607	0	142	-48	7036	35180	7036	68995606
-16906	-4310	-1530	17679	29	5712	-2	140	-45	7037	35185	7037	68995606
-16774	-4308	-1657	17334	-123	5827	-2	140	-44	7038	35190	7038	68995606
-16668	-4285	-1651	16991	-309	5893	0	140	-50	7039	35195	7039	68995606
-16632	-4298	-1696	16700	-573	5942	0	140	-52	7040	35200	7040	68995606
-16622	-4256	-1884	16333	-912	5976	-5	141	-47	7041	35205	7041	68995606
-16600	-4312	-1844	15941	-1122	6040	-5	141	-47	7042	35210	7042	68995606
-16494	-4280	-1906	15556	-1325	6032	5	137	-47	7043	35215	7043	68995617
-16334	-4320	-2122	15215	-1530	6007	5	137	-47	7044	35220	7044	68995644
-16402	-4253	-2092	14949	-1710	5924	3	144	-47	7045	35225	7045	68995644
-16418	-4243	-2065	14636	-1937	5864	3	145	-47	7046	35230	7046	68995644
-16332	-4145	-2110	14361	-2179	5738	3	142	-47	7047	35235	7047	68995644
-16363	-4168	-2149	14109	-2432	5626	3	141	-47	7048	35240	7048	68995644
-16448	-4076	-2175	13837	-2677	5593	-4	143	-51	7049	35245	7049	68995644
-16548	-4020	-2170	13490	-2874	5572	-6	144	-52	7050	35250	7050	68995644
-16592	-4008	-2258	13163	-2985	5611	4	144	-42	7051	35255	7051	68995644
-16288	-3912	-2138	12617	-3140	5838	4	144	-42	7052	35260	7052	68995644
-16352	-3468	-2150	12255	-3358	5528	-2	142	-46	7053	35265	7053	68995644
-16434	-3454	-2276	12233	-3552	5226	-2	142	-46	7054	35270	7054	68995655
-16608	-3534	-2382	12131	-3733	5123	0	146	-38	7055	35275	7055	68995726
-16398	-3484	-2322	11846	-3891	5136	0	146	-38	7056	35280	7056	68995726
-16420	-3388	-2238	11727	-4081	4998	0	146	-42	7057	35285	7057	68995727
-16550	-3784	-2421	11383	-4271	5200	0	146	-42	7058	35290	7058	68995727
-16119	-3256	-2198	10797	-4409	5169	2	144	-40	7059	35295	7059	68995727
-16571	-3119	-2328	10765	-4387	4436	1	144	-39	7060	35300	7060	68995727
-16615	-3065	-2246	10730	-4240	4476	-1	145	-35	7061	35305	7061	68995727
-16604	-3020	-2246	10664	-4161	4215	0	146	-36	7062	35310	7062	68995738
-16432	-3090	-2176	10423	-4107	4140	2	152	-38	7063	35315	7063	68995779
-16342	-2968	-2183	10050	-4125	4045	-1	152	-38	7064	35320	7064	68995789
-16226	-2820	-2178	9778	-4228	3895	-12	154	-40	7065	35325	7065	68995789
-16255	-2791	-2191	9565	-4327	3849	-9	155	-40	7066	35330	7066	68995789
-16200	-2476	-2215	9387	-4398	3468	2	156	-40	7067	35335	7067	68995789
-16493	-2416	-2257	9504	-4334	3033	-2	155	-38	7068	35340	7068	68995789
-16691	-2736	-2336	9630	-4222	3084	-7	153	-35	7069	35345	7069	68995789
-16540	-2892	-2212	9363	-4260	3350	-5	152	-34	7070	35350	7070	68995789
-16346	-2549	-2077	8988	-4439	3186	-3	151	-33	7071	35355	7071	68995789
-16604	-2243	-2154	9008	-4576	2682	0	151	-34	7072	35360	7072	68995789
-16742	-2230	-2174	9085	-4587	2668	4	150	-36	7073	35365	7073	68995790
-16693	-2098	-2029	9048	-4562	2777	1	150	-35	7074	35370	7074	68995790
-16758	-1856	-2048	9233	-4428	2555	-2	150	-34	7075	35375	7075	68995796
-16837	-1884	-2253	9462	-4134	2310	0	151	-34	7076	35380	7076	68995800
-16882	-1979	-2324	9464	-3866	2193	2	152	-34	7077	35385	7077	68995800
-16851	-2094	-2274	9333	-3756	2127	4	154	-32	7078	35390	7078	68995806
-16853	-2156	-2233	9245	-3723	2018	5	155	-31	7079	35395	7079	68995822
-16874	-2218	-2244	9207	-3630	1891	0	149	-32	7080	35400	7080	68995830
-16810	-2194	-2136	9072	-3501	1737	-3	145	-33	7081	35405	7081	68995831
-16702	-2124	-2019	8903	-3468	1553	-2	146	-33	7082	35410	7082	68995831
-16705	-2010	-1992	8736	-3609	1372	-1	147	-33	7083	35415	7083	68995832
-16752	-1909	-1942	8537	-3778	1189	0	146	-26	7084	35420	7084	68995832
-16672	-1820	-2004	8438	-3831	973	0	146	-24	7085	35425	7085	68995832
-16764	-1852	-2083	8371	-3755	805	1	153	-23	7086	35430	7086	68995833
-16811	-1808	-2186	8053	-3611	762	1	155	-23	7087	35435	7087	68995855
-16717	-1663	-2208	7570	-3478	752	-1	149	-32	7088	35440	7088	68995875
-16740	-1409	-2155	7202	-3332	579	-2	148	-34	7089	35445	7089	68995879
-16770	-1352	-2086	7133	-3144	423	-3	146	-28	7090	35450	7090	68995879
-16734	-1548	-2202	7106	-2894	360	-3	145	-27	7091	35455	7091	68995879
-16678	-1670	-2210	6772	-2728	306	0	150	-20	7092	35460	7092	68995879
-16740	-1724	-2178	6438	-2569	260	0	150	-20	7093	35465	7093	68995879
-16740	-1674	-2074	6180	-2396	207	-11	145	-17	7094	35470	7094	68995879
-16614	-1922	-2084	6081	-2141	64	-11	145	-17	7095	35475	7095	68995879
-16512	-1912	-1890	6012	-1942	7	-3	153	-25	7096	35480	7096	68995879
-16470	-2120	-1900	5932	-1759	-144	-3	153	-25	7097	35485	7097	68995879
-16456	-2236	-2068	5618	-1632	-195	6	160	-26	7098	35490	7098	68995879
-16584	-2340	-2068	5322	-1520	-268	6	160	-26	7099	35495	7099	68995888
-16676	-2466	-2098	5196	-1284	-335	2	152	-20	7100	35500	7100	68995917
-16552	-2618	-2103	5010	-1088	-382	1	152	-20	7101	35505	7101	68995917
-16483	-2592	-2006	4579	-968	-426	-1	153	-21	7102	35510	7102	68995918
-16498	-2554	-1938	4117	-918	-490	1	153	-21	7103	35515	7103	68995918
-16299	-2462	-1854	3732	-899	-510	7	155	-21	7104	35520	7104	68995918
-16362	-2519	-1888	3630	-884	-757	5	154	-21	7105	35525	7105	68995918
-16312	-2684	-1984	3556	-832	-868	-1	149	-19	7106	35530	7106	68995921
-16335	-2734	-2024	3313	-737	-984	0	150	-19	7107	35535	7107	68995936
-16415	-2777	-2064	2955	-619	-1086	4	152	-18	7108	35540	7108	68995955
-16388	-2769	-1894	2593	-539	-1132	1	150	-17	7109	35545	7109	68995955
-16350	-2696	-1817	2220	-521	-1186	-4	146	-16	7110	35550	7110	68995955
-16354	-2640	-1958	1814	-549	-1226	-3	150	-18	7111	35555	7111	68995956
-16419	-2659	-2084	1362	-549	-1237	-1	157	-21	7112	35560	7112	68995956
-16597	-2742	-2161	925	-489	-1246	1	156	-21	7113	35565	7113	68995956
-16674	-2795	-2175	518	-407	-1255	5	155	-21	7114	35570	7114	68995956
-16678	-2796	-2171	116	-334	-1292	5	153	-19	7115	35575	7115	68995957
-16745	-2712	-2080	-305	-287	-1352	5	149	-17	7116	35580	7116	68995969
-16843	-2549	-2045	-694	-319	-1380	3	151	-18	7117	35585	7117	68995988
-16920	-2431	-2041	-1062	-347	-1407	2	152	-18	7118	35590	7118	68995992
-17021	-2276	-2084	-1444	-305	-1440	3	153	-21	7119	35595	7119	68995993
-17105	-2136	-2125	-1780	-215	-1465	3	153	-23	7120	35600	7120	68995993
-17179	-2055	-2116	-2062	-140	-1478	7	153	-21	7121	35605	7121	68995993
-17224	-1936	-2107	-2324	-99	-1492	9	153	-19	7122	35610	7122	68995993
-17281	-1819	-2094	-2534	-49	-1522	7	152	-20	7123	35615	7123	68995994
-17323	-1745	-2121	-2692	47	-1556	5	151	-21	7124	35620	7124	68996009
-17303	-1662	-2076	-2751	227	-1604	7	151	-18	7125	35625	7125	68996027
-17262	-1607	-2098	-2792	396	-1677	7	151	-17	7126	35630	7126	68996030
-17217	-1522	-2111	-2877	521	-1733	0	150	-15	7127	35635	7127	68996030
-17217	-1390	-2030	-2960	630	-1772	-4	150	-14	7128	35640	7128	68996030
-17188	-1291	-2006	-3074	710	-1789	4	152	-18	7129	35645	7129	68996031
-17189	-1236	-1994	-3222	763	-1801	9	153	-21	7130	35650	7130	68996031
-17176	-1222	-1952	-3378	798	-1807	4	151	-19	7131	35655	7131	68996031
-17173	-1230	-1933	-3524	826	-1812	1	149	-17	7132	35660	7132	68996046
-17182	-1231	-1950	-3687	853	-1817	4	148	-23	7133	35665	7133	68996073
-17172	-1316	-1922	-3834	916	-1815	5	147	-25	7134	35670	7134	68996078
-17079	-1410	-1895	-3976	1001	-1811	1	153	-26	7135	35675	7135	68996078
-17021	-1510	-1949	-4132	1064	-1817	0	154	-26	7136	35680	7136	68996078
-16982	-1528	-1922	-4359	1101	-1810	5	152	-21	7137	35685	7137	68996078
-16961	-1557	-1938	-4598	1116	-1818	6	152	-20	7138	35690	7138	68996078
-16945	-1604	-1960	-4828	1101	-1798	10	156	-18	7139	35695	7139	68996085
-16878	-1617	-1929	-5067	1102	-1779	11	157	-17	7140	35700	7140	68996116
-16896	-1706	-1866	-5369	1100	-1750	3	157	-23	7141	35705	7141	68996123
-16874	-1654	-1886	-5604	1070	-1710	3	157	-23	7142	35710	7142	68996123
-16952	-1726	-1928	-5817	1071	-1666	4	152	-28	7143	35715	7143	68996123
-16872	-1734	-1782	-5977	1137	-1645	4	152	-28	7144	35720	7144	68996123
-16792	-1766	-1710	-6034	1158	-1659	6	148	-22	7145	35725	7145	68996123
-16818	-1788	-1852	-6085	1136	-1679	6	148	-22	7146	35730	7146	68996124
-16840	-1750	-1768	-6196	1146	-1698	4	146	-28	7147	35735	7147	68996162
-16774	-1878	-1706	-6268	1151	-1696	4	146	-28	7148	35740	7148	68996162
-16682	-1928	-1772	-6356	1181	-1715	5	149	-29	7149	35745	7149	68996163
-16570	-2023	-1847	-6594	1155	-1739	6	149	-29	7150	35750	7150	68996163
-16581	-1993	-1834	-6816	1078	-1779	11	147	-27	7151	35755	7151	68996163
-16593	-2076	-1877	-7031	976	-1817	9	147	-26	7152	35760	7152	68996164
-16698	-2053	-1810	-7268	861	-1864	2	146	-20	7153	35765	7153	68996164
-16761	-1977	-1847	-7472	784	-1912	3	146	-23	7154	35770	7154	68996164
-16790	-1888	-1857	-7625	766	-1964	6	148	-34	7155	35775	7155	68996165
-16781	-1812	-1854	-7721	798	-2008	6	149	-33	7156	35780	7156	68996173
-16824	-1877	-1879	-7766	828	-2021	5	151	-31	7157	35785	7157	68996207
-16729	-1959	-1966	-7807	835	-2011	6	153	-29	7158	35790	7158	68996207
-16624	-2018	-2016	-7849	813	-2014	7	155	-27	7159	35795	7159	68996207
-16545	-2126	-2115	-7902	777	-2018	8	155	-29	7160	35800	7160	68996207
-16493	-2274	-2165	-7998	752	-2023	10	156	-32	7161	35805	7161	68996207
-16453	-2479	-2151	-8143	745	-2034	9	151	-30	7162	35810	7162	68996207
-16388	-2624	-2159	-8326	740	-2031	8	144	-26	7163	35815	7163	68996208
-16288	-2745	-2116	-8547	725	-2025	9	146	-27	7164	35820	7164	68996208
-16166	-2885	-2031	-8818	697	-2015	11	149	-29	7165	35825	7165	68996208
-16109	-2990	-2047	-9194	673	-1998	10	150	-32	7166	35830	7166	68996222
-16036	-2999	-1981	-9654	651	-1965	9	151	-35	7167	35835	7167	68996241
-16048	-3026	-1989	-10071	593	-1947	4	147	-30	7168	35840	7168	68996245
-16076	-3125	-2054	-10476	546	-1927	1	145	-27	7169	35845	7169	68996246
-16071	-3228	-2142	-10906	551	-1914	6	146	-29	7170	35850	7170	68996247
-16076	-3312	-2130	-11354	553	-1907	9	147	-31	7171	35855	7171	68996247
-16060	-3424	-2058	-11805	517	-1920	9	145	-31	7172	35860	7172	68996247
-16065	-3539	-1997	-12242	443	-1940	9	143	-31	7173	35865	7173	68996247
-16208	-3623	-1920	-12667	331	-1983	9	143	-31	7174	35870	7174	68996248
-16554	-3688	-1743	-13166	125	-2049	9	143	-31	7175	35875	7175	68996274
-16933	-3638	-1558	-13578	-109	-2051	7	149	-30	7176	35880	7176	68996282
-17052	-3505	-1399	-13826	-245	-2006	6	150	-30	7177	35885	7177	68996282
-16978	-3210	-1355	-13887	-229	-1997	3	148	-38	7178	35890	7178	68996283
-16778	-2922	-1371	-13823	-142	-2021	2	148	-40	7179	35895	7179	68996283
-16646	-2866	-1386	-13756	-65	-1990	5	145	-37	7180	35900	7180	68996283
-16584	-2853	-1524	-13707	-53	-1890	6	144	-36	7181	35905	7181	68996283
-16438	-2952	-1601	-13680	-91	-1756	9	146	-34	7182	35910	7182	68996302
-16352	-3010	-1738	-13687	-130	-1633	10	146	-34	7183	35915	7183	68996343
-16242	-3106	-1690	-13732	-143	-1596	3	145	-33	7184	35920	7184	68996343
-16182	-3194	-1756	-13787	-160	-1583	3	145	-33	7185	35925	7185	68996343
-16272	-3298	-1624	-13820	-191	-1567	9	145	-37	7186	35930	7186	68996343
-16266	-3458	-1552	-13930	-194	-1552	9	145	-37	7187	35935	7187	68996343
-16388	-3530	-1564	-14109	-175	-1558	1	143	-35	7188	35940	7188	68996343
-16474	-3508	-1526	-14306	-203	-1562	1	143	-35	7189	35945	7189	68996343
-16474	-3654	-1356	-14483	-289	-1518	6	148	-40	7190	35950	7190	68996370
-16538	-3682	-1280	-14648	-387	-1446	6	148	-40	7191	35955	7191	68996381
-16589	-3694	-1217	-14927	-561	-1429	6	148	-34	7192	35960	7192	68996382
-16664	-3696	-1317	-15139	-646	-1410	5	149	-35	7193	35965	7193	68996382
-16707	-3662	-1332	-15334	-672	-1386	1	153	-39	7194	35970	7194	68996383
-16780	-3575	-1238	-15560	-720	-1380	1	151	-38	7195	35975	7195	68996383
-16796	-3448	-1176	-15815	-839	-1374	3	145	-35	7196	35980	7196	68996383
-16917	-3270	-1168	-16107	-991	-1348	2	145	-35	7197	35985	7197	68996383
-17007	-3112	-1127	-16405	-1094	-1348	-2	144	-34	7198	35990	7198	68996384
-17113	-2955	-1122	-16727	-1096	-1366	-1	144	-36	7199	35995	7199	68996384
-17198	-2835	-1069	-17005	-1066	-1390	2	142	-42	7200	36000	7200	68996384
-17216	-2724	-940	-17172	-1054	-1409	3	143	-41	7201	36005	7201	68996386
-17233	-2580	-848	-17252	-1046	-1451	5	145	-39	7202	36010	7202	68996407
-17229	-2473	-892	-17267	-1020	-1510	4	145	-37	7203	36015	7203	68996434
-17150	-2312	-854	-17254	-1002	-1558	2	144	-34	7204	36020	7204	68996434
-17170	-2108	-885	-17187	-992	-1617	0	143	-37	7205	36025	7205	68996436
-17160	-1934	-937	-17087	-958	-1661	-2	142	-42	7206	36030	7206	68996437
-17164	-1811	-982	-16970	-904	-1689	-1	143	-40	7207	36035	7207	68996437
-17146	-1708	-991	-16814	-832	-1716	0	144	-38	7208	36040	7208	68996438
-17165	-1702	-1015	-16663	-773	-1728	-2	144	-40	7209	36045	7209	68996450
-17162	-1670	-1043	-16543	-714	-1740	-4	144	-42	7210	36050	7210	68996463
-17088	-1623	-1065	-16428	-639	-1757	-4	142	-40	7211	36055	7211	68996467
-17039	-1623	-1088	-16332	-569	-1769	-4	140	-38	7212	36060	7212	68996467
-17035	-1666	-1105	-16259	-502	-1770	-3	143	-38	7213	36065	7213	68996467
-17006	-1718	-1095	-16189	-430	-1764	-1	147	-39	7214	36070	7214	68996467
-16942	-1773	-1081	-16113	-350	-1772	-5	143	-36	7215	36075	7215	68996467
-16918	-1865	-1087	-16049	-273	-1776	-12	138	-32	7216	36080	7216	68996467
-16903	-1986	-1033	-15979	-195	-1781	-8	141	-37	7217	36085	7217	68996468
-16829	-2053	-1020	-15941	-127	-1778	-5	143	-41	7218	36090	7218	68996468
-16758	-2141	-995	-15952	-64	-1795	-4	141	-41	7219	36095	7219	68996475
-16772	-2228	-1024	-16011	-10	-1786	-3	139	-41	7220	36100	7220	68996515
-16771	-2299	-1057	-16103	32	-1788	-6	141	-44	7221	36105	7221	68996539
-16778	-2377	-1048	-16177	87	-1810	-8	142	-46	7222	36110	7222	68996539
-16763	-2461	-1025	-16249	148	-1812	-9	142	-45	7223	36115	7223	68996539
-16769	-2520	-1012	-16358	185	-1789	-10	142	-44	7224	36120	7224	68996539
-16777	-2494	-893	-16538	204	-1742	-6	143	-43	7225	36125	7225	68996539
-16795	-2456	-760	-16638	198	-1744	-5	143	-43	7226	36130	7226	68996540
-16779	-2424	-771	-16672	166	-1726	-10	143	-45	7227	36135	7227	68996557
-16817	-2364	-863	-16747	153	-1694	-11	143	-45	7228	36140	7228	68996591
-16838	-2265	-855	-16835	166	-1648	-16	145	-42	7229	36145	7229	68996598
-16843	-2193	-861	-16852	180	-1621	-17	145	-41	7230	36150	7230	68996598
-16916	-2191	-933	-16844	168	-1557	-11	139	-45	7231	36155	7231	68996598
-16832	-2087	-929	-16803	161	-1517	-10	138	-46	7232	36160	7232	68996599
-16812	-2142	-856	-16710	142	-1453	-17	135	-45	7233	36165	7233	68996599
-16788	-2190	-788	-16580	156	-1396	-17	135	-45	7234	36170	7234	68996599
-16750	-2234	-904	-16491	133	-1325	-10	134	-46	7235	36175	7235	68996599
-16724	-2234	-904	-16480	81	-1290	-10	134	-46	7236	36180	7236	68996599
-16766	-2322	-992	-16489	53	-1221	-16	138	-48	7237	36185	7237	68996600
-16678	-2308	-920	-16499	95	-1177	-16	138	-48	7238	36190	7238	68996600
-16688	-2350	-1020	-16459	174	-1203	-15	141	-41	7239	36195	7239	68996600
-16658	-2480	-966	-16409	219	-1152	-15	141	-41	7240	36200	7240	68996635
-16636	-2524	-928	-16390	240	-1098	-13	135	-45	7241	36205	7241	68996635
-16644	-2582	-930	-16520	190	-1014	-14	135	-46	7242	36210	7242	68996635
-16659	-2636	-892	-16704	159	-970	-16	136	-48	7243	36215	7243	68996635
-16603	-2645	-939	-16847	164	-958	-16	136	-49	7244	36220	7244	68996635
-16546	-2695	-970	-16950	153	-945	-16	134	-54	7245	36225	7245	68996635
-16540	-2670	-958	-17047	118	-957	-16	135	-53	7246	36230	7246	68996635
-16596	-2674	-960	-17255	35	-919	-18	140	-48	7247	36235	7247	68996635
-16695	-2489	-902	-17571	-74	-898	-19	139	-48	7248	36240	7248	68996635
-16741	-2384	-900	-17807	-103	-883	-21	137	-47	7249	36245	7249	68996636
-16680	-2255	-896	-17897	-74	-844	-21	137	-47	7250	36250	7250	68996636
-16582	-2202	-901	-17960	-28	-809	-21	137	-47	7251	36255	7251	68996636
-16532	-2119	-885	-18048	-22	-823	-21	135	-47	7252	36260	7252	68996640
-16488	-1980	-862	-18134	-74	-835	-20	132	-46	7253	36265	7253	68996656
-16455	-1836	-917	-18154	-177	-820	-23	133	-46	7254	36270	7254	68996672
-16442	-1751	-929	-18094	-281	-796	-27	135	-45	7255	36275	7255	68996672
-16372	-1636	-854	-17985	-354	-773	-29	132	-48	7256	36280	7256	68996673
-16374	-1600	-895	-17868	-387	-770	-32	128	-52	7257	36285	7257	68996673
-16335	-1550	-868	-17813	-400	-771	-32	133	-52	7258	36290	7258	68996674
-16234	-1474	-845	-17783	-424	-768	-31	137	-51	7259	36295	7259	68996674
-16262	-1444	-878	-17768	-452	-744	-28	135	-47	7260	36300	7260	68996679
-16334	-1375	-900	-17731	-460	-737	-26	134	-44	7261	36305	7261	68996699
-16386	-1360	-782	-17655	-456	-755	-28	132	-45	7262	36310	7262	68996709
-16396	-1358	-706	-17578	-459	-756	-30	130	-46	7263	36315	7263	68996709
-16485	-1302	-733	-17476	-421	-798	-29	131	-43	7264	36320	7264	68996709
-16492	-1356	-689	-17356	-366	-856	-29	131	-41	7265	36325	7265	68996709
-16357	-1430	-761	-17312	-375	-824	-27	135	-45	7266	36330	7266	68996710
-16289	-1380	-716	-17366	-441	-817	-26	136	-46	7267	36335	7267	68996710
-16317	-1147	-651	-17410	-512	-893	-32	132	-44	7268	36340	7268	68996733
-16411	-983	-741	-17365	-574	-997	-33	131	-43	7269	36345	7269	68996745
-16374	-946	-779	-17298	-650	-994	-37	133	-47	7270	36350	7270	68996747
-16358	-877	-700	-17292	-743	-942	-38	134	-48	7271	36355	7271	68996747
-16412	-850	-733	-17278	-847	-957	-34	136	-47	7272	36360	7272	68996747
-16373	-842	-820	-17272	-914	-965	-33	137	-47	7273	36365	7273	68996747
-16432	-768	-902	-17220	-951	-1025	-32	130	-45	7274	36370	7274	68996747
-16412	-728	-828	-17057	-1001	-1119	-32	128	-44	7275	36375	7275	68996748
-16470	-648	-660	-16827	-1045	-1243	-39	131	-49	7276	36380	7276	68996789
-16478	-720	-840	-16673	-1099	-1242	-39	131	-49	7277	36385	7277	68996789
-16392	-590	-736	-16607	-1127	-1250	-41	123	-41	7278	36390	7278	68996789
-16414	-524	-820	-16458	-1118	-1322	-41	123	-41	7279	36395	7279	68996789
-16342	-492	-770	-16333	-1172	-1326	-35	131	-45	7280	36400	7280	68996789
-16410	-362	-808	-16234	-1255	-1410	-35	131	-45	7281	36405	7281	68996790
-16444	-264	-854	-16161	-1308	-1470	-46	128	-40	7282	36410	7282	68996790
-16450	-253	-865	-16043	-1363	-1505	-45	128	-41	7283	36415	7283	68996806
-16378	-214	-964	-15948	-1394	-1510	-40	128	-44	7284	36420	7284	68996825
-16361	-170	-926	-15864	-1397	-1526	-41	129	-43	7285	36425	7285	68996827
-16335	-26	-932	-15808	-1418	-1554	-45	133	-41	7286	36430	7286	68996827
-16370	101	-963	-15693	-1456	-1651	-45	132	-41	7287	36435	7287	68996827
-16372	76	-999	-15489	-1493	-1744	-46	128	-40	7288	36440	7288	68996827
-16368	35	-1051	-15381	-1526	-1712	-45	130	-41	7289	36445	7289	68996827
-16296	72	-1042	-15326	-1554	-1731	-42	136	-44	7290	36450	7290	68996829
-16211	155	-1099	-15196	-1576	-1779	-44	134	-42	7291	36455	7291	68996844
-16184	331	-1066	-14906	-1612	-1875	-49	127	-37	7292	36460	7292	68996863
-16258	317	-1129	-14552	-1628	-2040	-49	130	-37	7293	36465	7293	68996863
-16322	110	-1191	-14169	-1647	-2098	-49	135	-37	7294	36470	7294	68996863
-16306	-56	-1183	-14056	-1683	-2021	-47	134	-39	7295	36475	7295	68996863
-16309	38	-1161	-14122	-1710	-2026	-43	133	-43	7296	36480	7296	68996863
-16302	150	-1109	-14106	-1699	-2115	-45	132	-43	7297	36485	7297	68996863
-16362	268	-1083	-13850	-1638	-2311	-52	128	-42	7298	36490	7298	68996866
-16410	133	-1281	-13485	-1566	-2390	-52	129	-41	7299	36495	7299	68996882
-16281	-187	-1300	-13462	-1614	-2163	-53	131	-37	7300	36500	7300	68996901
-16241	-162	-1212	-13682	-1704	-2116	-51	129	-39	7301	36505	7301	68996901
-16274	12	-1186	-13792	-1762	-2175	-49	127	-43	7302	36510	7302	68996901
-16281	147	-1178	-13708	-1780	-2204	-48	128	-42	7303	36515	7303	68996901
-16270	146	-1300	-13520	-1796	-2214	-47	129	-41	7304	36520	7304	68996901
-16288	78	-1385	-13356	-1846	-2243	-49	129	-40	7305	36525	7305	68996901
-16394	28	-1438	-13214	-1916	-2327	-53	129	-39	7306	36530	7306	68996906
-16532	-71	-1512	-13091	-1968	-2317	-51	131	-37	7307	36535	7307	68996923
-16584	-147	-1475	-13050	-1994	-2241	-49	135	-35	7308	36540	7308	68996938
-16546	-174	-1444	-13031	-2011	-2257	-53	131	-34	7309	36545	7309	68996938
-16490	-116	-1433	-12981	-2038	-2276	-56	128	-34	7310	36550	7310	68996938
-16482	-61	-1361	-12878	-2071	-2319	-53	131	-33	7311	36555	7311	68996938
-16399	74	-1234	-12697	-2129	-2485	-51	133	-33	7312	36560	7312	68996938
-16544	43	-1340	-12368	-2174	-2785	-50	132	-35	7313	36565	7313	68996938
-16479	-224	-1488	-12259	-2251	-2609	-50	132	-36	7314	36570	7314	68996989
-16380	-328	-1444	-12494	-2348	-2398	-53	129	-35	7315	36575	7315	68997023
-16420	-128	-1415	-12771	-2445	-2417	-55	127	-35	7316	36580	7316	68997024
-16458	-26	-1392	-12813	-2500	-2383	-57	129	-40	7317	36585	7317	68997024
-16365	155	-1302	-12715	-2542	-2359	-57	129	-41	7318	36590	7318	68997024
-16382	241	-1351	-12508	-2574	-2432	-55	129	-35	7319	36595	7319	68997025
-16616	210	-1536	-12299	-2612	-2570	-55	129	-33	7320	36600	7320	68997025
-16685	26	-1557	-12230	-2642	-2458	-52	129	-31	7321	36605	7321	68997032
-16667	-15	-1554	-12379	-2653	-2240	-51	129	-31	7322	36610	7322	68997056
-16697	16	-1472	-12444	-2643	-2246	-52	128	-32	7323	36615	7323	68997061
-16648	86	-1383	-12377	-2604	-2271	-52	128	-32	7324	36620	7324	68997061
-16616	224	-1326	-12202	-2626	-2344	-49	129	-29	7325	36625	7325	68997061
-16680	284	-1314	-12012	-2705	-2448	-49	129	-29	7326	36630	7326	68997061
-16686	248	-1272	-11910	-2792	-2380	-54	132	-30	7327	36635	7327	68997062
-16804	346	-1364	-11781	-2879	-2410	-54	132	-30	7328	36640	7328	68997062
-16640	296	-1328	-11699	-2931	-2328	-54	128	-34	7329	36645	7329	68997062
-16664	440	-1280	-11651	-2956	-2313	-54	128	-34	7330	36650	7330	68997062
-16780	674	-1378	-11349	-2972	-2536	-54	130	-30	7331	36655	7331	68997062
-16740	426	-1516	-11017	-2995	-2450	-54	130	-30	7332	36660	7332	68997062
-16782	146	-1655	-11025	-3048	-2157	-57	131	-31	7333	36665	7333	68997062
-16653	148	-1640	-11227	-3126	-1987	-56	130	-30	7334	36670	7334	68997064
-16772	350	-1545	-11224	-3169	-2047	-54	128	-28	7335	36675	7335	68997071
-16871	459	-1578	-11016	-3157	-2106	-55	129	-28	7336	36680	7336	68997071
-16959	426	-1567	-10752	-3120	-2127	-58	132	-28	7337	36685	7337	68997073
-16985	321	-1580	-10540	-3075	-2060	-58	132	-27	7338	36690	7338	68997087
-17014	233	-1522	-10427	-3109	-2044	-56	134	-22	7339	36695	7339	68997107
-17031	173	-1540	-10431	-3184	-2027	-58	133	-23	7340	36700	7340	68997107
-16968	249	-1552	-10428	-3227	-2004	-67	129	-25	7341	36705	7341	68997107
-16972	288	-1548	-10260	-3227	-2091	-61	131	-25	7342	36710	7342	68997108
-16978	274	-1564	-10076	-3238	-2087	-51	135	-25	7343	36715	7343	68997108
-16918	219	-1616	-10029	-3303	-1921	-55	135	-22	7344	36720	7344	68997109
-16898	285	-1655	-10081	-3389	-1801	-60	134	-18	7345	36725	7345	68997110
-16856	428	-1687	-10092	-3430	-1742	-60	134	-17	7346	36730	7346	68997128
-16855	565	-1652	-10005	-3444	-1704	-59	133	-15	7347	36735	7347	68997152
-16824	620	-1718	-9834	-3448	-1690	-61	130	-14	7348	36740	7348	68997152
-16782	606	-1831	-9627	-3444	-1652	-65	125	-13	7349	36745	7349	68997152
-16734	574	-1901	-9473	-3436	-1590	-62	126	-17	7350	36750	7350	68997152
-16725	514	-1924	-9373	-3420	-1539	-60	126	-20	7351	36755	7351	68997152
-16748	466	-1977	-9270	-3384	-1496	-56	128	-22	7352	36760	7352	68997152
-16678	426	-1929	-9155	-3336	-1437	-54	130	-24	7353	36765	7353	68997157
-16670	429	-1924	-9042	-3295	-1410	-54	129	-19	7354	36770	7354	68997174
-16694	390	-1987	-8937	-3255	-1389	-54	128	-16	7355	36775	7355	68997184
-16662	320	-2054	-8856	-3216	-1345	-58	131	-17	7356	36780	7356	68997184
-16627	289	-2074	-8811	-3182	-1303	-61	133	-17	7357	36785	7357	68997184
-16585	254	-1992	-8768	-3150	-1261	-59	132	-16	7358	36790	7358	68997185
-16560	263	-2060	-8653	-3169	-1275	-58	132	-16	7359	36795	7359	68997185
-16500	158	-2004	-8441	-3237	-1291	-60	133	-14	7360	36800	7360	68997185
-16353	410	-1877	-8225	-3267	-1435	-61	133	-13	7361	36805	7361	68997185
-16933	-14	-2170	-7876	-3231	-1720	-62	135	-14	7362	36810	7362	68997186
-16793	-476	-2212	-8122	-3230	-1076	-62	136	-14	7363	36815	7363	68997186
-16819	-429	-2079	-8586	-3239	-1020	-58	132	-15	7364	36820	7364	68997206
-16980	-274	-2022	-8798	-3203	-1180	-57	131	-15	7365	36825	7365	68997218
-17044	-240	-1958	-8833	-3139	-1144	-56	136	-18	7366	36830	7366	68997220
-17010	-208	-1834	-8786	-3115	-1088	-56	136	-18	7367	36835	7367	68997220
-16916	-160	-1770	-8723	-3080	-1052	-56	130	-10	7368	36840	7368	68997220
-16828	-84	-1732	-8671	-3082	-1019	-56	130	-10	7369	36845	7369	68997220
-16810	18	-1748	-8620	-3083	-1012	-59	139	-7	7370	36850	7370	68997230
-16788	154	-1726	-8562	-3058	-988	-59	139	-7	7371	36855	7371	68997260
-16920	328	-1846	-8465	-3049	-941	-58	132	-10	7372	36860	7372	68997261
-16918	376	-1914	-8346	-3025	-855	-58	132	-10	7373	36865	7373	68997261
-16874	296	-1876	-8206	-2982	-797	-59	129	-11	7374	36870	7374	68997261
-16929	288	-1932	-8004	-2928	-761	-59	130	-10	7375	36875	7375	68997261
-16908	242	-1894	-7853	-2893	-756	-58	136	-8	7376	36880	7376	68997261
-16893	178	-1862	-7669	-2869	-759	-58	135	-8	7377	36885	7377	68997268
-16844	106	-1781	-7457	-2840	-751	-60	132	-8	7378	36890	7378	68997298
-16864	58	-1748	-7262	-2808	-749	-60	132	-8	7379	36895	7379	68997298
-16872	22	-1676	-7021	-2769	-763	-62	138	-4	7380	36900	7380	68997299
-16832	-30	-1648	-6838	-2763	-759	-62	138	-4	7381	36905	7381	68997299
-16808	-84	-1622	-6734	-2775	-767	-59	131	-9	7382	36910	7382	68997299
-16828	-106	-1687	-6615	-2792	-797	-60	130	-9	7383	36915	7383	68997300
-16927	-186	-1720	-6510	-2792	-821	-64	126	-8	7384	36920	7384	68997300
-17037	-184	-1763	-6423	-2787	-841	-63	127	-7	7385	36925	7385	68997302
-17152	-163	-1712	-6372	-2755	-851	-61	131	-5	7386	36930	7386	68997313
-17187	-182	-1736	-6307	-2719	-848	-61	131	-5	7387	36935	7387	68997334
-17187	-120	-1698	-6207	-2676	-835	-60	130	-4	7388	36940	7388	68997334
-17169	-111	-1707	-6084	-2648	-790	-60	132	-4	7389	36945	7389	68997334
-17136	-77	-1684	-5942	-2613	-722	-58	140	-4	7390	36950	7390	68997334
-17119	-98	-1666	-5786	-2545	-668	-60	138	-4	7391	36955	7391	68997334
-17115	-101	-1706	-5609	-2415	-603	-65	131	-5	7392	36960	7392	68997335
-17085	-21	-1729	-5457	-2294	-565	-62	131	-3	7393	36965	7393	68997350
-17052	-19	-1663	-5296	-2182	-534	-57	131	-1	7394	36970	7394	68997372
-17047	-48	-1712	-5099	-2092	-504	-59	133	-3	7395	36975	7395	68997372
-17010	-89	-1717	-4906	-2013	-487	-63	135	-7	7396	36980	7396	68997372
-16952	-114	-1706	-4733	-1942	-476	-61	134	-6	7397	36985	7397	68997372
-16955	-120	-1786	-4570	-1888	-463	-58	132	-4	7398	36990	7398	68997372
-16933	-157	-1797	-4430	-1857	-440	-59	133	-3	7399	36995	7399	68997372
-16922	-261	-1817	-4298	-1834	-426	-59	133	-1	7400	37000	7400	68997378
-16960	-324	-1855	-4176	-1801	-425	-61	129	1	7401	37005	7401	68997398
-16977	-390	-1820	-4038	-1754	-412	-62	126	2	7402	37010	7402	68997410
-16999	-435	-1817	-3902	-1694	-393	-65	134	1	7403	37015	7403	68997410
-17040	-470	-1828	-3782	-1625	-387	-67	139	1	7404	37020	7404	68997410
-17083	-525	-1836	-3681	-1563	-384	-64	136	4	7405	37025	7405	68997410
-17102	-576	-1795	-3591	-1509	-347	-62	134	6	7406	37030	7406	68997411
-17068	-601	-1714	-3467	-1447	-295	-60	134	2	7407	37035	7407	68997411
-17010	-630	-1664	-3259	-1391	-243	-58	134	0	7408	37040	7408	68997438
-17001	-652	-1698	-3071	-1361	-178	-58	134	3	7409	37045	7409	68997447
-16996	-702	-1814	-2947	-1310	-137	-58	134	4	7410	37050	7410	68997447
-16956	-660	-1770	-2843	-1223	-88	-66	129	1	7411	37055	7411	68997447
-16959	-692	-1667	-2709	-1126	-42	-68	128	0	7412	37060	7412	68997447
-16928	-730	-1678	-2563	-1052	-9	-62	129	2	7413	37065	7413	68997447
-16869	-744	-1700	-2453	-992	5	-61	129	3	7414	37070	7414	68997447
-16758	-770	-1672	-2340	-922	9	-61	131	-3	7415	37075	7415	68997455
-16832	-748	-1724	-2208	-828	29	-61	131	-5	7416	37080	7416	68997484
-16790	-812	-1666	-2071	-744	42	-61	133	3	7417	37085	7417	68997484
-16798	-846	-1702	-1945	-696	55	-61	133	3	7418	37090	7418	68997484
-16760	-962	-1662	-1841	-651	58	-64	132	-2	7419	37095	7419	68997484
-16756	-984	-1682	-1727	-588	65	-64	132	-2	7420	37100	7420	68997484
-16680	-976	-1672	-1608	-547	63	-67	137	1	7421	37105	7421	68997484
-16712	-980	-1762	-1493	-514	57	-67	137	1	7422	37110	7422	68997485
-16704	-1080	-1692	-1394	-474	45	-55	141	3	7423	37115	7423	68997495
-16658	-1088	-1656	-1301	-427	45	-55	141	3	7424	37120	7424	68997529
-16627	-1101	-1601	-1189	-360	44	-62	136	6	7425	37125	7425	68997529
-16576	-1129	-1576	-1089	-333	70	-62	135	5	7426	37130	7426	68997530
-16560	-1204	-1649	-980	-317	92	-63	133	-1	7427	37135	7427	68997530
-16498	-1224	-1656	-863	-288	117	-63	133	-1	7428	37140	7428	68997530
-16474	-1202	-1626	-742	-260	133	-63	135	-1	7429	37145	7429	68997530
-16494	-1212	-1610	-638	-236	158	-63	135	-1	7430	37150	7430	68997538
-16449	-1244	-1618	-560	-225	191	-61	135	1	7431	37155	7431	68997570
-16430	-1221	-1675	-510	-203	216	-61	136	-1	7432	37160	7432	68997570
-16431	-1202	-1656	-420	-170	235	-61	139	-5	7433	37165	7433	68997570
-16452	-1251	-1644	-313	-140	246	-61	139	-1	7434	37170	7434	68997571
-16486	-1265	-1617	-195	-104	246	-61	139	5	7435	37175	7435	68997571
-16512	-1267	-1658	-98	-73	242	-61	135	3	7436	37180	7436	68997571
-16500	-1270	-1717	-8	-41	251	-61	129	1	7437	37185	7437	68997572
-16497	-1272	-1718	90	10	273	-61	132	2	7438	37190	7438	68997572
-16542	-1302	-1712	190	61	288	-61	137	3	7439	37195	7439	68997582
-16535	-1325	-1704	279	103	302	-61	136	3	7440	37200	7440	68997601
-16552	-1302	-1710	369	136	325	-60	134	2	7441	37205	7441	68997607
-16563	-1370	-1725	467	165	353	-61	136	3	7442	37210	7442	68997607
