-16614	-508	-1202	1903	583	-461	-181	281	-37	6906	34530	6906	68994935
-16538	-534	-1320	1930	581	-444	-181	281	-37	6907	34535	6907	68994935
-16557	-686	-1356	1945	587	-420	-185	283	-39	6908	34540	6908	68994935
-16497	-610	-1354	1928	583	-405	-184	283	-39	6909	34545	6909	68994935
-16542	-630	-1422	1915	587	-403	-179	281	-39	6910	34550	6910	68994936
-16572	-538	-1378	1900	572	-414	-179	281	-39	6911	34555	6911	68994936
-16534	-500	-1378	1928	563	-397	-178	280	-42	6912	34560	6912	68994936
-16598	-466	-1362	1998	556	-376	-178	280	-42	6913	34565	6913	68994954
-16550	-558	-1456	2097	555	-365	-180	274	-42	6914	34570	6914	68994974
-16546	-632	-1404	2165	545	-352	-180	274	-42	6915	34575	6915	68994975
-16589	-605	-1404	2184	552	-350	-179	273	-41	6916	34580	6916	68994975
-16625	-587	-1427	2222	539	-344	-179	274	-41	6917	34585	6917	68994976
-16625	-484	-1390	2232	550	-345	-181	279	-43	6918	34590	6918	68994976
-16612	-532	-1496	2275	544	-334	-181	279	-43	6919	34595	6919	68994977
-16634	-537	-1435	2317	545	-307	-181	277	-45	6920	34600	6920	68994980
-16625	-525	-1462	2336	522	-302	-181	277	-46	6921	34605	6921	68994995
-16568	-562	-1502	2375	528	-296	-182	278	-48	6922	34610	6922	68995012
-16668	-588	-1504	2414	538	-292	-182	278	-48	6923	34615	6923	68995012
-16560	-564	-1564	2439	531	-285	-181	277	-43	6924	34620	6924	68995012
-16553	-596	-1498	2492	536	-275	-181	276	-43	6925	34625	6925	68995012
-16592	-660	-1472	2523	541	-268	-181	271	-45	6926	34630	6926	68995012
-16554	-744	-1470	2568	545	-262	-182	271	-46	6927	34635	6927	68995012
-16590	-666	-1468	2582	541	-285	-185	271	-51	6928	34640	6928	68995014
-16568	-662	-1478	2595	545	-287	-184	273	-50	6929	34645	6929	68995026
-16517	-697	-1492	2630	552	-271	-179	279	-47	6930	34650	6930	68995049
-16564	-614	-1600	2613	548	-272	-179	278	-48	6931	34655	6931	68995049
-16588	-506	-1539	2585	553	-281	-181	273	-53	6932	34660	6932	68995049
-16653	-458	-1493	2588	543	-277	-181	273	-53	6933	34665	6933	68995050
-16638	-475	-1372	2617	544	-277	-182	272	-52	6934	34670	6934	68995050
-16605	-552	-1441	2671	575	-269	-181	274	-52	6935	34675	6935	68995050
-16632	-612	-1558	2729	588	-265	-179	281	-53	6936	34680	6936	68995058
-16618	-676	-1582	2735	602	-269	-178	280	-52	6937	34685	6937	68995089
-16580	-634	-1564	2740	615	-282	-176	276	-48	6938	34690	6938	68995089
-16541	-647	-1613	2771	621	-279	-177	275	-49	6939	34695	6939	68995089
-16516	-684	-1594	2771	640	-277	-181	271	-53	6940	34700	6940	68995089
-16562	-595	-1548	2732	653	-289	-182	272	-53	6941	34705	6941	68995090
-16569	-544	-1584	2728	669	-290	-186	276	-54	6942	34710	6942	68995090
-16622	-587	-1540	2738	674	-287	-182	277	-56	6943	34715	6943	68995094
-16632	-615	-1521	2758	685	-280	-177	279	-59	6944	34720	6944	68995108
-16592	-638	-1618	2783	705	-279	-177	279	-58	6945	34725	6945	68995127
-16628	-601	-1596	2810	722	-281	-178	280	-54	6946	34730	6946	68995127
-16584	-622	-1588	2845	757	-281	-178	280	-53	6947	34735	6947	68995127
-16608	-632	-1550	2862	777	-288	-176	278	-50	6948	34740	6948	68995127
-16562	-675	-1675	2868	792	-290	-178	277	-53	6949	34745	6949	68995127
-16576	-685	-1694	2852	813	-295	-184	274	-60	6950	34750	6950	68995131
-16578	-660	-1662	2854	827	-290	-181	275	-59	6951	34755	6951	68995158
-16624	-626	-1693	2875	845	-279	-176	276	-58	6952	34760	6952	68995198
-16595	-648	-1680	2894	861	-269	-177	276	-57	6953	34765	6953	68995208
-16581	-699	-1733	2903	879	-265	-179	275	-55	6954	34770	6954	68995210
-16632	-682	-1751	2900	899	-268	-179	275	-55	6955	34775	6955	68995210
-16646	-632	-1675	2889	911	-281	-178	274	-56	6956	34780	6956	68995210
-16592	-642	-1696	2912	933	-277	-177	274	-58	6957	34785	6957	68995210
-16554	-549	-1724	2938	966	-262	-175	275	-65	6958	34790	6958	68995210
-16608	-593	-1611	2971	979	-248	-177	272	-63	6959	34795	6959	68995210
-16568	-653	-1662	3017	985	-232	-179	267	-59	6960	34800	6960	68995210
-16565	-665	-1754	3051	999	-226	-181	268	-62	6961	34805	6961	68995210
-16587	-658	-1795	3072	1011	-216	-183	269	-67	6962	34810	6962	68995210
-16571	-620	-1844	3097	1029	-203	-181	270	-67	6963	34815	6963	68995210
-16552	-610	-1811	3122	1051	-192	-177	271	-67	6964	34820	6964	68995211
-16575	-632	-1756	3150	1067	-183	-176	272	-67	6965	34825	6965	68995211
-16607	-652	-1800	3177	1073	-166	-175	273	-67	6966	34830	6966	68995211
-16588	-643	-1847	3212	1093	-149	-176	274	-66	6967	34835	6967	68995227
-16573	-631	-1904	3259	1112	-133	-177	275	-65	6968	34840	6968	68995243
-16593	-606	-1952	3305	1127	-116	-177	275	-67	6969	34845	6969	68995243
-16592	-638	-1897	3347	1139	-100	-177	275	-69	6970	34850	6970	68995243
-16571	-655	-1935	3402	1157	-79	-178	274	-69	6971	34855	6971	68995243
-16587	-678	-2013	3455	1188	-53	-180	272	-70	6972	34860	6972	68995243
-16541	-674	-1934	3494	1209	-39	-178	273	-71	6973	34865	6973	68995243
-16542	-671	-1959	3541	1222	-23	-176	274	-72	6974	34870	6974	68995248
-16534	-626	-2049	3583	1240	9	-177	272	-71	6975	34875	6975	68995268
-16530	-636	-2018	3621	1249	42	-177	271	-71	6976	34880	6976	68995279
-16538	-666	-2028	3662	1267	63	-174	272	-76	6977	34885	6977	68995279
-16594	-672	-2131	3696	1289	87	-172	272	-80	6978	34890	6978	68995279
-16620	-698	-2174	3697	1313	101	-175	270	-78	6979	34895	6979	68995280
-16596	-730	-2156	3698	1333	109	-178	268	-76	6980	34900	6980	68995280
-16559	-723	-2086	3730	1352	132	-176	268	-74	6981	34905	6981	68995280
-16519	-678	-2076	3790	1376	159	-172	268	-70	6982	34910	6982	68995299
-16501	-764	-2184	3889	1369	186	-175	267	-74	6983	34915	6983	68995317
-16510	-825	-2236	3952	1388	207	-177	267	-77	6984	34920	6984	68995317
-16506	-777	-2234	3936	1411	230	-176	266	-74	6985	34925	6985	68995317
-16511	-708	-2281	3892	1435	250	-176	266	-72	6986	34930	6986	68995317
-16484	-662	-2345	3835	1467	275	-176	268	-76	6987	34935	6987	68995317
-16488	-544	-2235	3781	1486	298	-176	270	-78	6988	34940	6988	68995317
-16483	-518	-2254	3783	1489	333	-174	268	-78	6989	34945	6989	68995322
-16466	-534	-2343	3801	1497	350	-172	266	-78	6990	34950	6990	68995349
-16472	-420	-2304	3817	1515	351	-173	266	-80	6991	34955	6991	68995371
-16480	-351	-2295	3925	1516	350	-174	266	-82	6992	34960	6992	68995371
-16472	-532	-2382	4087	1487	370	-176	264	-81	6993	34965	6993	68995371
-16466	-729	-2425	4226	1472	392	-177	263	-81	6994	34970	6994	68995371
-16394	-808	-2402	4300	1477	398	-178	265	-84	6995	34975	6995	68995371
-16353	-836	-2382	4355	1473	383	-178	266	-86	6996	34980	6996	68995371
-16374	-917	-2382	4372	1455	367	-173	265	-87	6997	34985	6997	68995395
-16401	-896	-2392	4325	1448	356	-170	264	-88	6998	34990	6998	68995411
-16414	-754	-2394	4266	1457	352	-172	263	-88	6999	34995	6999	68995411
-16438	-554	-2384	4215	1456	364	-172	262	-88	7000	35000	7000	68995412
-16505	-411	-2422	4222	1459	366	-177	264	-86	7001	35005	7001	68995412
-16501	-398	-2452	4271	1468	378	-178	264	-86	7002	35010	7002	68995412
-16518	-444	-2484	4368	1462	395	-178	263	-88	7003	35015	7003	68995412
-16487	-493	-2508	4464	1463	396	-178	262	-90	7004	35020	7004	68995423
-16506	-507	-2512	4551	1486	385	-177	263	-95	7005	35025	7005	68995447
-16516	-504	-2551	4627	1502	358	-176	264	-98	7006	35030	7006	68995458
-16532	-555	-2577	4716	1514	339	-172	265	-97	7007	35035	7007	68995459
-16553	-610	-2545	4801	1543	334	-170	266	-96	7008	35040	7008	68995459
-16502	-626	-2585	4842	1561	332	-170	263	-98	7009	35045	7009	68995459
-16402	-670	-2654	4819	1582	334	-170	262	-98	7010	35050	7010	68995459
-16332	-858	-2697	4805	1586	343	-174	266	-96	7011	35055	7011	68995459
-16211	-916	-2734	4753	1604	311	-175	267	-95	7012	35060	7012	68995459
-16206	-907	-2723	4658	1607	287	-174	261	-94	7013	35065	7013	68995459
-16207	-919	-2729	4554	1611	271	-174	260	-94	7014	35070	7014	68995459
-16236	-850	-2714	4436	1609	248	-173	259	-98	7015	35075	7015	68995459
-16270	-730	-2691	4328	1598	213	-172	258	-100	7016	35080	7016	68995467
-16320	-549	-2763	4281	1585	219	-177	256	-102	7017	35085	7017	68995498
-16266	-604	-2769	4287	1566	213	-178	256	-102	7018	35090	7018	68995505
-16290	-428	-2768	4271	1554	186	-173	262	-100	7019	35095	7019	68995506
-16279	-288	-2907	4276	1533	179	-172	264	-100	7020	35100	7020	68995506
-16346	-228	-2868	4296	1512	179	-173	260	-102	7021	35105	7021	68995506
-16300	-239	-2860	4326	1490	181	-173	259	-103	7022	35110	7022	68995506
-16318	-313	-2859	4362	1474	171	-173	259	-109	7023	35115	7023	68995506
-16348	-416	-2936	4372	1451	152	-173	259	-111	7024	35120	7024	68995528
-16282	-398	-2969	4387	1428	138	-171	254	-106	7025	35125	7025	68995541
-16357	-383	-3002	4379	1405	134	-171	253	-105	7026	35130	7026	68995543
-16346	-409	-3012	4358	1382	136	-172	254	-106	7027	35135	7027	68995543
-16247	-386	-2961	4350	1379	132	-172	254	-106	7028	35140	7028	68995543
-16286	-372	-2962	4377	1365	137	-173	252	-110	7029	35145	7029	68995543
-16259	-498	-3139	4420	1342	142	-173	251	-111	7030	35150	7030	68995544
-16246	-522	-3145	4418	1326	138	-171	254	-109	7031	35155	7031	68995544
-16236	-594	-3066	4375	1342	123	-171	255	-109	7032	35160	7032	68995544
-16174	-774	-3078	4308	1334	96	-169	259	-115	7033	35165	7033	68995572
-16130	-968	-3086	4284	1317	52	-169	259	-115	7034	35170	7034	68995582
-16168	-1160	-3138	4262	1296	19	-168	248	-114	7035	35175	7035	68995582
-16196	-1112	-3238	4173	1290	-8	-168	248	-114	7036	35180	7036	68995582
-16151	-1089	-3100	4086	1282	-36	-166	248	-116	7037	35185	7037	68995582
-16113	-1169	-3048	4027	1257	-56	-166	248	-116	7038	35190	7038	68995583
-16114	-1168	-3026	3995	1223	-66	-170	250	-117	7039	35195	7039	68995583
-16146	-1053	-3020	3976	1204	-75	-171	251	-117	7040	35200	7040	68995583
-16142	-1094	-3172	3961	1170	-69	-174	250	-122	7041	35205	7041	68995583
-16102	-1034	-3178	3947	1132	-91	-174	250	-122	7042	35210	7042	68995583
-16058	-976	-3252	3921	1103	-126	-174	254	-118	7043	35215	7043	68995621
-16144	-1026	-3208	3961	1081	-156	-174	254	-118	7044	35220	7044	68995621
-16082	-908	-3218	4018	1036	-175	-171	255	-129	7045	35225	7045	68995621
-16066	-790	-3304	3990	993	-188	-171	255	-129	7046	35230	7046	68995621
-16044	-678	-3318	4003	960	-209	-171	259	-123	7047	35235	7047	68995621
-16154	-772	-3244	4069	940	-212	-171	259	-123	7048	35240	7048	68995621
-16144	-702	-3272	4107	929	-229	-169	257	-123	7049	35245	7049	68995621
-16098	-776	-3276	4162	902	-221	-169	257	-123	7050	35250	7050	68995621
-16064	-802	-3350	4181	866	-222	-158	254	-128	7051	35255	7051	68995647
-16118	-826	-3294	4175	823	-252	-158	254	-128	7052	35260	7052	68995658
-16202	-824	-3272	4185	788	-260	-163	255	-127	7053	35265	7053	68995658
-16158	-860	-3266	4174	771	-275	-163	255	-127	7054	35270	7054	68995658
-16122	-830	-3354	4153	742	-298	-170	250	-118	7055	35275	7055	68995658
-16128	-916	-3416	4142	734	-289	-170	250	-118	7056	35280	7056	68995658
-16082	-1190	-3468	4064	724	-278	-165	247	-129	7057	35285	7057	68995658
-16110	-1383	-3368	3880	702	-298	-166	247	-130	7058	35290	7058	68995710
-16033	-1507	-3429	3726	682	-329	-168	248	-132	7059	35295	7059	68995751
-16016	-1474	-3366	3553	669	-352	-168	248	-132	7060	35300	7060	68995751
-16098	-1546	-3394	3392	641	-358	-163	245	-127	7061	35305	7061	68995751
-16002	-1548	-3428	3245	628	-378	-163	245	-127	7062	35310	7062	68995751
-15984	-1456	-3358	3093	596	-372	-169	249	-125	7063	35315	7063	68995751
-16040	-1364	-3288	2978	568	-368	-169	249	-125	7064	35320	7064	68995752
-16030	-1314	-3328	2916	534	-338	-162	248	-132	7065	35325	7065	68995752
-16134	-1200	-3459	2839	499	-342	-163	248	-131	7066	35330	7066	68995783
-16140	-1131	-3460	2820	464	-326	-168	248	-126	7067	35335	7067	68995793
-16130	-1092	-3449	2824	435	-316	-167	247	-127	7068	35340	7068	68995793
-16125	-1171	-3435	2908	399	-300	-165	243	-131	7069	35345	7069	68995793
-16099	-1304	-3456	2947	366	-305	-164	243	-132	7070	35350	7070	68995793
-16061	-1377	-3453	2936	317	-321	-162	244	-136	7071	35355	7071	68995793
-16004	-1420	-3606	2935	296	-328	-162	244	-136	7072	35360	7072	68995793
-15990	-1416	-3526	2892	233	-346	-162	248	-134	7073	35365	7073	68995793
-15964	-1458	-3514	2876	190	-345	-162	248	-134	7074	35370	7074	68995793
-15981	-1470	-3477	2800	115	-332	-159	243	-137	7075	35375	7075	68995793
-15962	-1523	-3503	2710	67	-312	-159	243	-137	7076	35380	7076	68995793
-16032	-1516	-3594	2585	11	-304	-161	245	-139	7077	35385	7077	68995793
-16029	-1418	-3603	2451	-40	-314	-161	244	-140	7078	35390	7078	68995795
-16026	-1316	-3540	2340	-85	-301	-162	242	-144	7079	35395	7079	68995803
-16042	-1278	-3563	2262	-119	-287	-163	243	-142	7080	35400	7080	68995803
-16099	-1206	-3561	2204	-154	-280	-166	246	-134	7081	35405	7081	68995803
-16072	-1110	-3547	2143	-187	-272	-167	248	-135	7082	35410	7082	68995803
-16106	-1094	-3539	2141	-212	-268	-168	254	-138	7083	35415	7083	68995803
-16128	-1010	-3484	2129	-220	-271	-167	252	-138	7084	35420	7084	68995810
-16126	-1003	-3461	2143	-239	-261	-164	244	-138	7085	35425	7085	68995837
-16104	-1083	-3439	2183	-244	-251	-164	244	-138	7086	35430	7086	68995837
-16174	-1241	-3532	2205	-274	-252	-165	245	-137	7087	35435	7087	68995837
-16144	-1340	-3419	2182	-282	-267	-164	245	-138	7088	35440	7088	68995837
-16109	-1448	-3440	2155	-300	-280	-161	243	-141	7089	35445	7089	68995838
-16151	-1510	-3455	2077	-323	-297	-161	242	-141	7090	35450	7090	68995838
-16135	-1567	-3474	1999	-329	-317	-160	240	-142	7091	35455	7091	68995842
-16125	-1559	-3400	1865	-346	-332	-161	242	-142	7092	35460	7092	68995861
-16116	-1572	-3293	1780	-361	-331	-162	246	-142	7093	35465	7093	68995869
-16129	-1556	-3255	1701	-373	-320	-161	245	-144	7094	35470	7094	68995869
-16159	-1534	-3251	1630	-383	-317	-160	244	-146	7095	35475	7095	68995869
-16116	-1519	-3317	1566	-390	-318	-159	243	-145	7096	35480	7096	68995870
-16132	-1548	-3303	1515	-395	-314	-157	241	-141	7097	35485	7097	68995870
-16102	-1594	-3359	1451	-386	-320	-158	243	-142	7098	35490	7098	68995870
-16104	-1619	-3338	1361	-364	-319	-163	249	-145	7099	35495	7099	68995870
-16087	-1611	-3311	1253	-338	-319	-165	247	-143	7100	35500	7100	68995882
-16112	-1607	-3310	1163	-317	-317	-167	245	-139	7101	35505	7101	68995903
-16136	-1606	-3294	1064	-308	-313	-163	248	-140	7102	35510	7102	68995908
-16150	-1618	-3324	965	-288	-303	-156	252	-142	7103	35515	7103	68995908
-16127	-1647	-3396	836	-256	-303	-156	247	-142	7104	35520	7104	68995908
-16132	-1620	-3346	649	-206	-296	-156	240	-142	7105	35525	7105	68995908
-16202	-1622	-3349	438	-152	-283	-156	241	-142	7106	35530	7106	68995908
-16203	-1633	-3383	223	-101	-277	-156	244	-142	7107	35535	7107	68995911
-16226	-1679	-3350	-32	-28	-261	-158	245	-140	7108	35540	7108	68995931
-16182	-1703	-3348	-215	27	-246	-162	246	-138	7109	35545	7109	68995947
-16124	-1700	-3292	-397	64	-247	-165	246	-138	7110	35550	7110	68995947
-16180	-1664	-3289	-538	87	-255	-169	247	-139	7111	35555	7111	68995948
-16197	-1571	-3336	-590	104	-263	-165	246	-138	7112	35560	7112	68995948
-16174	-1460	-3334	-594	115	-267	-159	245	-137	7113	35565	7113	68995948
-16172	-1364	-3298	-572	121	-270	-159	244	-138	7114	35570	7114	68995948
-16201	-1307	-3344	-544	131	-270	-159	243	-139	7115	35575	7115	68995953
-16193	-1281	-3374	-560	151	-274	-160	244	-142	7116	35580	7116	68995972
-16194	-1225	-3369	-569	169	-276	-161	245	-145	7117	35585	7117	68995985
-16179	-1215	-3386	-526	171	-278	-163	242	-143	7118	35590	7118	68995985
-16164	-1212	-3427	-454	164	-280	-164	238	-140	7119	35595	7119	68995985
-16141	-1228	-3422	-385	161	-275	-162	240	-140	7120	35600	7120	68995986
-16104	-1294	-3415	-364	171	-276	-159	243	-141	7121	35605	7121	68995986
-16094	-1300	-3452	-374	162	-292	-159	242	-140	7122	35610	7122	68995986
-16088	-1287	-3445	-358	129	-302	-159	241	-139	7123	35615	7123	68995991
-16102	-1326	-3503	-321	89	-305	-159	244	-141	7124	35620	7124	68996009
-16038	-1372	-3511	-285	51	-307	-158	246	-142	7125	35625	7125	68996022
-15984	-1301	-3472	-267	20	-312	-159	245	-142	7126	35630	7126	68996022
-16044	-1300	-3490	-248	-23	-320	-160	244	-142	7127	35635	7127	68996022
-16088	-1317	-3507	-240	-67	-327	-164	244	-143	7128	35640	7128	68996022
-16062	-1271	-3551	-234	-108	-321	-166	244	-144	7129	35645	7129	68996022
-16008	-1252	-3587	-208	-153	-325	-164	244	-143	7130	35650	7130	68996022
-15998	-1243	-3583	-187	-195	-334	-162	244	-142	7131	35655	7131	68996037
-16060	-1263	-3609	-194	-231	-334	-163	245	-140	7132	35660	7132	68996059
-16078	-1344	-3684	-211	-271	-333	-163	245	-137	7133	35665	7133	68996059
-16068	-1385	-3665	-264	-300	-333	-165	242	-144	7134	35670	7134	68996059
-16041	-1422	-3670	-343	-324	-335	-166	240	-148	7135	35675	7135	68996060
-16034	-1484	-3637	-442	-355	-341	-165	241	-144	7136	35680	7136	68996060
-16074	-1509	-3587	-554	-380	-344	-164	242	-142	7137	35685	7137	68996060
-16034	-1526	-3535	-628	-415	-350	-162	244	-138	7138	35690	7138	68996067
-16010	-1559	-3499	-695	-455	-360	-161	245	-135	7139	35695	7139	68996088
-16036	-1546	-3472	-786	-497	-378	-164	241	-139	7140	35700	7140	68996099
-16045	-1517	-3486	-877	-529	-395	-166	238	-142	7141	35705	7141	68996100
-16114	-1446	-3514	-948	-558	-409	-165	240	-141	7142	35710	7142	68996100
-16165	-1324	-3509	-1012	-578	-425	-165	241	-141	7143	35715	7143	68996100
-16167	-1220	-3472	-1063	-597	-443	-166	240	-142	7144	35720	7144	68996100
-16167	-1156	-3538	-1087	-619	-450	-166	240	-142	7145	35725	7145	68996101
-16194	-1082	-3506	-1088	-630	-450	-162	240	-138	7146	35730	7146	68996123
-16225	-1017	-3484	-1075	-629	-443	-160	240	-136	7147	35735	7147	68996137
-16224	-1011	-3528	-1041	-631	-434	-162	241	-142	7148	35740	7148	68996137
-16209	-1050	-3539	-992	-633	-436	-164	242	-146	7149	35745	7149	68996137
-16131	-1068	-3517	-957	-631	-461	-163	244	-144	7150	35750	7150	68996137
-16208	-1092	-3438	-934	-627	-465	-163	245	-143	7151	35755	7151	68996137
-16245	-1170	-3482	-921	-624	-466	-162	246	-141	7152	35760	7152	68996137
-16165	-1299	-3445	-965	-586	-485	-162	246	-140	7153	35765	7153	68996137
-16142	-1283	-3477	-1064	-562	-484	-163	245	-139	7154	35770	7154	68996159
-16194	-1195	-3468	-1146	-573	-480	-163	245	-139	7155	35775	7155	68996174
-16120	-1227	-3461	-1176	-571	-476	-162	244	-140	7156	35780	7156	68996175
-16078	-1264	-3472	-1228	-565	-480	-161	243	-141	7157	35785	7157	68996175
-16097	-1186	-3476	-1308	-570	-495	-163	248	-140	7158	35790	7158	68996176
-16173	-1194	-3457	-1382	-551	-496	-163	249	-139	7159	35795	7159	68996176
-16166	-1160	-3577	-1442	-536	-490	-165	247	-133	7160	35800	7160	68996177
-16150	-1124	-3579	-1533	-532	-493	-166	246	-132	7161	35805	7161	68996182
-16071	-1137	-3473	-1601	-504	-487	-162	242	-138	7162	35810	7162	68996205
-16105	-1208	-3533	-1686	-485	-483	-161	241	-139	7163	35815	7163	68996211
-16103	-1216	-3513	-1755	-471	-500	-166	238	-134	7164	35820	7164	68996211
-16145	-1154	-3466	-1803	-464	-513	-168	236	-132	7165	35825	7165	68996211
-16181	-1130	-3525	-1833	-455	-518	-170	242	-137	7166	35830	7166	68996211
-16134	-1067	-3520	-1888	-432	-525	-170	244	-138	7167	35835	7167	68996211
-16159	-1015	-3477	-1938	-415	-525	-167	246	-133	7168	35840	7168	68996211
-16146	-982	-3492	-1974	-411	-522	-166	246	-132	7169	35845	7169	68996232
-16143	-949	-3533	-1983	-412	-536	-164	247	-136	7170	35850	7170	68996246
-16166	-1024	-3560	-2010	-386	-545	-163	247	-137	7171	35855	7171	68996248
-16143	-1121	-3583	-2151	-335	-539	-169	246	-136	7172	35860	7172	68996249
-16098	-1094	-3436	-2294	-317	-563	-170	246	-136	7173	35865	7173	68996249
-16040	-1103	-3483	-2351	-329	-563	-171	242	-132	7174	35870	7174	68996249
-16006	-1212	-3606	-2411	-354	-572	-171	241	-131	7175	35875	7175	68996250
-16016	-1174	-3524	-2466	-362	-589	-166	243	-133	7176	35880	7176	68996271
-16036	-1198	-3562	-2557	-382	-600	-165	243	-133	7177	35885	7177	68996284
-16030	-1171	-3562	-2662	-411	-619	-166	242	-134	7178	35890	7178	68996286
-15983	-1116	-3556	-2773	-430	-633	-166	242	-134	7179	35895	7179	68996286
-16012	-1056	-3500	-2862	-464	-629	-169	244	-136	7180	35900	7180	68996287
-16044	-937	-3464	-2892	-508	-617	-170	244	-136	7181	35905	7181	68996287
-16076	-892	-3524	-2853	-553	-620	-169	243	-130	7182	35910	7182	68996287
-16158	-930	-3580	-2800	-598	-618	-169	243	-129	7183	35915	7183	68996295
-16070	-916	-3512	-2756	-627	-644	-169	249	-131	7184	35920	7184	68996327
-16156	-998	-3564	-2682	-641	-646	-169	249	-131	7185	35925	7185	68996328
-16070	-1092	-3662	-2703	-661	-664	-173	243	-127	7186	35930	7186	68996328
-16130	-1102	-3605	-2730	-689	-677	-173	243	-127	7187	35935	7187	68996328
-16056	-1091	-3509	-2761	-698	-689	-171	245	-129	7188	35940	7188	68996328
-16085	-1142	-3533	-2730	-729	-688	-171	245	-129	7189	35945	7189	68996329
-16079	-1153	-3488	-2747	-767	-697	-172	247	-127	7190	35950	7190	68996329
-15970	-1000	-3526	-2736	-815	-690	-172	248	-126	7191	35955	7191	68996346
-15978	-986	-3580	-2667	-878	-690	-176	248	-128	7192	35960	7192	68996380
-15974	-988	-3604	-2659	-918	-696	-176	248	-128	7193	35965	7193	68996380
-16112	-924	-3518	-2672	-959	-706	-176	248	-124	7194	35970	7194	68996385
-16026	-784	-3640	-2686	-979	-713	-176	248	-124	7195	35975	7195	68996387
-16052	-886	-3640	-2663	-1004	-687	-172	244	-128	7196	35980	7196	68996387
-16076	-834	-3614	-2682	-1008	-709	-172	244	-128	7197	35985	7197	68996387
-16074	-834	-3536	-2731	-1037	-706	-168	246	-126	7198	35990	7198	68996388
-16039	-819	-3533	-2756	-1057	-693	-168	246	-126	7199	35995	7199	68996388
-16122	-844	-3570	-2716	-1094	-679	-174	248	-124	7200	36000	7200	68996402
-16010	-932	-3604	-2734	-1087	-713	-174	248	-124	7201	36005	7201	68996402
-16120	-862	-3366	-2796	-1098	-737	-172	248	-124	7202	36010	7202	68996402
-16086	-938	-3468	-2784	-1139	-738	-172	248	-124	7203	36015	7203	68996402
-16108	-1000	-3520	-2780	-1161	-724	-171	249	-121	7204	36020	7204	68996402
-16122	-994	-3534	-2807	-1195	-735	-171	249	-121	7205	36025	7205	68996402
-16192	-892	-3442	-2874	-1237	-773	-175	249	-119	7206	36030	7206	68996402
-16146	-780	-3458	-2893	-1275	-775	-175	249	-119	7207	36035	7207	68996442
-16140	-864	-3480	-2921	-1291	-743	-173	249	-121	7208	36040	7208	68996447
-16101	-898	-3450	-2950	-1298	-745	-173	249	-120	7209	36045	7209	68996448
-16192	-819	-3461	-2961	-1324	-762	-173	249	-117	7210	36050	7210	68996448
-16190	-876	-3474	-3003	-1345	-789	-173	249	-117	7211	36055	7211	68996448
-16214	-860	-3418	-3079	-1342	-791	-180	250	-112	7212	36060	7212	68996449
-16120	-870	-3426	-3141	-1342	-775	-180	250	-112	7213	36065	7213	68996449
-16114	-908	-3284	-3189	-1368	-782	-172	252	-118	7214	36070	7214	68996450
-16144	-886	-3276	-3236	-1397	-787	-172	252	-118	7215	36075	7215	68996483
-16155	-931	-3322	-3217	-1445	-795	-176	248	-118	7216	36080	7216	68996483
-16144	-932	-3334	-3215	-1490	-816	-177	248	-119	7217	36085	7217	68996483
-16122	-892	-3325	-3251	-1519	-828	-180	246	-124	7218	36090	7218	68996483
-16071	-883	-3299	-3300	-1553	-838	-179	246	-121	7219	36095	7219	68996483
-16168	-855	-3258	-3342	-1589	-851	-177	247	-111	7220	36100	7220	68996483
-16052	-810	-3283	-3376	-1624	-846	-177	247	-112	7221	36105	7221	68996483
-15990	-878	-3160	-3393	-1661	-841	-177	249	-115	7222	36110	7222	68996484
-16050	-836	-3250	-3349	-1704	-827	-177	249	-115	7223	36115	7223	68996542
-16048	-850	-3280	-3350	-1740	-845	-178	252	-106	7224	36120	7224	68996542
-16015	-986	-3259	-3388	-1787	-866	-178	251	-107	7225	36125	7225	68996542
-16107	-879	-3294	-3425	-1814	-881	-176	248	-112	7226	36130	7226	68996542
-16187	-908	-3280	-3468	-1809	-884	-177	249	-112	7227	36135	7227	68996543
-16138	-852	-3122	-3511	-1819	-884	-181	253	-111	7228	36140	7228	68996543
-16160	-862	-3118	-3474	-1855	-876	-180	253	-110	7229	36145	7229	68996545
-16234	-793	-3084	-3465	-1862	-885	-174	254	-106	7230	36150	7230	68996558
-16296	-772	-3167	-3486	-1847	-894	-174	253	-106	7231	36155	7231	68996581
-16209	-745	-3083	-3528	-1850	-890	-176	250	-104	7232	36160	7232	68996582
-16191	-795	-2984	-3504	-1872	-875	-176	252	-105	7233	36165	7233	68996582
-16192	-803	-3040	-3459	-1893	-880	-176	256	-106	7234	36170	7234	68996582
-16210	-800	-3043	-3421	-1889	-879	-176	256	-106	7235	36175	7235	68996582
-16234	-840	-3007	-3401	-1910	-886	-175	257	-107	7236	36180	7236	68996582
-16259	-838	-3064	-3407	-1925	-898	-176	256	-105	7237	36185	7237	68996583
-16246	-824	-3030	-3423	-1922	-911	-179	253	-97	7238	36190	7238	68996583
-16270	-715	-2939	-3433	-1939	-925	-178	253	-99	7239	36195	7239	68996583
-16254	-711	-2994	-3387	-1959	-913	-175	255	-105	7240	36200	7240	68996583
-16283	-639	-3055	-3338	-1963	-934	-176	255	-103	7241	36205	7241	68996584
-16304	-639	-2934	-3357	-1961	-944	-178	254	-98	7242	36210	7242	68996594
-16327	-676	-2910	-3359	-1976	-926	-178	255	-98	7243	36215	7243	68996615
-16304	-717	-2859	-3305	-1993	-896	-177	257	-97	7244	36220	7244	68996624
-16298	-770	-2901	-3218	-2008	-879	-178	257	-96	7245	36225	7245	68996625
-16290	-791	-2929	-3171	-2006	-898	-179	257	-93	7246	36230	7246	68996625
-16334	-687	-2874	-3190	-1998	-933	-179	257	-93	7247	36235	7247	68996626
-16304	-652	-2802	-3196	-2006	-931	-177	257	-93	7248	36240	7248	68996626
-16280	-737	-2869	-3140	-2009	-925	-178	256	-93	7249	36245	7249	68996627
-16279	-771	-2917	-3069	-2013	-909	-182	254	-94	7250	36250	7250	68996640
-16230	-713	-2845	-3016	-2021	-920	-181	256	-92	7251	36255	7251	68996657
-16234	-712	-2787	-3029	-2018	-951	-180	258	-88	7252	36260	7252	68996657
-16245	-762	-2737	-3057	-2024	-951	-183	258	-90	7253	36265	7253	68996657
-16248	-851	-2806	-3050	-2052	-933	-188	258	-94	7254	36270	7254	68996657
-16310	-856	-2868	-3079	-2066	-942	-185	259	-92	7255	36275	7255	68996657
-16345	-769	-2809	-3168	-2060	-966	-180	260	-88	7256	36280	7256	68996657
-16293	-720	-2732	-3279	-2064	-972	-180	260	-88	7257	36285	7257	68996659
-16279	-760	-2684	-3297	-2090	-945	-181	259	-89	7258	36290	7258	68996677
-16296	-741	-2742	-3308	-2100	-934	-179	261	-89	7259	36295	7259	68996694
-16331	-686	-2760	-3380	-2101	-959	-176	264	-88	7260	36300	7260	68996694
-16327	-617	-2618	-3475	-2118	-965	-178	264	-87	7261	36305	7261	68996694
-16337	-579	-2542	-3474	-2143	-953	-182	264	-86	7262	36310	7262	68996694
-16306	-578	-2698	-3407	-2156	-935	-181	264	-86	7263	36315	7263	68996694
-16271	-539	-2699	-3383	-2172	-947	-179	265	-87	7264	36320	7264	68996695
-16272	-493	-2576	-3452	-2184	-971	-179	263	-84	7265	36325	7265	68996706
-16323	-497	-2612	-3478	-2207	-959	-180	260	-80	7266	36330	7266	68996727
-16413	-392	-2600	-3408	-2203	-948	-180	261	-82	7267	36335	7267	68996732
-16416	-281	-2500	-3365	-2187	-957	-180	262	-84	7268	36340	7268	68996732
-16423	-264	-2432	-3334	-2186	-955	-179	264	-83	7269	36345	7269	68996732
-16523	-249	-2425	-3284	-2189	-941	-177	267	-81	7270	36350	7270	68996732
-16581	-167	-2404	-3222	-2172	-930	-179	267	-80	7271	36355	7271	68996732
-16570	-145	-2347	-3148	-2157	-886	-183	267	-79	7272	36360	7272	68996733
-16560	-160	-2388	-3058	-2150	-852	-180	266	-80	7273	36365	7273	68996744
-16607	-164	-2308	-2962	-2125	-836	-176	264	-82	7274	36370	7274	68996770
-16590	-166	-2230	-2815	-2092	-792	-176	263	-80	7275	36375	7275	68996782
-16573	-194	-2284	-2668	-2051	-761	-176	262	-78	7276	36380	7276	68996788
-16555	-223	-2288	-2540	-2013	-748	-174	266	-76	7277	36385	7277	68996790
-16544	-242	-2290	-2424	-1969	-732	-173	269	-75	7278	36390	7278	68996790
-16577	-265	-2244	-2304	-1930	-716	-176	268	-74	7279	36395	7279	68996791
-16583	-276	-2211	-2188	-1893	-701	-179	267	-73	7280	36400	7280	68996791
-16565	-332	-2244	-2089	-1847	-681	-178	264	-73	7281	36405	7281	68996792
-16563	-379	-2248	-1989	-1799	-656	-176	260	-74	7282	36410	7282	68996793
-16533	-342	-2196	-1887	-1757	-636	-178	264	-72	7283	36415	7283	68996793
-16535	-322	-2138	-1813	-1719	-621	-180	266	-70	7284	36420	7284	68996793
-16580	-296	-2158	-1746	-1679	-598	-182	268	-72	7285	36425	7285	68996794
-16582	-260	-2184	-1659	-1642	-589	-183	269	-73	7286	36430	7286	68996794
-16592	-277	-2109	-1556	-1589	-576	-181	268	-71	7287	36435	7287	68996800
-16621	-286	-2119	-1479	-1556	-552	-180	268	-70	7288	36440	7288	68996820
-16600	-295	-2161	-1409	-1514	-531	-184	268	-68	7289	36445	7289	68996830
-16570	-318	-2189	-1328	-1469	-512	-186	268	-66	7290	36450	7290	68996830
-16573	-365	-2213	-1260	-1437	-500	-182	269	-66	7291	36455	7291	68996831
-16580	-390	-2176	-1233	-1402	-497	-180	270	-66	7292	36460	7292	68996831
-16542	-366	-2127	-1212	-1363	-493	-179	268	-70	7293	36465	7293	68996837
-16546	-428	-2143	-1175	-1331	-475	-178	266	-72	7294	36470	7294	68996857
-16530	-533	-2128	-1154	-1310	-466	-179	266	-66	7295	36475	7295	68996868
-16507	-520	-2122	-1168	-1287	-462	-180	266	-62	7296	36480	7296	68996868
-16539	-497	-2075	-1193	-1264	-458	-178	267	-64	7297	36485	7297	68996868
-16548	-451	-2169	-1220	-1236	-466	-176	268	-66	7298	36490	7298	68996868
-16554	-430	-2183	-1230	-1216	-475	-180	269	-68	7299	36495	7299	68996868
-16569	-384	-2100	-1255	-1211	-478	-181	269	-69	7300	36500	7300	68996898
-16610	-345	-2129	-1260	-1196	-482	-181	269	-66	7301	36505	7301	68996905
-16552	-355	-2087	-1263	-1168	-476	-181	269	-65	7302	36510	7302	68996906
-16482	-364	-2036	-1269	-1157	-470	-180	271	-66	7303	36515	7303	68996906
-16501	-365	-2022	-1298	-1153	-470	-179	273	-67	7304	36520	7304	68996906
-16526	-346	-2054	-1297	-1136	-478	-181	272	-65	7305	36525	7305	68996906
-16542	-381	-2093	-1278	-1124	-487	-182	272	-64	7306	36530	7306	68996906
-16528	-468	-2016	-1279	-1128	-487	-180	270	-63	7307	36535	7307	68996912
-16513	-524	-2030	-1288	-1122	-478	-178	268	-62	7308	36540	7308	68996936
-16503	-503	-2032	-1292	-1125	-481	-180	267	-64	7309	36545	7309	68996943
-16505	-558	-2045	-1311	-1104	-484	-181	267	-65	7310	36550	7310	68996943
-16466	-572	-2042	-1333	-1107	-490	-187	269	-69	7311	36555	7311	68996943
-16462	-591	-2166	-1365	-1127	-498	-188	270	-70	7312	36560	7312	68996943
-16522	-527	-2121	-1403	-1128	-512	-183	275	-68	7313	36565	7313	68996943
-16539	-537	-2111	-1430	-1120	-514	-182	276	-68	7314	36570	7314	68996943
-16564	-598	-2145	-1421	-1123	-496	-182	272	-63	7315	36575	7315	68996987
-16564	-591	-2142	-1420	-1120	-480	-182	270	-60	7316	36580	7316	68997017
-16604	-637	-2038	-1428	-1111	-479	-181	272	-64	7317	36585	7317	68997024
-16584	-671	-2064	-1447	-1101	-476	-181	273	-65	7318	36590	7318	68997027
-16523	-710	-2015	-1454	-1096	-471	-177	271	-61	7319	36595	7319	68997027
-16520	-683	-2018	-1465	-1084	-471	-176	270	-60	7320	36600	7320	68997027
-16506	-674	-2086	-1446	-1072	-449	-179	270	-60	7321	36605	7321	68997028
-16531	-708	-2054	-1468	-1077	-452	-180	270	-60	7322	36610	7322	68997028
-16628	-708	-2087	-1521	-1085	-464	-181	274	-59	7323	36615	7323	68997041
-16514	-610	-2064	-1595	-1095	-478	-181	275	-59	7324	36620	7324	68997053
-16426	-516	-1970	-1623	-1102	-486	-180	270	-62	7325	36625	7325	68997055
-16436	-471	-2042	-1621	-1116	-470	-180	270	-62	7326	36630	7326	68997055
-16412	-395	-1958	-1633	-1131	-481	-181	268	-60	7327	36635	7327	68997055
-16457	-309	-1929	-1635	-1148	-466	-181	267	-59	7328	36640	7328	68997055
-16526	-310	-1848	-1612	-1190	-440	-180	273	-58	7329	36645	7329	68997055
-16514	-346	-1836	-1608	-1203	-435	-180	274	-58	7330	36650	7330	68997055
-16546	-386	-1851	-1561	-1219	-435	-177	269	-58	7331	36655	7331	68997056
-16558	-424	-1932	-1501	-1229	-428	-176	268	-58	7332	36660	7332	68997056
-16626	-482	-1902	-1470	-1247	-426	-181	275	-57	7333	36665	7333	68997056
-16502	-488	-1936	-1404	-1253	-435	-181	275	-57	7334	36670	7334	68997056
-16504	-542	-1854	-1419	-1255	-415	-177	269	-55	7335	36675	7335	68997056
-16462	-584	-1848	-1469	-1269	-409	-177	269	-55	7336	36680	7336	68997063
-16449	-552	-1846	-1496	-1289	-414	-180	272	-53	7337	36685	7337	68997073
-16432	-568	-1840	-1499	-1308	-409	-181	273	-53	7338	36690	7338	68997092
-16426	-472	-1867	-1512	-1348	-434	-179	273	-56	7339	36695	7339	68997096
-16456	-438	-1837	-1531	-1364	-434	-179	273	-57	7340	36700	7340	68997096
-16528	-442	-1880	-1482	-1376	-396	-181	273	-53	7341	36705	7341	68997097
-16526	-466	-1804	-1475	-1387	-401	-181	273	-53	7342	36710	7342	68997097
-16620	-488	-1704	-1484	-1402	-387	-188	278	-54	7343	36715	7343	68997097
-16574	-344	-1762	-1513	-1422	-381	-188	278	-54	7344	36720	7344	68997097
-16578	-330	-1614	-1477	-1435	-380	-180	274	-50	7345	36725	7345	68997133
-16542	-316	-1656	-1400	-1437	-354	-180	274	-50	7346	36730	7346	68997133
-16502	-304	-1724	-1325	-1438	-345	-185	271	-53	7347	36735	7347	68997133
-16552	-272	-1622	-1291	-1448	-353	-185	271	-53	7348	36740	7348	68997133
-16555	-324	-1580	-1215	-1441	-338	-181	275	-47	7349	36745	7349	68997133
-16588	-336	-1604	-1142	-1441	-320	-180	276	-46	7350	36750	7350	68997133
-16586	-302	-1596	-1085	-1449	-304	-179	273	-47	7351	36755	7351	68997133
-16606	-304	-1672	-1053	-1455	-293	-179	273	-47	7352	36760	7352	68997134
-16628	-332	-1610	-999	-1439	-267	-179	271	-47	7353	36765	7353	68997144
-16662	-350	-1538	-955	-1426	-291	-179	271	-47	7354	36770	7354	68997177
-16596	-412	-1610	-913	-1424	-282	-177	273	-53	7355	36775	7355	68997177
-16588	-460	-1632	-876	-1411	-291	-177	273	-53	7356	36780	7356	68997178
-16526	-432	-1558	-845	-1398	-289	-183	275	-53	7357	36785	7357	68997178
-16614	-458	-1569	-841	-1372	-284	-182	274	-52	7358	36790	7358	68997178
-16591	-400	-1638	-850	-1371	-291	-178	268	-48	7359	36795	7359	68997178
-16588	-458	-1610	-847	-1369	-301	-178	268	-48	7360	36800	7360	68997179
-16644	-398	-1426	-854	-1358	-309	-185	271	-47	7361	36805	7361	68997205
-16516	-320	-1512	-897	-1338	-325	-185	271	-47	7362	36810	7362	68997214
-16604	-290	-1468	-867	-1354	-319	-185	275	-45	7363	36815	7363	68997214
-16608	-226	-1454	-848	-1349	-300	-185	275	-45	7364	36820	7364	68997214
-16508	-326	-1366	-799	-1335	-292	-178	276	-42	7365	36825	7365	68997214
-16591	-394	-1446	-771	-1321	-291	-179	275	-43	7366	36830	7366	68997214
-16576	-397	-1476	-766	-1299	-311	-185	271	-45	7367	36835	7367	68997215
-16518	-301	-1529	-769	-1293	-310	-183	272	-45	7368	36840	7368	68997220
-16573	-274	-1437	-768	-1297	-317	-177	275	-45	7369	36845	7369	68997242
-16571	-235	-1456	-749	-1292	-318	-179	274	-45	7370	36850	7370	68997242
-16575	-302	-1392	-717	-1282	-307	-185	269	-45	7371	36855	7371	68997243
-16578	-262	-1390	-667	-1286	-294	-185	269	-45	7372	36860	7372	68997243
-16622	-280	-1424	-631	-1267	-294	-180	268	-48	7373	36865	7373	68997243
-16666	-362	-1338	-585	-1256	-319	-180	268	-48	7374	36870	7374	68997243
-16615	-284	-1399	-609	-1259	-329	-181	275	-43	7375	36875	7375	68997244
-16625	-240	-1356	-598	-1259	-323	-181	274	-43	7376	36880	7376	68997244
-16551	-252	-1370	-606	-1262	-308	-181	271	-45	7377	36885	7377	68997250
-16526	-247	-1389	-602	-1261	-322	-181	272	-45	7378	36890	7378	68997273
-16518	-296	-1342	-603	-1263	-332	-179	277	-45	7379	36895	7379	68997273
-16566	-295	-1399	-599	-1260	-353	-179	276	-44	7380	36900	7380	68997273
-16617	-241	-1408	-614	-1269	-365	-178	274	-40	7381	36905	7381	68997273
-16596	-248	-1375	-631	-1262	-374	-179	274	-41	7382	36910	7382	68997273
-16624	-234	-1328	-633	-1258	-374	-180	274	-44	7383	36915	7383	68997276
-16549	-296	-1332	-634	-1261	-376	-182	276	-44	7384	36920	7384	68997287
-16543	-328	-1349	-636	-1263	-380	-188	282	-42	7385	36925	7385	68997310
-16585	-348	-1339	-642	-1270	-392	-186	281	-41	7386	36930	7386	68997312
-16630	-278	-1238	-631	-1273	-399	-179	277	-39	7387	36935	7387	68997322
-16602	-175	-1170	-633	-1255	-399	-180	276	-39	7388	36940	7388	68997338
-16592	-208	-1187	-587	-1254	-390	-184	270	-38	7389	36945	7389	68997338
-16621	-213	-1139	-529	-1254	-377	-184	271	-38	7390	36950	7390	68997338
-16608	-260	-1119	-485	-1236	-379	-182	276	-38	7391	36955	7391	68997338
-16610	-207	-1196	-455	-1229	-398	-182	276	-37	7392	36960	7392	68997338
-16614	-157	-1231	-406	-1222	-403	-183	277	-35	7393	36965	7393	68997338
-16607	-187	-1235	-342	-1208	-404	-182	276	-37	7394	36970	7394	68997347
-16597	-202	-1178	-301	-1194	-412	-179	275	-41	7395	36975	7395	68997368
-16626	-135	-1153	-267	-1190	-415	-179	275	-41	7396	36980	7396	68997375
-16650	-153	-1099	-240	-1174	-409	-179	275	-39	7397	36985	7397	68997375
-16716	-163	-1138	-225	-1158	-399	-180	275	-38	7398	36990	7398	68997376
-16684	-200	-1168	-203	-1145	-387	-184	276	-36	7399	36995	7399	68997376
-16714	-80	-1101	-167	-1117	-407	-181	277	-37	7400	37000	7400	68997376
-16759	-40	-1061	-106	-1088	-408	-177	279	-39	7401	37005	7401	68997380
-16689	-103	-998	-35	-1066	-381	-179	278	-36	7402	37010	7402	68997396
-16664	-122	-1001	38	-1055	-364	-182	276	-32	7403	37015	7403	68997413
-16695	-128	-1005	114	-1032	-350	-182	276	-32	7404	37020	7404	68997413
-16726	-184	-991	187	-994	-333	-183	275	-33	7405	37025	7405	68997414
-16729	-207	-1016	249	-962	-339	-183	276	-33	7406	37030	7406	68997414
-16717	-165	-970	324	-935	-344	-182	278	-34	7407	37035	7407	68997414
-16742	-244	-1004	423	-905	-321	-182	275	-37	7408	37040	7408	68997414
-16726	-464	-1059	501	-875	-299	-181	271	-41	7409	37045	7409	68997429
-16661	-467	-1031	519	-839	-306	-180	273	-40	7410	37050	7410	68997450
-16670	-374	-976	496	-826	-334	-179	275	-39	7411	37055	7411	68997450
-16668	-253	-991	488	-815	-341	-183	274	-39	7412	37060	7412	68997451
-16631	-264	-1012	523	-797	-319	-188	272	-40	7413	37065	7413	68997451
-16649	-298	-996	542	-787	-312	-185	273	-41	7414	37070	7414	68997451
-16662	-205	-986	518	-784	-342	-180	274	-42	7415	37075	7415	68997451
-16665	-132	-1010	482	-771	-355	-180	277	-36	7416	37080	7416	68997456
-16694	-218	-1019	475	-771	-338	-180	280	-30	7417	37085	7417	68997474
-16697	-340	-1006	475	-765	-333	-180	279	-34	7418	37090	7418	68997488
-16650	-358	-954	444	-749	-363	-181	277	-39	7419	37095	7419	68997488
-16611	-208	-955	396	-743	-386	-182	277	-37	7420	37100	7420	68997488
-16639	-117	-937	379	-744	-378	-183	277	-35	7421	37105	7421	68997488
-16603	-258	-1004	427	-731	-353	-184	276	-35	7422	37110	7422	68997488
-16587	-376	-1039	437	-711	-347	-185	275	-35	7423	37115	7423	68997488
-16594	-344	-1062	394	-706	-386	-183	277	-35	7424	37120	7424	68997516
-16559	-194	-996	366	-711	-414	-181	279	-35	7425	37125	7425	68997544
-16588	-170	-977	383	-692	-407	-185	277	-35	7426	37130	7426	68997544
-16649	-308	-1047	438	-682	-392	-187	275	-35	7427	37135	7427	68997544
-16713	-314	-995	454	-674	-396	-186	274	-34	7428	37140	7428	68997544
-16729	-272	-1024	432	-667	-413	-186	274	-34	7429	37145	7429	68997544
-16699	-206	-1036	408	-664	-420	-183	274	-34	7430	37150	7430	68997544
-16634	-161	-929	406	-652	-410	-179	275	-35	7431	37155	7431	68997548
-16605	-292	-1000	448	-642	-392	-183	278	-36	7432	37160	7432	68997567
-16636	-384	-963	471	-634	-391	-186	280	-36	7433	37165	7433	68997583
-16650	-396	-945	436	-619	-412	-182	275	-34	7434	37170	7434	68997583
-16668	-332	-964	398	-604	-433	-179	271	-33	7435	37175	7435	68997583
-16716	-245	-916	390	-590	-425	-180	273	-34	7436	37180	7436	68997584
-16713	-278	-964	430	-569	-393	-181	275	-35	7437	37185	7437	68997584
-16730	-373	-961	475	-545	-379	-182	276	-31	7438	37190	7438	68997585
-16743	-390	-996	480	-519	-403	-182	276	-28	7439	37195	7439	68997585
-16733	-305	-1009	473	-494	-431	-181	273	-32	7440	37200	7440	68997586
-16722	-203	-965	472	-476	-433	-180	270	-36	7441	37205	7441	68997586
-16662	-278	-925	502	-468	-405	-180	271	-34	7442	37210	7442	68997588
