-16913	1567	2157	-78	643	221	6832	204	68	1646	8230	1646	68483305
-16929	1573	2152	-108	797	216	6832	207	65	1647	8235	1647	68483305
-16953	1581	2136	-130	985	203	6833	204	69	1648	8240	1648	68483305
-16945	1602	2104	-158	1178	183	6834	199	75	1649	8245	1649	68483305
-16916	1656	2118	-208	1370	165	6835	198	74	1650	8250	1650	68483305
-16929	1678	2115	-264	1547	154	6837	196	72	1651	8255	1651	68483310
-17014	1701	2093	-302	1681	154	6838	199	70	1652	8260	1652	68483357
-17081	1660	2045	-318	1767	164	6839	201	69	1653	8265	1653	68483385
-17094	1657	2020	-297	1871	179	6840	199	73	1654	8270	1654	68483385
-17079	1660	2175	-223	2001	193	6841	197	75	1655	8275	1655	68483385
-17050	1602	2281	-139	2098	199	6842	199	73	1656	8280	1656	68483385
-17042	1615	2279	-51	2174	187	6843	201	71	1657	8285	1657	68483385
-17066	1602	2316	40	2249	161	6844	201	72	1658	8290	1658	68483385
-17094	1534	2348	93	2310	139	6845	201	73	1659	8295	1659	68483408
-17017	1492	2401	118	2382	94	6846	199	74	1660	8300	1660	68483424
-16968	1545	2285	122	2426	52	6847	198	74	1661	8305	1661	68483424
-16994	1531	2158	114	2465	20	6848	199	71	1662	8310	1662	68483424
-17019	1478	2040	126	2491	-23	6849	199	69	1663	8315	1663	68483425
-17021	1438	1880	156	2520	-73	6850	200	67	1664	8320	1664	68483425
-17010	1423	1724	204	2552	-105	6851	201	65	1665	8325	1665	68483425
-16960	1371	1681	249	2579	-136	6852	199	68	1666	8330	1666	68483425
-16982	1361	1552	311	2605	-175	6853	198	70	1667	8335	1667	68483426
-16977	1348	1405	437	2683	-211	6854	200	67	1668	8340	1668	68483426
-16986	1255	1352	500	2773	-243	6855	200	66	1669	8345	1669	68483426
-16976	1236	1280	519	2848	-280	6856	202	65	1670	8350	1670	68483427
-17006	1322	1230	474	2937	-303	6857	203	65	1671	8355	1671	68483428
-16985	1258	1116	435	3034	-328	6858	203	68	1672	8360	1672	68483431
-17023	1260	1074	406	3149	-362	6859	203	69	1673	8365	1673	68483446
-16980	1213	1084	338	3271	-387	6860	204	68	1674	8370	1674	68483456
-16915	1221	978	235	3385	-412	6861	204	68	1675	8375	1675	68483458
-16852	1215	913	192	3497	-438	6862	205	67	1676	8380	1676	68483458
-16834	1114	824	196	3637	-454	6863	205	67	1677	8385	1677	68483458
-16789	1004	873	177	3740	-479	6864	207	71	1678	8390	1678	68483458
-16780	979	768	136	3835	-517	6865	208	72	1679	8395	1679	68483458
-16801	925	658	105	3915	-547	6866	204	73	1680	8400	1680	68483458
-16832	854	532	85	4007	-571	6867	203	73	1681	8405	1681	68483458
-16817	718	397	73	4141	-606	6868	201	68	1682	8410	1682	68483471
-16850	621	308	12	4298	-654	6869	201	67	1683	8415	1683	68483498
-16738	583	330	-100	4460	-710	6870	204	65	1684	8420	1684	68483504
-16850	390	180	-155	4591	-791	6871	205	65	1685	8425	1685	68483505
-16900	228	2	-340	4732	-818	6872	201	55	1686	8430	1686	68483505
-16846	150	104	-513	4952	-867	6873	201	55	1687	8435	1687	68483506
-16882	92	62	-599	5175	-941	6874	203	61	1688	8440	1688	68483506
-16810	-50	-42	-608	5333	-990	6875	203	61	1689	8445	1689	68483506
-16864	-160	-10	-614	5508	-1058	6876	205	63	1690	8450	1690	68483539
-16872	-214	-92	-639	5671	-1156	6877	205	63	1691	8455	1691	68483539
-16812	-252	-109	-651	5820	-1251	6878	208	56	1692	8460	1692	68483540
-16786	-476	-216	-636	5999	-1386	6879	209	55	1693	8465	1693	68483540
-16682	-684	-318	-635	6169	-1504	6880	208	60	1694	8470	1694	68483540
-16738	-906	-426	-721	6353	-1620	6881	208	60	1695	8475	1695	68483540
-16718	-1026	-634	-808	6549	-1731	6882	206	58	1696	8480	1696	68483541
-16776	-1212	-490	-932	6770	-1815	6883	206	58	1697	8485	1697	68483541
-16856	-1108	-368	-1009	6933	-1879	6884	209	55	1698	8490	1698	68483541
-16974	-1038	-176	-1070	7053	-1883	6885	209	55	1699	8495	1699	68483593
-17144	-846	-186	-1167	7168	-1873	6886	208	56	1700	8500	1700	68483593
-17332	-644	-296	-1363	7307	-1817	6887	208	56	1701	8505	1701	68483593
-17812	-419	-231	-1749	7606	-1746	6888	212	48	1702	8510	1702	68483593
-18255	-397	-735	-2309	7935	-1590	6889	212	49	1703	8515	1703	68483593
-18752	-78	-904	-3170	8447	-1436	6890	213	53	1704	8520	1704	68483593
-19181	303	-1156	-4069	8996	-1259	6891	213	53	1705	8525	1705	68483595
-19457	583	-1352	-4876	9492	-1046	6892	213	55	1706	8530	1706	68483608
-19732	888	-1574	-5539	9861	-818	6893	213	55	1707	8535	1707	68483642
-19846	1180	-1716	-6242	10228	-524	6894	210	50	1708	8540	1708	68483643
-19926	1482	-1944	-6901	10484	-202	6895	210	50	1709	8545	1709	68483644
-20191	1835	-2482	-7581	10675	156	6896	205	47	1710	8550	1710	68483644
-20343	2130	-3039	-8136	10925	506	6897	205	47	1711	8555	1711	68483644
-20380	2308	-3647	-8806	11327	844	6898	206	48	1712	8560	1712	68483644
-20556	2509	-4403	-9677	11942	1096	6899	207	47	1713	8565	1713	68483644
-21097	2673	-5443	-10811	12791	1307	6900	212	42	1714	8570	1714	68483650
-21492	2841	-6820	-12164	14087	1493	6901	212	42	1715	8575	1715	68483672
-21746	3014	-8197	-13575	15827	1626	6902	214	40	1716	8580	1716	68483672
-21754	3243	-9075	-15194	17941	1724	6903	216	41	1717	8585	1717	68483672
-21776	3714	-9562	-17092	20168	1860	6904	220	42	1718	8590	1718	68483672
-21873	4128	-9655	-18367	21738	2065	6905	222	43	1719	8595	1719	68483672
-22124	4551	-9751	-18786	22856	2339	6906	224	44	1720	8600	1720	68483672
-22355	4971	-9509	-18359	23608	2675	6907	220	41	1721	8605	1721	68483672
-22462	5318	-8856	-17480	24147	3066	6908	213	35	1722	8610	1722	68483672
-22488	5864	-7364	-16366	24647	3467	6909	214	35	1723	8615	1723	68483672
-22440	6934	-4885	-15553	25110	3697	6910	217	37	1724	8620	1724	68483674
-21732	8288	-2202	-14955	25561	3756	6911	217	36	1725	8625	1725	68483687
-20358	9857	-438	-13905	25309	3678	6912	215	33	1726	8630	1726	68483710
-18214	11131	-348	-11932	23615	3436	6913	213	33	1727	8635	1727	68483710
-16367	11627	-636	-10276	21535	2964	6914	209	33	1728	8640	1728	68483710
-14984	11358	-701	-9497	19151	2324	6915	212	30	1729	8645	1729	68483710
-14413	10776	-580	-9459	16867	1592	6916	216	26	1730	8650	1730	68483710
-14443	10201	-786	-9219	15333	844	6917	214	27	1731	8655	1731	68483710
-14630	9250	-1083	-7927	14748	21	6918	211	29	1732	8660	1732	68483728
-14543	7911	-982	-5622	14944	-767	6919	213	27	1733	8665	1733	68483754
-14122	6249	-384	-2763	15399	-1469	6921	215	23	1734	8670	1734	68483756
-13659	4654	316	10	15326	-1819	6922	216	21	1735	8675	1735	68483756
-13057	3463	775	2273	14726	-1632	6923	216	20	1736	8680	1736	68483757
-12467	2478	1150	4527	13725	-1107	6923	216	20	1737	8685	1737	68483757
-12162	1552	1194	6834	12214	-273	6924	217	21	1738	8690	1738	68483758
-12246	796	587	8590	10447	683	6925	217	19	1739	8695	1739	68483758
-12584	474	-664	9533	8827	1509	6926	218	16	1740	8700	1740	68483771
-13035	672	-2131	9634	7681	2059	6927	217	15	1741	8705	1741	68483790
-13439	1241	-3285	9249	6858	2301	6928	216	14	1742	8710	1742	68483790
-13921	1871	-4335	8880	6016	2248	6930	214	14	1743	8715	1743	68483790
-14327	2196	-5245	8801	5160	2031	6931	211	13	1744	8720	1744	68483790
-14603	2119	-5740	8655	4477	1714	6932	209	11	1745	8725	1745	68483790
-14483	2212	-5989	8193	4140	1410	6933	208	10	1746	8730	1746	68483790
-14076	2342	-6025	7547	4050	1131	6934	213	8	1747	8735	1747	68483806
-13648	2214	-5702	6910	3989	876	6935	217	7	1748	8740	1748	68483825
-13221	1863	-5207	6392	3974	663	6936	216	5	1749	8745	1749	68483830
-12705	1542	-4738	5932	4045	430	6937	215	3	1750	8750	1750	68483830
-12167	1244	-4272	5565	4063	185	6938	216	6	1751	8755	1751	68483830
-11706	914	-3884	5445	3833	-43	6939	216	8	1752	8760	1752	68483831
-11331	476	-3646	5657	3328	-215	6940	214	7	1753	8765	1753	68483831
-11123	30	-3617	6077	2718	-350	6941	213	7	1754	8770	1754	68483831
-11017	-433	-3768	6484	2082	-486	6942	214	2	1755	8775	1755	68483831
-10902	-808	-3911	6746	1431	-621	6943	214	-2	1756	8780	1756	68483845
-10908	-982	-3774	6872	839	-732	6944	213	-1	1757	8785	1757	68483861
-10999	-1193	-3588	6928	363	-762	6945	213	-1	1758	8790	1758	68483865
-11034	-1439	-3526	6895	71	-761	6946	212	0	1759	8795	1759	68483865
-11069	-1571	-3848	6655	-153	-723	6947	211	1	1760	8800	1760	68483865
-10979	-1442	-4153	6263	-355	-666	6948	215	-1	1761	8805	1761	68483865
-10852	-1126	-4301	5912	-485	-583	6949	216	-2	1762	8810	1762	68483865
-10762	-883	-4302	5745	-560	-446	6950	213	-5	1763	8815	1763	68483871
-10792	-725	-4426	5606	-590	-326	6951	212	-6	1764	8820	1764	68483899
-11012	-506	-4597	5235	-420	-293	6952	212	-1	1765	8825	1765	68483906
-11016	-113	-4568	4661	-57	-299	6953	212	0	1766	8830	1766	68483906
-10812	230	-4524	3903	328	-326	6954	212	-4	1767	8835	1767	68483907
-10868	770	-4585	3067	530	-395	6955	212	-6	1768	8840	1768	68483907
-10854	939	-5064	2640	400	-382	6956	214	-8	1769	8845	1769	68483908
-10991	973	-5445	2275	35	-452	6957	215	-9	1770	8850	1770	68483909
-11417	1161	-5632	1770	-328	-557	6958	213	-1	1771	8855	1771	68483935
-11890	1380	-5881	1212	-449	-687	6959	213	1	1772	8860	1772	68483942
-12178	1589	-6746	664	-518	-806	6960	215	-2	1773	8865	1773	68483942
-12696	1945	-7415	326	-509	-848	6961	215	-3	1774	8870	1774	68483943
-13272	2150	-7927	286	-349	-779	6962	217	-2	1775	8875	1775	68483943
-13782	2332	-8114	44	267	-727	6963	218	-2	1776	8880	1776	68483943
-13864	2606	-8318	-508	1086	-707	6964	210	0	1777	8885	1777	68483943
-13888	2846	-9106	-1072	1764	-740	6965	210	0	1778	8890	1778	68483951
-13684	2996	-9946	-1482	2327	-826	6966	213	-5	1779	8895	1779	68483987
-13386	3094	-10622	-1931	2636	-918	6967	213	-5	1780	8900	1780	68483987
-13363	3292	-11302	-2394	2789	-971	6968	211	-7	1781	8905	1781	68483987
-13448	3604	-12316	-2875	3245	-1018	6969	211	-7	1782	8910	1782	68483987
-13568	3770	-13688	-3250	4057	-1004	6970	216	-7	1783	8915	1783	68483987
-13541	3786	-14339	-3573	4859	-929	6971	217	-7	1784	8920	1784	68483987
-13502	3918	-14242	-3752	5169	-755	6972	210	-8	1785	8925	1785	68483988
-13664	3820	-13906	-3227	4801	-483	6973	210	-8	1786	8930	1786	68483988
-13666	3556	-13794	-2378	4348	-260	6974	217	-13	1787	8935	1787	68484009
-13452	3218	-13416	-1614	3882	-154	6975	217	-13	1788	8940	1788	68484009
-13062	3072	-12648	-1015	3283	-185	6976	219	-3	1789	8945	1789	68484009
-12864	3124	-11744	-269	2488	-229	6977	219	-3	1790	8950	1790	68484009
-12754	3076	-11170	692	1645	-185	6978	219	-5	1791	8955	1791	68484009
-12930	3052	-11366	1433	1137	-230	6979	219	-5	1792	8960	1792	68484009
-12698	3529	-11021	1834	1245	-299	6980	215	-7	1793	8965	1793	68484017
-12474	3913	-10374	2157	1196	-369	6981	214	-7	1794	8970	1794	68484047
-12435	4152	-10156	2666	770	-402	6982	212	-6	1795	8975	1795	68484047
-12690	4322	-10428	3267	339	-395	6983	212	-6	1796	8980	1796	68484048
-13066	4346	-10958	4013	257	-433	6984	208	-6	1797	8985	1797	68484048
-13158	4362	-10746	4505	693	-572	6985	208	-6	1798	8990	1798	68484048
-12658	4526	-10178	4681	1063	-730	6986	216	-8	1799	8995	1799	68484048
-12250	4594	-9984	4730	1054	-896	6987	216	-8	1800	9000	1800	68484048
-12010	4638	-9626	4677	938	-1027	6988	213	-5	1801	9005	1801	68484055
-11743	4323	-9530	4580	1023	-1174	6989	214	-5	1802	9010	1802	68484096
-11393	3940	-9486	4511	1344	-1261	6990	216	-6	1803	9015	1803	68484096
-10992	3383	-9308	4586	1686	-1309	6991	216	-7	1804	9020	1804	68484096
-10660	2740	-9210	4706	1867	-1318	6992	215	-9	1805	9025	1805	68484097
-10382	2001	-8868	4875	1888	-1332	6993	215	-9	1806	9030	1806	68484097
-10266	1151	-8588	5019	1751	-1357	6994	214	-8	1807	9035	1807	68484102
-10298	328	-8531	5039	1533	-1406	6995	214	-9	1808	9040	1808	68484126
-10329	-342	-8335	4864	1343	-1517	6996	212	-12	1809	9045	1809	68484133
-10346	-924	-8103	4595	1215	-1691	6997	216	-10	1810	9050	1810	68484133
-10415	-1179	-7899	4435	1133	-1860	6998	222	-8	1811	9055	1811	68484133
-10508	-1346	-7617	4340	1112	-2037	6999	220	-9	1812	9060	1812	68484133
-10494	-1600	-7334	4294	1160	-2244	7000	211	-11	1813	9065	1813	68484133
-10436	-1639	-7266	4133	1201	-2445	7001	212	-12	1814	9070	1814	68484133
-10309	-1596	-7051	3818	1106	-2618	7002	218	-14	1815	9075	1815	68484133
-10182	-1492	-6765	3358	796	-2690	7003	218	-14	1816	9080	1816	68484133
-10170	-1231	-6796	2849	353	-2649	7004	217	-13	1817	9085	1817	68484142
-10373	-950	-6902	2290	-215	-2444	7005	216	-11	1818	9090	1818	68484169
-10661	-828	-7091	1782	-668	-2176	7006	215	-9	1819	9095	1819	68484171
-10848	-762	-7252	1267	-974	-1872	7007	215	-13	1820	9100	1820	68484171
-10941	-634	-7480	699	-1127	-1564	7008	214	-18	1821	9105	1821	68484171
-11084	-582	-7592	69	-1163	-1271	7009	215	-17	1822	9110	1822	68484172
-11180	-599	-7638	-547	-1170	-1001	7010	216	-16	1823	9115	1823	68484172
-11228	-618	-7698	-1070	-1188	-786	7011	216	-16	1824	9120	1824	68484176
-11258	-653	-7703	-1493	-1189	-642	7012	217	-15	1825	9125	1825	68484191
-11172	-668	-7679	-1852	-1197	-563	7013	217	-16	1826	9130	1826	68484207
-10992	-637	-7755	-2159	-1176	-548	7014	216	-18	1827	9135	1827	68484207
-10806	-577	-7922	-2471	-1101	-577	7015	218	-16	1828	9140	1828	68484208
-10760	-432	-8032	-2845	-986	-614	7016	220	-14	1829	9145	1829	68484208
-10803	-222	-8208	-3304	-883	-613	7017	218	-14	1830	9150	1830	68484208
-10926	-144	-8575	-3795	-806	-533	7018	215	-15	1831	9155	1831	68484208
-11198	-253	-9203	-4284	-679	-404	7019	217	-13	1832	9160	1832	68484220
-11394	-507	-9792	-4875	-425	-273	7020	219	-11	1833	9165	1833	68484240
-11385	-805	-10402	-5748	-17	-187	7022	219	-13	1834	9170	1834	68484246
-11262	-992	-10717	-6798	444	-215	7023	218	-14	1835	9175	1835	68484246
-11071	-1080	-10626	-7753	858	-350	7024	219	-10	1836	9180	1836	68484246
-10743	-987	-9882	-8545	1182	-566	7025	220	-8	1837	9185	1837	68484246
-10533	-892	-8583	-9045	1323	-787	7026	218	-12	1838	9190	1838	68484247
-11118	-806	-7024	-9338	1264	-834	7027	216	-14	1839	9195	1839	68484247
-12972	-475	-5913	-9682	957	-638	7028	220	-15	1840	9200	1840	68484265
-15670	370	-5378	-10106	562	-302	7029	222	-16	1841	9205	1841	68484282
-19137	1860	-4740	-10542	109	118	7029	220	-10	1842	9210	1842	68484286
-23729	4368	-4218	-10826	-597	682	7031	216	0	1843	9215	1843	68484287
-27781	7307	-5183	-10548	-1100	1230	7032	222	-5	1844	9220	1844	68484287
-30865	9705	-8136	-9667	-646	1645	7033	226	-8	1845	9225	1845	68484287
-32464	11002	-13772	-8344	1458	1778	7034	223	-5	1846	9230	1846	68484287
-32768	11371	-20737	-7392	5794	1331	7035	221	-3	1847	9235	1847	68484292
-32768	11396	-26813	-7889	11885	370	7036	219	-6	1848	9240	1848	68484313
-32768	11772	-31249	-9868	18215	-894	7037	218	-8	1849	9245	1849	68484324
-32768	12294	-32768	-12071	23292	-2116	7038	223	-8	1850	9250	1850	68484324
-32768	11691	-32768	-12891	27181	-3052	7039	226	-8	1851	9255	1851	68484324
-32768	9997	-32768	-10772	30219	-4003	7040	217	-15	1852	9260	1852	68484324
-32768	8049	-32768	-7787	32374	-4683	7041	215	-17	1853	9265	1853	68484324
-31794	7034	-32003	-6749	32767	-4947	7042	212	-20	1854	9270	1854	68484324
-24353	8107	-22142	-7485	32767	-4998	7043	211	-21	1855	9275	1855	68484330
-17206	9877	-9860	-7552	32767	-4395	7044	212	-24	1856	9280	1856	68484351
-10772	10931	2944	-6764	29224	-2950	7045	212	-26	1857	9285	1857	68484361
-5874	10737	13731	-6543	22667	-692	7046	208	-27	1858	9290	1858	68484361
-2672	9649	19578	-8295	15742	1711	7047	206	-28	1859	9295	1859	68484361
49	8431	21301	-10563	9519	4060	7048	211	-29	1860	9300	1860	68484361
1134	6878	19793	-8471	7757	5728	7049	213	-29	1861	9305	1861	68484361
825	3580	15275	-1697	9597	6239	7050	211	-35	1862	9310	1862	68484362
413	-495	9860	7070	13672	5603	7051	210	-36	1863	9315	1863	68484397
264	-4421	6178	15638	17289	4435	7052	209	-37	1864	9320	1864	68484406
-224	-8104	4494	21944	18458	3203	7053	209	-37	1865	9325	1865	68484406
-2073	-9739	2973	24755	17694	1699	7054	211	-39	1866	9330	1866	68484406
-3837	-10124	720	24351	17087	301	7055	211	-39	1867	9335	1867	68484406
-5876	-9190	-4426	21014	17090	-1956	7056	199	-51	1868	9340	1868	68484407
-6950	-8162	-9706	16708	17176	-4169	7057	199	-51	1869	9345	1869	68484407
-8556	-7594	-14024	12088	17217	-5760	7058	200	-52	1870	9350	1870	68484414
-10988	-7577	-14649	9025	17111	-6446	7059	200	-52	1871	9355	1871	68484439
-15128	-8848	-13680	7502	16707	-6680	7060	199	-59	1872	9360	1872	68484444
-19960	-11462	-11819	7568	16406	-6366	7061	199	-61	1873	9365	1873	68484444
-23007	-13750	-9113	6846	16425	-5708	7062	195	-63	1874	9370	1874	68484444
-23044	-13383	-6715	3832	16589	-4703	7063	194	-64	1875	9375	1875	68484444
-20468	-9752	-5302	-2102	16950	-3098	7064	198	-70	1876	9380	1876	68484444
-17424	-5946	-5798	-7269	17326	-1622	7065	198	-70	1877	9385	1877	68484444
-14860	-2690	-6696	-10098	17722	-446	7066	193	-67	1878	9390	1878	68484485
-13112	-44	-8092	-10159	17503	355	7067	193	-67	1879	9395	1879	68484486
-12224	2282	-9692	-9085	16594	954	7068	193	-71	1880	9400	1880	68484486
-11712	4562	-10746	-8755	15625	1421	7069	193	-71	1881	9405	1881	68484487
-11672	6558	-11340	-9534	14864	1655	7070	187	-67	1882	9410	1882	68484487
-11802	7854	-11408	-10385	14405	1605	7071	187	-67	1883	9415	1883	68484488
-11384	7322	-11332	-10149	14191	1550	7072	188	-70	1884	9420	1884	68484489
-10470	5047	-11319	-9148	14001	1337	7073	188	-71	1885	9425	1885	68484489
-10170	3312	-11314	-8010	13881	1121	7074	185	-73	1886	9430	1886	68484490
-9872	1288	-10976	-5332	13946	1086	7075	185	-73	1887	9435	1887	68484509
-9308	-864	-10040	-1878	13996	1148	7076	178	-74	1888	9440	1888	68484519
-8834	-2308	-10158	652	13391	1128	7077	178	-74	1889	9445	1889	68484519
-9096	-2950	-11526	1398	12486	872	7078	180	-76	1890	9450	1890	68484519
-9070	-3250	-12896	596	11880	642	7079	180	-76	1891	9455	1891	68484519
-9020	-2484	-12086	-1171	11636	317	7080	177	-83	1892	9460	1892	68484519
-9589	-2546	-11020	-2268	11263	274	7081	178	-83	1893	9465	1893	68484519
-10356	-2160	-11227	-2651	11020	363	7082	184	-82	1894	9470	1894	68484527
-10792	-1204	-11813	-3316	11174	339	7083	182	-83	1895	9475	1895	68484559
-11074	-407	-11700	-4785	11627	91	7084	174	-88	1896	9480	1896	68484559
-10937	1156	-11555	-6826	11971	-247	7085	174	-88	1897	9485	1897	68484559
-10824	2519	-12378	-8477	12057	-650	7086	172	-88	1898	9490	1898	68484560
-10699	4485	-13621	-9648	12175	-1051	7087	172	-88	1899	9495	1899	68484560
-10315	6828	-13914	-9900	12479	-1299	7088	170	-90	1900	9500	1900	68484561
-9890	7170	-13242	-9132	12776	-1194	7089	170	-90	1901	9505	1901	68484561
-8634	7340	-12068	-7301	12819	-1074	7090	168	-94	1902	9510	1902	68484583
-7901	7356	-12923	-5623	12514	-869	7091	168	-93	1903	9515	1903	68484606
-7057	7165	-14321	-4175	12068	-516	7092	170	-90	1904	9520	1904	68484606
-6148	7468	-14462	-2805	11659	-249	7093	169	-90	1905	9525	1905	68484606
-5538	6763	-13815	-925	11144	-111	7094	164	-90	1906	9530	1906	68484606
-5408	5247	-14299	915	10472	-42	7095	165	-90	1907	9535	1907	68484606
-5371	4906	-14954	1993	10036	197	7096	168	-90	1908	9540	1908	68484607
-5845	4334	-14564	2817	9803	334	7097	166	-91	1909	9545	1909	68484617
-6543	4216	-13477	3249	9607	96	7098	160	-94	1910	9550	1910	68484665
-6886	3696	-13746	3543	9365	-163	7099	160	-96	1911	9555	1911	68484690
-7263	3094	-14963	3750	9015	-407	7100	159	-99	1912	9560	1912	68484690
-7740	2770	-15684	3799	8662	-657	7101	158	-98	1913	9565	1913	68484690
-8020	1717	-15117	3720	8453	-846	7102	156	-96	1914	9570	1914	68484690
-8461	431	-14650	3631	8265	-830	7103	156	-97	1915	9575	1915	68484690
-8576	389	-14696	3309	8161	-621	7104	157	-99	1916	9580	1916	68484690
-8714	16	-15179	2745	8219	-392	7105	157	-100	1917	9585	1917	68484691
-8739	-1208	-14698	1232	8421	-141	7106	158	-104	1918	9590	1918	68484691
-8447	-621	-14065	-370	8687	3	7107	156	-104	1919	9595	1919	68484702
-7977	-112	-13727	-1732	8906	324	7108	153	-103	1920	9600	1920	68484723
-7557	-666	-14642	-3063	8834	713	7109	153	-104	1921	9605	1921	68484729
-6750	570	-16084	-4612	8657	750	7110	152	-106	1922	9610	1922	68484730
-5682	1799	-16486	-5623	8586	945	7111	150	-107	1923	9615	1923	68484730
-4986	2476	-16075	-6249	8421	1238	7112	147	-109	1924	9620	1924	68484730
-4537	2674	-15624	-6409	8172	1409	7113	148	-107	1925	9625	1925	68484730
-4247	2971	-16217	-6229	8060	1484	7115	150	-104	1926	9630	1926	68484730
-3467	4913	-17026	-5749	8081	1528	7116	149	-105	1927	9635	1927	68484730
-3478	3373	-17068	-4997	8007	1566	7117	148	-106	1928	9640	1928	68484730
-4190	2602	-16831	-5017	7857	1384	7118	147	-105	1929	9645	1929	68484730
-4305	3677	-16528	-5055	7751	1147	7119	146	-104	1930	9650	1930	68484730
-4213	3354	-16198	-4430	7615	915	7119	145	-107	1931	9655	1931	68484730
-4203	2310	-15981	-4018	7332	653	7120	144	-112	1932	9660	1932	68484733
-3658	2913	-15941	-4216	7000	581	7121	144	-110	1933	9665	1933	68484737
-3793	3035	-15994	-3480	6700	630	7123	144	-106	1934	9670	1934	68484738
-4134	2099	-15630	-2549	6575	583	7124	142	-107	1935	9675	1935	68484738
-4114	1741	-15859	-2193	6475	303	7125	140	-108	1936	9680	1936	68484757
-3894	3116	-16183	-2215	6228	-93	7126	141	-108	1937	9685	1937	68484770
-3727	3123	-15631	-1752	5890	-113	7127	142	-108	1938	9690	1938	68484770
-3879	1691	-15250	-1532	5602	-71	7128	140	-109	1939	9695	1939	68484770
-3448	2927	-15958	-2069	5506	-190	7129	138	-110	1940	9700	1940	68484770
-2622	3616	-16552	-2113	5532	-171	7130	136	-109	1941	9705	1941	68484770
-2144	3733	-16187	-2289	5467	-136	7131	134	-108	1942	9710	1942	68484770
-1745	4207	-16077	-2494	5364	-214	7132	138	-104	1943	9715	1943	68484770
-1206	5912	-15761	-2264	5439	-274	7133	139	-103	1944	9720	1944	68484800
-391	5171	-15546	-1223	5406	135	7134	136	-106	1945	9725	1945	68484808
-732	3357	-15701	-355	5126	128	7135	134	-108	1946	9730	1946	68484808
-1375	2608	-16227	-593	4875	9	7136	135	-108	1947	9735	1947	68484808
-1064	3973	-16589	-1409	4730	-33	7137	136	-108	1948	9740	1948	68484809
-888	5352	-16547	-1682	4486	-50	7138	134	-112	1949	9745	1949	68484809
-1446	3908	-16386	-1485	4232	134	7139	132	-114	1950	9750	1950	68484809
-2017	3343	-16267	-1932	4012	173	7140	135	-111	1951	9755	1951	68484809
-2206	3715	-16510	-1981	3764	110	7141	136	-110	1952	9760	1952	68484815
-2152	4721	-16368	-1749	3607	139	7142	131	-112	1953	9765	1953	68484842
-3086	3637	-16399	-1097	3427	109	7143	130	-112	1954	9770	1954	68484849
-3142	3623	-16270	-842	3395	176	7144	131	-110	1955	9775	1955	68484850
-3581	776	-15925	-538	3325	153	7145	131	-109	1956	9780	1956	68484850
-3692	1665	-15560	-1992	3273	-95	7146	133	-113	1957	9785	1957	68484850
-3063	3315	-16043	-2328	3299	-62	7147	134	-114	1958	9790	1958	68484850
-3044	1728	-15712	-1969	3282	53	7148	132	-109	1959	9795	1959	68484851
-3316	1904	-14861	-2721	3350	-71	7149	132	-108	1960	9800	1960	68484879
-2699	2479	-14723	-2745	3644	-131	7150	132	-108	1961	9805	1961	68484886
-1912	2766	-15694	-1952	3830	-47	7151	132	-108	1962	9810	1962	68484886
-1067	3185	-17440	-1329	3739	30	7152	126	-114	1963	9815	1963	68484886
167	3662	-17920	-1207	3551	216	7153	124	-116	1964	9820	1964	68484886
-331	3248	-16815	-1960	3266	33	7154	123	-115	1965	9825	1965	68484887
-210	3642	-16463	-2935	3095	-146	7155	123	-115	1966	9830	1966	68484887
-81	4551	-16872	-2793	2916	-150	7156	124	-117	1967	9835	1967	68484893
630	6616	-16580	-1842	2581	131	7157	124	-118	1968	9840	1968	68484923
-742	3526	-16292	-848	2042	-220	7158	124	-120	1969	9845	1969	68484923
-1718	3878	-16216	-1997	1842	-860	7159	124	-120	1970	9850	1970	68484923
-1954	4602	-16558	-2099	2025	-238	7160	131	-113	1971	9855	1971	68484923
-2462	4892	-16890	-2096	1951	-139	7161	131	-113	1972	9860	1972	68484924
-1872	6954	-16914	-1992	1936	105	7162	127	-119	1973	9865	1973	68484924
-3578	3334	-16746	-1396	1782	-32	7163	127	-119	1974	9870	1974	68484924
-3211	5264	-16198	-2355	1940	34	7164	129	-117	1975	9875	1975	68484932
-3692	3400	-15934	-1849	2039	62	7165	129	-117	1976	9880	1976	68484965
-2702	6012	-15284	-1970	2222	-13	7166	126	-112	1977	9885	1977	68484966
-3590	478	-15018	-325	2162	20	7167	126	-112	1978	9890	1978	68484966
-3450	2262	-14810	-1330	2144	-3	7168	120	-120	1979	9895	1979	68484967
