-15972	-526	6202	875	-693	233	-10	168	164	1646	8230	1646	68483374
-15940	-563	6121	885	-519	219	-10	168	164	1647	8235	1647	68483388
-15857	-617	6228	770	-404	223	-8	167	165	1648	8240	1648	68483388
-15757	-457	6424	580	-421	230	-7	167	165	1649	8245	1649	68483389
-15668	-254	6584	398	-550	274	-6	164	164	1650	8250	1650	68483389
-15644	-128	6742	375	-733	292	-6	164	164	1651	8255	1651	68483390
-15380	450	6506	530	-906	349	-13	161	171	1652	8260	1652	68483390
-15300	-748	7168	747	-683	1181	-13	161	171	1653	8265	1653	68483396
-16446	-158	6850	906	-1347	282	-7	171	163	1654	8270	1654	68483433
-16176	-118	6726	1088	-1251	327	-7	171	163	1655	8275	1655	68483433
-16114	-120	6720	1157	-836	300	-16	172	166	1656	8280	1656	68483433
-15979	-53	6625	1180	-635	271	-16	172	166	1657	8285	1657	68483434
-15837	-112	6571	1154	-513	261	-10	168	159	1658	8290	1658	68483434
-15690	-130	6590	1042	-490	260	-9	167	157	1659	8295	1659	68483434
-15802	-34	6666	885	-521	254	-5	171	163	1660	8300	1660	68483435
-15776	-148	6660	866	-611	321	-5	171	163	1661	8305	1661	68483435
-15702	-134	6736	917	-648	335	-7	173	167	1662	8310	1662	68483435
-15680	-118	6634	1021	-647	301	-7	173	167	1663	8315	1663	68483436
-15828	-256	6706	1068	-638	285	-9	169	169	1664	8320	1664	68483436
-15828	-298	6598	1058	-651	284	-9	169	169	1665	8325	1665	68483437
-15800	-356	6588	989	-649	253	-9	169	165	1666	8330	1666	68483437
-15622	-228	6736	975	-625	280	-9	168	165	1667	8335	1667	68483442
-15407	-153	6713	992	-547	447	-7	165	165	1668	8340	1668	68483460
-15892	-340	6931	1028	-561	494	-7	165	166	1669	8345	1669	68483460
-15889	-182	6916	1076	-732	121	-7	167	171	1670	8350	1670	68483460
-15752	-354	6864	1266	-572	263	-8	167	169	1671	8355	1671	68483460
-15671	-377	6754	1378	-474	305	-10	166	162	1672	8360	1672	68483461
-15254	-198	6512	1362	-283	380	-10	166	161	1673	8365	1673	68483461
-14760	-748	6527	1290	85	883	-10	168	158	1674	8370	1674	68483461
-15443	-623	6478	1042	-127	437	-12	168	161	1675	8375	1675	68483461
-15477	-273	6283	853	-381	169	-16	168	168	1676	8380	1676	68483467
-14171	270	5852	814	-12	977	-14	169	169	1677	8385	1677	68483488
-11865	-351	6335	773	1292	2869	-10	170	170	1678	8390	1678	68483505
-12691	-959	7549	803	1859	2950	-10	170	166	1679	8395	1679	68483506
-15852	42	7300	1066	125	991	-9	171	161	1680	8400	1680	68483507
-16626	-716	6843	1511	-1336	1920	-9	171	162	1681	8405	1681	68483507
-17021	-2167	6826	1844	-1717	2997	-9	171	163	1682	8410	1682	68483507
-19647	-1902	7014	1627	-2051	1026	-9	170	164	1683	8415	1683	68483507
-19767	-557	6044	1403	-2307	-796	-10	166	168	1684	8420	1684	68483522
-17215	-476	6305	1261	-723	-147	-12	167	167	1685	8425	1685	68483542
-15730	-210	6808	1175	655	-1	-14	168	166	1686	8430	1686	68483542
-14898	-30	7145	1179	598	76	-12	167	165	1687	8435	1687	68483542
-14804	42	7249	1163	-305	195	-10	166	164	1688	8440	1688	68483542
-15172	4	7164	1139	-1172	300	-11	168	165	1689	8445	1689	68483543
-15512	26	7049	1118	-1514	352	-12	170	166	1690	8450	1690	68483543
-15654	58	6922	1171	-1333	314	-11	168	167	1691	8455	1691	68483543
-15635	87	6824	1394	-947	224	-10	166	168	1692	8460	1692	68483544
-15361	212	6839	1678	-751	150	-10	165	164	1693	8465	1693	68483560
-15259	335	6982	1839	-801	103	-10	164	162	1694	8470	1694	68483577
-15342	370	6999	1935	-1064	101	-13	168	163	1695	8475	1695	68483581
-15285	810	6783	1971	-1349	174	-15	171	163	1696	8480	1696	68483581
-14844	361	6961	2026	-1272	742	-13	168	166	1697	8485	1697	68483581
-15422	192	6949	2019	-1457	457	-12	166	168	1698	8490	1698	68483581
-15853	413	6783	1975	-1725	31	-9	167	169	1699	8495	1699	68483581
-15657	502	6730	1970	-1685	16	-7	167	169	1700	8500	1700	68483607
-15626	590	6742	1965	-1582	-31	-12	164	166	1701	8505	1701	68483639
-15582	674	6754	1951	-1572	-40	-13	163	165	1702	8510	1702	68483646
-15724	799	6810	1993	-1666	-64	-17	165	169	1703	8515	1703	68483647
-15682	1367	6488	2082	-1747	-52	-18	166	170	1704	8520	1704	68483647
-15040	899	6610	2306	-1561	694	-12	168	163	1705	8525	1705	68483647
-15087	1562	6316	2483	-1633	788	-11	169	161	1706	8530	1706	68483647
-14253	452	6795	2651	-1085	1709	-11	172	167	1707	8535	1707	68483647
-16211	958	6782	2525	-1215	429	-11	173	169	1708	8540	1708	68483652
-15700	1036	6988	2073	-1413	168	-8	166	170	1709	8545	1709	68483683
-16780	1089	6906	2195	-1291	113	-8	166	170	1710	8550	1710	68483683
-17143	1401	6719	2441	-1263	-185	-14	167	169	1711	8555	1711	68483683
-16734	892	6591	2903	-942	184	-15	167	169	1712	8560	1712	68483683
-16798	954	6252	3267	-741	-125	-12	172	166	1713	8565	1713	68483683
-16514	851	6180	3420	-550	-155	-11	173	165	1714	8570	1714	68483684
-16131	660	6064	3479	-499	-158	-13	167	163	1715	8575	1715	68483684
-15987	528	6079	3431	-512	-211	-13	165	163	1716	8580	1716	68483684
-15790	560	6018	3309	-555	-284	-14	166	162	1717	8585	1717	68483684
-15746	592	5934	3193	-588	-261	-14	166	162	1718	8590	1718	68483684
-15680	618	5932	3083	-613	-143	-13	167	165	1719	8595	1719	68483684
-15388	756	6108	2791	-639	-82	-13	167	165	1720	8600	1720	68483684
-15238	1024	6522	2341	-712	-5	-13	169	167	1721	8605	1721	68483692
-15348	1512	6740	2003	-896	38	-13	169	167	1722	8610	1722	68483721
-15686	1644	6706	1933	-983	90	-13	161	165	1723	8615	1723	68483722
-15906	1910	6330	2060	-1001	145	-13	161	165	1724	8620	1724	68483722
-16058	2160	5952	2275	-887	147	-14	168	168	1725	8625	1725	68483722
-16192	2452	5726	2511	-757	140	-14	167	168	1726	8630	1726	68483722
-16036	2966	5644	2598	-693	277	-13	163	167	1727	8635	1727	68483723
-15840	3528	5580	2625	-593	780	-14	164	167	1728	8640	1728	68483731
-16835	2627	5825	2595	-841	1024	-16	170	168	1729	8645	1729	68483765
-16976	3157	5561	2036	-1477	422	-16	170	167	1730	8650	1730	68483781
-16647	3328	5872	1509	-1299	593	-15	169	165	1731	8655	1731	68483781
-16449	3358	6141	1534	-1144	660	-15	168	165	1732	8660	1732	68483781
-16355	2992	6053	1864	-1185	803	-14	166	166	1733	8665	1733	68483781
-16395	2405	5700	2145	-1364	959	-15	166	165	1734	8670	1734	68483782
-16446	1862	5359	2207	-1432	1029	-17	167	163	1735	8675	1735	68483782
-16455	1249	5090	2075	-1364	1048	-17	169	165	1736	8680	1736	68483794
-16435	706	4989	1831	-1229	1026	-16	172	168	1737	8685	1737	68483819
-16447	323	4949	1527	-1090	996	-17	171	166	1738	8690	1738	68483819
-16434	142	4883	1234	-1048	963	-20	168	160	1739	8695	1739	68483819
-16276	-22	4654	971	-1104	956	-19	168	162	1740	8700	1740	68483820
-16348	-260	4555	668	-1173	939	-15	169	171	1741	8705	1741	68483820
-16437	-300	4384	191	-1155	897	-16	168	171	1742	8710	1742	68483820
-16398	-365	4328	-485	-998	836	-17	165	169	1743	8715	1743	68483827
-16264	-318	4652	-1107	-851	779	-19	163	169	1744	8720	1744	68483844
-16059	-48	5281	-1636	-816	735	-22	160	170	1745	8725	1745	68483857
-15932	246	5921	-1896	-858	713	-21	162	169	1746	8730	1746	68483857
-15914	312	6294	-1829	-855	699	-19	165	167	1747	8735	1747	68483857
-15866	276	6249	-1538	-781	713	-20	164	167	1748	8740	1748	68483857
-15796	131	5908	-1182	-647	752	-22	162	168	1749	8745	1749	68483857
-15711	23	5445	-919	-475	775	-19	163	168	1750	8750	1750	68483857
-15702	107	5146	-865	-350	773	-15	163	167	1751	8755	1751	68483857
-15768	339	4920	-954	-301	761	-16	165	166	1752	8760	1752	68483857
-15831	735	4989	-1099	-282	767	-16	166	166	1753	8765	1753	68483857
-15766	1273	5317	-1194	-284	772	-17	167	167	1754	8770	1754	68483857
-15630	1824	5849	-1190	-258	751	-18	168	168	1755	8775	1755	68483863
-15473	2149	6306	-1111	-189	732	-16	167	170	1756	8780	1756	68483887
-15229	2147	6402	-1021	-140	730	-15	167	171	1757	8785	1757	68483901
-15000	1949	6168	-988	-183	760	-17	168	168	1758	8790	1758	68483901
-14821	1557	5693	-1091	-366	800	-18	168	166	1759	8795	1759	68483901
-15026	1309	5082	-1372	-576	804	-16	166	168	1760	8800	1760	68483902
-15366	1168	4904	-1692	-663	794	-15	165	169	1761	8805	1761	68483902
-15681	1209	5074	-1915	-645	785	-14	159	170	1762	8810	1762	68483902
-15773	1387	5409	-1985	-674	804	-14	158	170	1763	8815	1763	68483923
-15852	1560	5663	-1942	-789	830	-16	165	170	1764	8820	1764	68483933
-15907	1527	5774	-1795	-923	888	-18	170	170	1765	8825	1765	68483933
-15844	1234	5687	-1588	-996	979	-17	164	174	1766	8830	1766	68483933
-15598	735	5303	-1433	-1070	1089	-16	160	176	1767	8835	1767	68483933
-15495	228	4790	-1477	-1155	1155	-13	165	173	1768	8840	1768	68483933
-15430	52	4365	-1649	-1175	1183	-12	166	172	1769	8845	1769	68483933
-15499	66	3982	-1750	-1041	1133	-17	163	174	1770	8850	1770	68483942
-15579	45	3496	-1706	-847	1065	-18	162	174	1771	8855	1771	68483967
-15720	94	3186	-1733	-718	1014	-16	162	166	1772	8860	1772	68483973
-15885	286	3083	-2001	-648	942	-16	162	164	1773	8865	1773	68483974
-15987	655	3054	-2475	-613	877	-18	161	165	1774	8870	1774	68483974
-16268	1048	3130	-3107	-461	856	-19	161	165	1775	8875	1775	68483974
-16398	1322	3462	-3521	-192	838	-14	162	168	1776	8880	1776	68483975
-16324	1636	4128	-3830	104	822	-14	162	168	1777	8885	1777	68483981
-16170	1854	5120	-3872	303	794	-13	161	171	1778	8890	1778	68483981
-16116	1832	5702	-3712	324	818	-13	161	171	1779	8895	1779	68484021
-16168	1578	5766	-3391	368	829	-16	164	172	1780	8900	1780	68484021
-16152	1044	5288	-2963	606	824	-16	164	172	1781	8905	1781	68484022
-15876	382	4268	-2435	968	772	-16	156	170	1782	8910	1782	68484022
-15756	46	3524	-1952	1296	667	-16	156	170	1783	8915	1783	68484022
-15783	-127	2962	-1715	1567	548	-17	167	175	1784	8920	1784	68484023
-15813	-51	2706	-1869	1745	467	-17	166	175	1785	8925	1785	68484024
-15843	221	2958	-2276	1948	386	-17	161	175	1786	8930	1786	68484035
-15590	606	3536	-2690	2108	340	-17	161	175	1787	8935	1787	68484058
-15315	860	4575	-2923	2126	344	-19	163	173	1788	8940	1788	68484058
-15222	1052	5438	-2939	2068	378	-19	163	173	1789	8945	1789	68484058
-15050	880	6004	-2702	1926	461	-14	158	174	1790	8950	1790	68484058
-14946	464	6224	-2365	1946	510	-14	158	174	1791	8955	1791	68484058
-14808	-6	6209	-1622	2269	459	-17	165	173	1792	8960	1792	68484058
-14512	-471	5897	-660	2516	324	-18	166	173	1793	8965	1793	68484058
-14290	-880	5304	366	2608	150	-22	168	172	1794	8970	1794	68484058
-14073	-1106	4714	1031	2575	-39	-21	167	172	1795	8975	1795	68484058
-14101	-1113	4274	1183	2542	-232	-15	165	173	1796	8980	1796	68484066
-14070	-731	3890	893	2561	-416	-15	164	173	1797	8985	1797	68484098
-14112	-354	3770	490	2571	-566	-17	161	173	1798	8990	1798	68484098
-14220	-37	4084	-65	2502	-660	-16	161	173	1799	8995	1799	68484098
-14441	515	5011	-956	2448	-724	-12	162	172	1800	9000	1800	68484099
-14695	1168	5953	-1813	2378	-735	-11	164	172	1801	9005	1801	68484099
-14734	1501	6108	-2111	2277	-695	-10	166	172	1802	9010	1802	68484099
-14709	1473	5763	-1941	2175	-640	-10	167	172	1803	9015	1803	68484102
-14650	1174	5053	-1547	2118	-629	-11	169	173	1804	9020	1804	68484118
-14466	922	4304	-1169	2153	-696	-13	166	173	1805	9025	1805	68484135
-14285	820	3653	-868	2240	-799	-15	161	173	1806	9030	1806	68484135
-14209	770	3279	-758	2304	-886	-12	163	173	1807	9035	1807	68484135
-14284	765	3526	-1022	2361	-958	-8	166	172	1808	9040	1808	68484135
-14264	957	4262	-1618	2405	-1063	-12	167	171	1809	9045	1809	68484135
-14354	1260	4890	-2183	2360	-1211	-14	168	170	1810	9050	1810	68484135
-14513	1318	4996	-2489	2170	-1333	-11	172	172	1811	9055	1811	68484140
-14657	1060	4655	-2412	1956	-1438	-9	175	173	1812	9060	1812	68484161
-14698	523	4280	-2126	1926	-1570	-10	171	173	1813	9065	1813	68484173
-14460	-157	3814	-1950	2101	-1768	-11	169	173	1814	9070	1814	68484173
-14085	-604	3561	-1926	2285	-1986	-9	170	173	1815	9075	1815	68484174
-13641	-887	3567	-1806	2366	-2211	-6	170	172	1816	9080	1816	68484174
-13148	-1223	3662	-1345	2358	-2489	-11	167	172	1817	9085	1817	68484174
-12747	-1432	3708	-988	2398	-2740	-16	164	172	1818	9090	1818	68484174
-12286	-1414	3592	-1176	2388	-2876	-10	165	172	1819	9095	1819	68484184
-11927	-1232	3392	-1705	2183	-2916	-6	166	172	1820	9100	1820	68484202
-11898	-1000	3136	-2248	1914	-2924	-9	167	173	1821	9105	1821	68484210
-12049	-764	2947	-2626	1852	-2988	-11	167	173	1822	9110	1822	68484210
-12237	-534	2905	-2836	2107	-3110	-8	170	170	1823	9115	1823	68484210
-12416	-248	2985	-3064	2468	-3217	-6	172	168	1824	9120	1824	68484210
-12599	123	3104	-3589	2739	-3267	-8	175	167	1825	9125	1825	68484210
-12627	431	3297	-4391	2846	-3310	-8	176	166	1826	9130	1826	68484210
-12482	726	3878	-5161	2868	-3397	-10	174	169	1827	9135	1827	68484232
-12668	999	4198	-5354	2898	-3513	-10	174	170	1828	9140	1828	68484255
-12742	999	4247	-4734	3247	-3647	-8	178	168	1829	9145	1829	68484259
-12549	760	3904	-3738	3911	-3828	-7	179	167	1830	9150	1830	68484259
-12210	531	3168	-2969	4605	-4051	-6	177	168	1831	9155	1831	68484259
-11852	518	2561	-2903	5062	-4290	-6	176	168	1832	9160	1832	68484260
-11454	752	2525	-3525	5271	-4520	-3	171	171	1833	9165	1833	68484260
-11102	1170	2844	-4564	5329	-4736	-2	170	172	1834	9170	1834	68484268
-11318	1868	3344	-5132	5187	-4829	-1	179	169	1835	9175	1835	68484297
-12174	2446	3544	-5032	5174	-4892	-1	179	169	1836	9180	1836	68484297
-13242	3162	3994	-4430	5592	-4958	4	178	164	1837	9185	1837	68484297
-14554	3658	4266	-3925	6234	-5061	4	178	164	1838	9190	1838	68484297
-15510	4554	4932	-3642	6842	-5028	3	177	171	1839	9195	1839	68484298
-16218	5572	4946	-3023	7176	-4873	3	177	171	1840	9200	1840	68484298
-16786	6172	4434	-1789	7336	-4705	6	184	164	1841	9205	1841	68484298
-17208	6166	3742	-314	7762	-4714	6	184	164	1842	9210	1842	68484341
-17430	5820	4000	874	8317	-4823	-2	184	168	1843	9215	1843	68484341
-17392	5946	4920	1731	8763	-4892	-2	184	168	1844	9220	1844	68484342
-17576	5872	5370	2791	9369	-4925	6	190	168	1845	9225	1845	68484342
-17682	5494	5788	4128	10338	-5065	6	190	168	1846	9230	1846	68484342
-17786	4278	6018	5417	11524	-5119	8	188	164	1847	9235	1847	68484342
-17900	2454	5370	5892	12812	-5081	8	188	164	1848	9240	1848	68484342
-17992	824	4896	5110	14214	-4892	6	188	162	1849	9245	1849	68484342
-18040	-578	4720	3716	15255	-4341	6	188	162	1850	9250	1850	68484342
-17894	-2019	4559	2804	15210	-3083	5	197	155	1851	9255	1851	68484346
-17810	-3239	4753	2860	14535	-1969	6	196	155	1852	9260	1852	68484366
-17392	-3925	5420	3082	13714	-1106	9	193	153	1853	9265	1853	68484379
-16348	-4429	6362	2905	12919	-751	7	194	151	1854	9270	1854	68484379
-15667	-4154	7175	2163	12062	-712	-1	199	145	1855	9275	1855	68484379
-15730	-3587	8172	992	10857	-426	0	200	146	1856	9280	1856	68484379
-16220	-2627	8998	-160	9514	67	4	202	148	1857	9285	1857	68484379
-16092	-1396	9572	-1112	8498	150	4	200	147	1858	9290	1858	68484379
-16021	-89	9670	-1227	7879	-114	2	194	144	1859	9295	1859	68484379
-16052	244	9145	-890	6843	177	4	196	144	1860	9300	1860	68484387
-15990	-142	8702	-399	5347	798	6	200	144	1861	9305	1861	68484410
-15325	-321	8744	163	4036	1262	5	201	143	1862	9310	1862	68484427
-15002	-274	8628	379	3203	1376	3	203	141	1863	9315	1863	68484428
-14790	110	8864	-152	2735	1490	2	202	143	1864	9320	1864	68484428
-14487	1140	9781	-606	2551	1464	1	201	145	1865	9325	1865	68484428
-13599	1935	10214	112	2626	1279	1	202	143	1866	9330	1866	68484428
-12544	1699	9372	1449	2892	766	2	204	140	1867	9335	1867	68484428
-11912	688	7864	2132	2963	374	3	204	140	1868	9340	1868	68484443
-11576	-388	7224	1872	2728	307	4	204	140	1869	9345	1869	68484465
-11096	-1369	7652	1390	2437	428	1	204	142	1870	9350	1870	68484465
-10557	-2218	8064	1095	2117	583	-4	204	144	1871	9355	1871	68484465
-10172	-2724	8252	775	1633	657	-4	204	142	1872	9360	1872	68484465
-10136	-2647	8282	473	972	649	-3	205	139	1873	9365	1873	68484465
-10533	-2345	7580	274	278	615	-2	206	139	1874	9370	1874	68484465
-11265	-2017	6236	-279	-350	615	0	208	140	1875	9375	1875	68484469
-12257	-1694	5263	-1171	-873	698	-2	207	138	1876	9380	1876	68484491
-13368	-1287	5027	-1638	-1224	791	-3	207	137	1877	9385	1877	68484503
-14611	-806	5238	-1543	-1393	856	-5	206	143	1878	9390	1878	68484503
-15664	-289	5514	-1095	-1424	892	-7	205	147	1879	9395	1879	68484503
-16676	180	5054	-498	-1433	917	-3	207	145	1880	9400	1880	68484503
-17749	422	4321	25	-1403	983	-1	209	143	1881	9405	1881	68484503
-18630	683	4040	521	-1159	1101	-1	211	142	1882	9410	1882	68484503
-19349	882	3724	1410	-727	1233	-1	213	141	1883	9415	1883	68484503
-19977	751	3042	2861	-204	1416	-3	211	143	1884	9420	1884	68484503
-20241	361	2408	3748	170	1566	-4	210	144	1885	9425	1885	68484533
-20404	64	2628	3880	536	1674	-7	208	141	1886	9430	1886	68484542
-20166	-220	3062	4074	875	1858	-8	208	140	1887	9435	1887	68484542
-19860	-739	3328	4229	1043	1831	-9	210	146	1888	9440	1888	68484542
-19464	-1531	3791	4082	998	1810	-9	211	147	1889	9445	1889	68484543
-19023	-1762	5114	3601	926	1547	-11	215	143	1890	9450	1890	68484543
-18667	-2060	5604	3669	838	1336	-12	216	142	1891	9455	1891	68484543
-18004	-2678	4948	4230	750	1217	-10	208	134	1892	9460	1892	68484551
-17982	-3150	5184	4271	631	808	-10	208	134	1893	9465	1893	68484579
-17680	-3530	5812	4514	442	736	-14	214	140	1894	9470	1894	68484579
-17370	-4004	6266	4825	211	680	-15	215	141	1895	9475	1895	68484580
-17463	-4563	6182	4899	-104	481	-21	205	138	1896	9480	1896	68484580
-17385	-5300	5636	5016	-355	431	-23	203	137	1897	9485	1897	68484580
-17249	-5840	5481	5012	-477	419	-17	212	141	1898	9490	1898	68484580
-17336	-6107	5762	4682	-618	299	-16	214	142	1899	9495	1899	68484581
-17926	-5964	5490	3867	-917	125	-17	213	137	1900	9500	1900	68484581
-18370	-5968	4284	2804	-1231	99	-17	213	137	1901	9505	1901	68484650
-18702	-5466	4010	1673	-1305	36	-21	219	143	1902	9510	1902	68484650
-19534	-4384	4400	734	-1350	100	-21	219	143	1903	9515	1903	68484650
-19982	-3556	3446	265	-1489	556	-20	214	142	1904	9520	1904	68484650
-20082	-2994	2940	-482	-1425	747	-20	214	142	1905	9525	1905	68484650
-20630	-2078	3266	-1179	-1149	829	-24	210	142	1906	9530	1906	68484650
-20708	-1718	3490	-1880	-979	1345	-24	210	142	1907	9535	1907	68484651
-20358	-1064	3890	-2509	-693	1545	-20	212	138	1908	9540	1908	68484673
-19945	-959	4274	-1924	-446	1513	-21	213	139	1909	9545	1909	68484700
-19898	-674	4915	-1072	-515	1493	-23	219	141	1910	9550	1910	68484700
-19447	-866	5260	-294	-706	1585	-23	219	141	1911	9555	1911	68484700
-19182	-1136	5594	211	-837	1420	-22	218	142	1912	9560	1912	68484700
-18352	-1664	5949	757	-896	1573	-22	218	142	1913	9565	1913	68484700
-18139	-2224	5859	1275	-934	1569	-21	217	141	1914	9570	1914	68484700
-17856	-2712	5358	1410	-1104	1584	-22	217	141	1915	9575	1915	68484704
-17631	-2917	4816	1404	-1233	1347	-24	216	142	1916	9580	1916	68484728
-17461	-3071	4652	1165	-1433	1092	-23	218	141	1917	9585	1917	68484761
-17850	-2723	4752	808	-1637	948	-20	222	138	1918	9590	1918	68484761
-18098	-2249	4685	385	-1816	942	-21	221	139	1919	9595	1919	68484762
-18577	-1633	4569	-62	-1888	892	-23	219	141	1920	9600	1920	68484763
-18806	-1095	3692	-176	-1851	1113	-24	219	142	1921	9605	1921	68484763
-18803	-412	2814	-493	-1781	1046	-26	220	144	1922	9610	1922	68484763
-19283	410	2824	-874	-1696	774	-26	221	144	1923	9615	1923	68484764
-19844	1020	3050	-933	-1757	931	-24	226	144	1924	9620	1924	68484764
-20605	1488	3389	-872	-1710	1023	-26	225	144	1925	9625	1925	68484765
-20546	1655	2926	-341	-1430	1194	-32	220	144	1926	9630	1926	68484765
-19963	1740	2468	-41	-1046	1176	-32	221	144	1927	9635	1927	68484766
-19632	1571	2335	41	-659	1015	-31	223	143	1928	9640	1928	68484766
-19538	1000	2241	151	-425	1032	-30	222	143	1929	9645	1929	68484766
-19461	468	2542	58	-337	1021	-28	220	142	1930	9650	1930	68484767
-18802	337	3102	75	-318	1057	-28	222	144	1931	9655	1931	68484767
-18831	240	3692	314	-471	1140	-28	224	146	1932	9660	1932	68484769
-18528	299	4411	612	-758	1301	-28	224	146	1933	9665	1933	68484782
-18123	239	4688	820	-782	1116	-27	223	145	1934	9670	1934	68484792
-17654	-657	4339	1157	-751	881	-32	221	144	1935	9675	1935	68484792
-18166	-1373	4407	1324	-847	684	-35	219	143	1936	9680	1936	68484792
-18287	-1840	4546	1428	-966	1108	-33	224	144	1937	9685	1937	68484792
-18334	-1814	4399	1237	-1081	1341	-32	228	144	1938	9690	1938	68484792
-18299	-1732	3728	1244	-1160	1277	-34	222	145	1939	9695	1939	68484792
-18552	-1990	3302	1408	-1255	1357	-36	218	146	1940	9700	1940	68484792
-18780	-2316	3740	1251	-1454	1606	-35	223	144	1941	9705	1941	68484792
-19268	-2118	4161	759	-1670	1480	-35	227	143	1942	9710	1942	68484820
-19317	-2117	3544	447	-1771	1765	-37	225	144	1943	9715	1943	68484829
-19112	-2014	3228	102	-1568	1844	-38	224	144	1944	9720	1944	68484830
-18970	-1726	3080	-38	-1394	1694	-37	223	146	1945	9725	1945	68484830
-19253	-1645	2991	-35	-1429	1728	-37	223	147	1946	9730	1946	68484830
-19274	-1562	2845	-168	-1604	1884	-39	223	148	1947	9735	1947	68484831
-18849	-1150	2786	-715	-1472	1737	-41	223	149	1948	9740	1948	68484831
-18600	-828	2979	-1311	-996	1401	-42	222	147	1949	9745	1949	68484831
-18827	-510	2950	-1537	-1041	787	-43	221	145	1950	9750	1950	68484859
-18282	-568	2743	-1582	-1071	735	-38	224	142	1951	9755	1951	68484877
-17680	-796	2614	-1570	-623	1146	-37	225	141	1952	9760	1952	68484879
-17646	-538	2694	-2187	-780	905	-37	223	149	1953	9765	1953	68484879
-17392	-129	3357	-3038	-984	779	-37	223	151	1954	9770	1954	68484879
-17217	455	3977	-3434	-1213	824	-42	225	148	1955	9775	1955	68484879
-16820	1102	3626	-3488	-1391	699	-43	225	147	1956	9780	1956	68484879
-16533	1366	3620	-3262	-1467	446	-39	227	148	1957	9785	1957	68484886
-16017	1238	3902	-2837	-1771	158	-38	228	148	1958	9790	1958	68484918
-17522	1814	4610	-2604	-2060	-258	-45	225	147	1959	9795	1959	68484926
-17604	1442	3212	-1644	-2340	446	-45	225	147	1960	9800	1960	68484926
-16384	1302	2806	-679	-2201	-22	-38	228	150	1961	9805	1961	68484926
-18858	2030	3562	190	-2076	-934	-38	228	150	1962	9810	1962	68484927
-18694	698	2940	827	-2794	593	-39	225	147	1963	9815	1963	68484928
-18194	1140	3248	769	-2594	225	-39	225	147	1964	9820	1964	68484928
-19186	1022	3148	1146	-2028	-575	-38	228	152	1965	9825	1965	68484928
-20070	458	2512	1579	-2058	161	-38	228	152	1966	9830	1966	68484929
-20926	-206	3029	1183	-2339	1039	-42	220	146	1967	9835	1967	68484938
-19926	-63	2410	1072	-2282	1085	-42	221	146	1968	9840	1968	68484974
-18493	-256	2838	1169	-869	1135	-43	225	147	1969	9845	1969	68484974
-16198	-481	2709	844	-391	581	-43	225	148	1970	9850	1970	68484974
-17465	-165	2955	533	-480	-527	-43	227	151	1971	9855	1971	68484975
-18789	-951	2820	655	-1225	-62	-43	227	152	1972	9860	1972	68484975
-18906	-1536	3088	692	-1621	534	-42	228	154	1973	9865	1973	68484975
-18462	-1404	3470	146	-1200	634	-42	228	154	1974	9870	1974	68484975
-17672	-1124	3844	-89	-574	625	-48	226	144	1975	9875	1975	68484976
-17365	-1075	3777	-203	-629	654	-48	225	145	1976	9880	1976	68484976
-16667	-1312	3867	-457	-977	845	-46	222	150	1977	9885	1977	68484981
-15504	-466	4702	-1125	-1102	74	-45	222	150	1978	9890	1978	68485002
-17039	372	5236	-1511	-1225	-579	-43	223	149	1979	9895	1979	68485003
