-15755	330	6556	430	-1321	387	-7	169	155	2556	12780	2556	68487894
-15842	314	6487	489	-1288	361	-11	168	157	2557	12785	2557	68487894
-15886	327	6385	570	-1255	350	-14	168	158	2558	12790	2558	68487894
-15897	373	6325	623	-1238	348	-13	171	158	2559	12795	2559	68487894
-15861	408	6274	667	-1274	349	-12	172	158	2560	12800	2560	68487894
-15890	372	6203	666	-1326	353	-14	168	160	2561	12805	2561	68487924
-15914	327	6257	666	-1391	373	-15	167	161	2562	12810	2562	68487932
-15905	320	6445	680	-1440	388	-18	170	156	2563	12815	2563	68487932
-15868	301	6606	663	-1482	356	-19	171	155	2564	12820	2564	68487932
-15866	259	6670	622	-1556	341	-12	173	159	2565	12825	2565	68487933
-14782	1202	6284	597	-1506	705	-10	174	160	2566	12830	2566	68487933
-12784	636	6482	741	-413	2860	-17	169	161	2567	12835	2567	68487933
-15852	-714	7482	757	-504	2490	-17	169	161	2568	12840	2568	68487933
-18308	-116	6682	763	-2316	482	-13	169	161	2569	12845	2569	68487934
-17580	-108	5902	989	-2495	316	-13	169	161	2570	12850	2570	68487934
-16644	84	5904	902	-1287	215	-12	170	156	2571	12855	2571	68487968
-15910	350	6164	845	-526	146	-12	170	156	2572	12860	2572	68487969
-15672	486	6230	888	-556	192	-12	176	160	2573	12865	2573	68487969
-15776	420	6240	899	-1003	271	-12	176	160	2574	12870	2574	68487969
-16012	450	6260	811	-1333	315	-14	172	160	2575	12875	2575	68487970
-16119	694	6285	729	-1364	319	-15	172	160	2576	12880	2576	68487971
-16098	671	6393	741	-1286	327	-17	171	161	2577	12885	2577	68487973
-16023	684	6537	764	-1225	358	-17	172	161	2578	12890	2578	68487985
-16130	736	6630	748	-1217	363	-15	175	163	2579	12895	2579	68488007
-16148	608	6582	756	-1279	402	-15	175	163	2580	12900	2580	68488008
-16000	490	6594	720	-1283	427	-16	172	154	2581	12905	2581	68488008
-16110	448	6510	681	-1211	390	-16	172	154	2582	12910	2582	68488008
-15980	404	6574	683	-1123	371	-16	174	162	2583	12915	2583	68488008
-15960	288	6407	778	-990	348	-16	173	162	2584	12920	2584	68488009
-15900	229	6276	883	-909	326	-17	167	163	2585	12925	2585	68488012
-15933	192	6078	940	-865	281	-16	167	163	2586	12930	2586	68488031
-15900	180	6142	972	-861	251	-14	166	162	2587	12935	2587	68488049
-15846	179	6200	956	-868	225	-14	168	163	2588	12940	2588	68488049
-15885	239	6568	834	-882	188	-15	175	165	2589	12945	2589	68488050
-15914	522	6652	689	-947	195	-15	174	165	2590	12950	2590	68488050
-15607	988	6572	638	-927	429	-17	171	163	2591	12955	2591	68488050
-15742	-16	6960	699	-796	766	-17	170	163	2592	12960	2592	68488051
-16370	478	6459	741	-1155	40	-17	165	161	2593	12965	2593	68488053
-16095	448	6236	911	-955	95	-15	167	161	2594	12970	2594	68488069
-15915	420	6185	987	-647	41	-11	169	161	2595	12975	2595	68488087
-15745	495	6220	949	-487	17	-13	168	162	2596	12980	2596	68488087
-15610	599	6381	869	-493	24	-16	166	164	2597	12985	2597	68488087
-15588	676	6568	840	-561	32	-17	168	163	2598	12990	2598	68488087
-15543	748	6691	868	-653	43	-19	171	161	2599	12995	2599	68488087
-15550	861	6745	991	-750	60	-15	169	161	2600	13000	2600	68488088
-15512	750	6741	1169	-800	113	-11	167	161	2601	13005	2601	68488110
-15543	689	6695	1261	-839	50	-12	171	162	2602	13010	2602	68488126
-15410	694	6704	1314	-832	-4	-13	173	163	2603	13015	2603	68488126
-15252	764	6838	1369	-787	-52	-15	173	163	2604	13020	2604	68488127
-15104	843	6883	1433	-803	-116	-17	173	163	2605	13025	2605	68488127
-14944	951	6866	1502	-892	-175	-16	172	163	2606	13030	2606	68488127
-14903	1143	6865	1591	-1014	-257	-14	170	162	2607	13035	2607	68488127
-14925	1602	6628	1749	-1105	-303	-17	169	164	2608	13040	2608	68488127
-14669	1248	6726	1946	-973	111	-20	168	166	2609	13045	2609	68488153
-15279	1236	6840	2022	-1135	-215	-18	167	166	2610	13050	2610	68488172
-15678	1610	6830	2020	-1339	-580	-16	166	166	2611	13055	2611	68488172
-15553	1773	6948	1991	-1246	-571	-14	168	165	2612	13060	2612	68488172
-15407	1889	7115	1963	-1128	-569	-12	170	164	2613	13065	2613	68488173
-15232	2030	7208	1989	-1091	-565	-15	169	165	2614	13070	2614	68488173
-15309	1789	7389	2150	-1094	-542	-17	169	165	2615	13075	2615	68488173
-15685	1480	7448	2344	-1201	-749	-16	168	166	2616	13080	2616	68488173
-15793	1347	7491	2553	-1319	-851	-16	168	166	2617	13085	2617	68488196
-14993	2244	7186	2698	-1109	-631	-15	167	162	2618	13090	2618	68488203
-14440	1152	7419	2861	-494	138	-15	167	161	2619	13095	2619	68488205
-14027	1080	7455	2738	-410	-254	-18	169	164	2620	13100	2620	68488205
-14200	1726	7166	2537	-557	-292	-19	169	165	2621	13105	2621	68488205
-12957	2344	6674	2502	-457	512	-19	172	163	2622	13110	2622	68488205
-12214	1488	7382	2641	461	1618	-19	173	163	2623	13115	2623	68488205
-16619	1190	7418	3014	-567	696	-17	166	159	2624	13120	2624	68488209
-19536	1786	6950	2704	-3319	144	-16	164	158	2625	13125	2625	68488247
-19696	2094	6496	2198	-2988	983	-19	167	161	2626	13130	2626	68488247
-18702	1436	7580	2219	-1351	1333	-19	167	161	2627	13135	2627	68488247
-18342	2526	7026	2583	-895	-276	-17	171	161	2628	13140	2628	68488247
-15814	2402	6944	2776	-618	-257	-17	171	161	2629	13145	2629	68488247
-15010	2244	7052	2954	-707	-176	-22	164	162	2630	13150	2630	68488249
-15302	1878	6684	3048	-1404	-55	-22	164	162	2631	13155	2631	68488249
-15897	1626	6516	2954	-1821	23	-17	167	160	2632	13160	2632	68488257
-16374	1358	6136	2798	-1865	59	-16	168	160	2633	13165	2633	68488296
-16564	1242	5964	2693	-1525	50	-19	169	157	2634	13170	2634	68488307
-16248	1102	5762	2711	-1305	80	-19	169	157	2635	13175	2635	68488308
-15962	832	5650	2682	-1278	138	-12	162	156	2636	13180	2636	68488308
-15848	568	5640	2417	-1434	201	-12	162	156	2637	13185	2637	68488308
-15816	330	5696	1908	-1610	256	-19	167	159	2638	13190	2638	68488308
-15878	196	5694	1346	-1710	323	-19	167	159	2639	13195	2639	68488308
-16282	252	5662	903	-1722	302	-21	167	161	2640	13200	2640	68488309
-16320	282	5716	536	-1756	385	-21	167	161	2641	13205	2641	68488309
-16402	564	6201	193	-1619	419	-19	165	169	2642	13210	2642	68488318
-16364	881	6575	-83	-1491	454	-18	166	167	2643	13215	2643	68488326
-16231	1080	6961	-309	-1393	551	-15	171	161	2644	13220	2644	68488326
-16123	1014	7052	-467	-1383	673	-16	171	161	2645	13225	2645	68488326
-16039	811	6886	-548	-1441	809	-19	169	163	2646	13230	2646	68488326
-15953	802	6518	-647	-1478	916	-19	168	163	2647	13235	2647	68488326
-15852	807	5962	-750	-1457	993	-21	165	165	2648	13240	2648	68488326
-15832	918	5454	-831	-1421	1020	-19	166	165	2649	13245	2649	68488330
-15742	1072	5153	-926	-1402	1027	-10	170	164	2650	13250	2650	68488352
-15702	1510	4884	-1204	-1450	1047	-13	168	164	2651	13255	2651	68488365
-15702	2038	4982	-1504	-1534	1070	-17	165	165	2652	13260	2652	68488366
-15659	2547	5192	-1683	-1642	1088	-16	164	165	2653	13265	2653	68488366
-15678	2837	5496	-1736	-1738	1090	-15	163	165	2654	13270	2654	68488367
-15699	2960	5765	-1726	-1785	1065	-15	165	166	2655	13275	2655	68488368
-15717	2995	6014	-1682	-1770	992	-16	168	168	2656	13280	2656	68488368
-15727	3000	6235	-1593	-1735	887	-16	168	169	2657	13285	2657	68488381
-15735	3049	6429	-1440	-1708	772	-17	169	171	2658	13290	2658	68488404
-15881	3010	6493	-1063	-1691	656	-17	168	168	2659	13295	2659	68488405
-15986	2921	6254	-608	-1636	576	-18	166	164	2660	13300	2660	68488405
-16002	2873	5922	-128	-1527	525	-17	164	166	2661	13305	2661	68488405
-16004	2855	5631	300	-1388	486	-16	162	168	2662	13310	2662	68488405
-15948	2873	5481	624	-1270	463	-16	163	168	2663	13315	2663	68488409
-15882	2882	5564	844	-1232	461	-16	164	168	2664	13320	2664	68488431
-15817	2844	5680	1007	-1298	483	-15	164	168	2665	13325	2665	68488458
-15703	2792	5734	1120	-1422	526	-13	165	167	2666	13330	2666	68488458
-15581	2620	5785	1181	-1540	561	-13	164	167	2667	13335	2667	68488458
-15473	2460	5981	1204	-1647	583	-12	163	166	2668	13340	2668	68488458
-15386	2185	6126	1275	-1716	580	-14	167	168	2669	13345	2669	68488458
-15315	1769	6176	1415	-1739	561	-16	170	170	2670	13350	2670	68488458
-15203	1328	6097	1552	-1718	527	-19	165	171	2671	13355	2671	68488458
-15097	956	6073	1584	-1688	475	-21	161	171	2672	13360	2672	68488459
-15039	691	6113	1478	-1706	424	-23	163	170	2673	13365	2673	68488498
-15095	605	6289	1305	-1781	372	-25	165	169	2674	13370	2674	68488525
-15317	518	6254	1094	-1941	342	-22	165	168	2675	13375	2675	68488525
-15502	405	5955	904	-2094	371	-21	165	167	2676	13380	2676	68488525
-15627	165	5562	746	-2140	399	-22	164	173	2677	13385	2677	68488525
-15692	4	5264	515	-2154	422	-22	164	174	2678	13390	2678	68488525
-15804	-180	5239	161	-2166	468	-21	165	172	2679	13395	2679	68488525
-15868	-273	5278	-250	-2195	525	-21	165	171	2680	13400	2680	68488526
-15972	-284	5161	-574	-2237	560	-20	166	165	2681	13405	2681	68488560
-16030	-326	4826	-819	-2255	590	-20	166	164	2682	13410	2682	68488576
-15984	-413	4512	-1076	-2203	592	-19	164	176	2683	13415	2683	68488578
-15968	-338	4266	-1467	-2103	592	-19	163	179	2684	13420	2684	68488579
-15934	-212	4126	-1998	-1982	607	-21	162	175	2685	13425	2685	68488579
-15900	-117	4107	-2588	-1838	626	-22	162	174	2686	13430	2686	68488579
-15920	81	3876	-3174	-1670	634	-20	164	164	2687	13435	2687	68488579
-15896	259	3896	-3784	-1510	649	-20	164	162	2688	13440	2688	68488580
-15979	561	4098	-4313	-1337	658	-21	155	172	2689	13445	2689	68488580
-16183	854	4270	-4524	-1146	666	-21	153	175	2690	13450	2690	68488581
-16340	980	4280	-4369	-1005	703	-17	159	174	2691	13455	2691	68488581
-16366	1014	4108	-4077	-907	788	-16	160	174	2692	13460	2692	68488581
-16384	1036	3864	-3970	-746	833	-17	163	175	2693	13465	2693	68488581
-16392	1320	3806	-4038	-494	864	-17	163	175	2694	13470	2694	68488591
-16434	1556	3640	-4164	-166	870	-20	160	180	2695	13475	2695	68488591
-16480	1958	3694	-4260	217	849	-20	160	180	2696	13480	2696	68488591
-16420	2304	4096	-4284	630	873	-18	160	178	2697	13485	2697	68488599
-16378	2636	5148	-4270	938	950	-18	160	178	2698	13490	2698	68488617
-16152	2944	5928	-4172	1141	1054	-17	157	179	2699	13495	2699	68488618
-16038	3016	6264	-3926	1233	1101	-17	157	179	2700	13500	2700	68488618
-15958	2554	6017	-3372	1333	1252	-14	162	176	2701	13505	2701	68488618
-15713	1985	5737	-2847	1397	1376	-14	161	176	2702	13510	2702	68488618
-15341	1454	5878	-2449	1373	1447	-15	159	177	2703	13515	2703	68488618
-15020	1086	5828	-2128	1195	1504	-15	160	177	2704	13520	2704	68488619
-14920	831	5424	-1755	951	1524	-16	164	176	2705	13525	2705	68488619
-14950	503	4611	-1310	898	1486	-16	164	176	2706	13530	2706	68488619
-14839	216	4039	-950	1076	1411	-17	165	175	2707	13535	2707	68488624
-14633	207	3899	-820	1353	1284	-17	164	176	2708	13540	2708	68488647
-14443	411	4016	-943	1520	1188	-18	162	178	2709	13545	2709	68488654
-14367	637	4184	-1076	1568	1147	-19	162	178	2710	13550	2710	68488655
-14390	701	4354	-1146	1663	1097	-23	161	177	2711	13555	2711	68488655
-14380	770	4796	-1209	1846	1004	-22	160	175	2712	13560	2712	68488655
-14269	914	5596	-1237	2015	848	-17	157	169	2713	13565	2713	68488655
-14239	1069	6595	-1154	2078	642	-18	158	170	2714	13570	2714	68488655
-14176	1032	7161	-885	2100	446	-22	164	176	2715	13575	2715	68488663
-13928	800	7135	-389	2093	283	-21	163	175	2716	13580	2716	68488697
-13699	396	6565	249	2026	159	-17	161	171	2717	13585	2717	68488698
-13347	-118	5831	780	1962	25	-18	163	171	2718	13590	2718	68488698
-13136	-149	5218	863	1938	-129	-19	165	171	2719	13595	2719	68488698
-13114	100	4581	565	1913	-288	-20	163	174	2720	13600	2720	68488698
-13152	501	4159	6	1972	-423	-22	160	178	2721	13605	2721	68488699
-13182	1012	4119	-595	2127	-499	-22	162	177	2722	13610	2722	68488701
-13222	1381	4318	-1040	2211	-464	-22	166	176	2723	13615	2723	68488716
-13356	1496	4635	-1417	2200	-383	-20	164	176	2724	13620	2724	68488735
-13442	1517	4764	-1914	2305	-310	-18	162	176	2725	13625	2725	68488735
-13344	1492	4282	-2250	2571	-297	-19	158	174	2726	13630	2726	68488735
-13196	1258	3586	-2287	2789	-370	-20	156	172	2727	13635	2727	68488736
-13116	947	2997	-2245	3004	-530	-19	161	175	2728	13640	2728	68488736
-13071	739	2665	-2260	3364	-767	-19	165	177	2729	13645	2729	68488736
-12936	745	2544	-2387	3774	-1002	-18	164	178	2730	13650	2730	68488740
-12670	905	2797	-2591	3976	-1146	-18	164	178	2731	13655	2731	68488761
-12332	812	3221	-2690	3892	-1244	-16	163	173	2732	13660	2732	68488774
-12045	539	3237	-2490	3631	-1371	-14	162	170	2733	13665	2733	68488774
-11843	98	2573	-1928	3288	-1573	-18	164	172	2734	13670	2734	68488774
-11906	-531	1582	-1198	3115	-1762	-19	165	173	2735	13675	2735	68488774
-11907	-1113	737	-691	3274	-1982	-12	168	169	2736	13680	2736	68488775
-11789	-1519	289	-470	3721	-2302	-9	169	167	2737	13685	2737	68488775
-11570	-1609	474	-576	4267	-2692	-13	170	170	2738	13690	2738	68488779
-11380	-1541	1023	-802	4568	-3074	-16	170	172	2739	13695	2739	68488799
-11319	-1528	1607	-1150	4542	-3391	-15	168	176	2740	13700	2740	68488811
-11328	-1591	1858	-1874	4370	-3615	-14	166	178	2741	13705	2741	68488811
-11622	-1399	1681	-3144	4227	-3775	-10	171	180	2742	13710	2742	68488811
-12112	-626	1408	-4138	4381	-3888	-8	172	180	2743	13715	2743	68488811
-12728	438	1458	-4467	4878	-4076	-15	168	170	2744	13720	2744	68488811
-13618	1554	2127	-4390	5597	-4345	-17	167	167	2745	13725	2745	68488811
-14707	2890	3307	-4168	6322	-4608	-13	171	173	2746	13730	2746	68488827
-15716	4219	4604	-3950	6892	-4788	-12	172	174	2747	13735	2747	68488853
-16574	5564	6226	-4090	7332	-4886	-14	169	169	2748	13740	2748	68488859
-17068	7037	7932	-4685	7841	-4988	-14	168	168	2749	13745	2749	68488859
-17120	8694	9454	-5403	8487	-5083	-16	172	166	2750	13750	2750	68488860
-16944	9250	9610	-5161	8992	-5183	-16	172	166	2751	13755	2751	68488860
-16964	8948	8822	-4013	9691	-5366	-11	173	165	2752	13760	2752	68488860
-16698	8416	7654	-2357	10681	-5575	-11	173	165	2753	13765	2753	68488860
-16284	7706	6404	-525	11719	-5772	-7	177	163	2754	13770	2754	68488869
-15688	6796	5982	1439	12593	-5930	-7	177	163	2755	13775	2755	68488913
-14950	5290	6768	3369	13409	-5987	-6	184	164	2756	13780	2756	68488913
-14500	3558	7858	4944	14103	-5913	-6	184	164	2757	13785	2757	68488913
-14014	1828	8440	5664	14643	-5844	-8	184	160	2758	13790	2758	68488914
-13262	23	7770	6046	14775	-5479	-8	185	159	2759	13795	2759	68488914
-12847	-1014	6284	7197	14367	-5013	-7	187	157	2760	13800	2760	68488914
-12674	-2711	4644	9331	13538	-4465	-5	187	156	2761	13805	2761	68488914
-12994	-4794	2750	10993	12759	-4007	2	186	152	2762	13810	2762	68488915
-13644	-5794	2122	11045	12370	-3615	2	186	152	2763	13815	2763	68488915
-14078	-6228	2196	8960	11899	-2618	-8	184	150	2764	13820	2764	68488940
-14564	-5838	2358	5856	11247	-1686	-8	184	150	2765	13825	2765	68488977
-15208	-4678	2764	3086	10479	-982	-10	200	152	2766	13830	2766	68488977
-16564	-3932	3184	1792	9743	-69	-10	199	151	2767	13835	2767	68488977
-17838	-3318	2984	951	8970	697	-8	196	146	2768	13840	2768	68488977
-18963	-2050	2645	-373	8063	1040	-9	196	146	2769	13845	2769	68488977
-19399	-299	3542	-1376	7632	936	-12	196	146	2770	13850	2770	68488977
-19066	1239	5488	-1708	7358	571	-11	195	146	2771	13855	2771	68488980
-18613	2273	6312	-2162	6818	-39	-7	191	147	2772	13860	2772	68488998
-17897	2915	6466	-3216	6392	-760	-6	192	145	2773	13865	2773	68489015
-16860	3737	7046	-4601	6188	-1514	-4	196	136	2774	13870	2774	68489016
-15890	4334	7870	-5181	5766	-1912	-6	197	139	2775	13875	2775	68489016
-14673	4095	8296	-4123	4961	-1743	-12	200	146	2776	13880	2776	68489016
-13763	3672	9016	-2303	4470	-1562	-11	199	148	2777	13885	2777	68489016
-12675	3082	10134	117	4370	-1445	-9	197	151	2778	13890	2778	68489017
-11742	2218	10651	2025	4266	-1503	-11	197	146	2779	13895	2779	68489017
-11300	1569	11037	1962	3942	-1636	-14	198	138	2780	13900	2780	68489017
-11342	1832	12335	449	3672	-1736	-10	202	138	2781	13905	2781	68489018
-11632	2739	13251	-195	3623	-1735	-5	207	139	2782	13910	2782	68489018
-11713	2792	11579	1237	3632	-1569	-5	206	140	2783	13915	2783	68489018
-11914	1684	8863	2474	3308	-1243	-4	204	140	2784	13920	2784	68489031
-12306	791	7799	2492	2585	-823	-8	207	139	2785	13925	2785	68489047
-12898	54	8374	2694	1793	-411	-11	209	139	2786	13930	2786	68489053
-13488	-1109	9359	3447	1221	-96	-10	210	137	2787	13935	2787	68489053
-13846	-2390	9560	3726	866	120	-10	210	136	2788	13940	2788	68489054
-14175	-3304	9240	3226	569	335	-11	208	137	2789	13945	2789	68489054
-14552	-3553	8831	2235	237	629	-12	204	138	2790	13950	2790	68489054
-14930	-3258	8673	1572	-118	886	-13	204	137	2791	13955	2791	68489054
-15607	-2771	8884	1483	-593	1080	-15	205	135	2792	13960	2792	68489055
-16464	-2405	8573	1655	-1168	1355	-17	203	136	2793	13965	2793	68489055
-17395	-2117	7530	1678	-1616	1638	-19	201	137	2794	13970	2794	68489056
-18374	-1693	6306	1549	-1876	1883	-17	206	138	2795	13975	2795	68489070
-19347	-1048	5972	1515	-1920	1923	-16	210	138	2796	13980	2796	68489092
-20097	-448	6031	1932	-1737	1855	-17	210	137	2797	13985	2797	68489101
-20555	-105	5358	2601	-1436	1764	-18	210	136	2798	13990	2798	68489101
-20886	19	4550	2968	-1065	1606	-19	211	137	2799	13995	2799	68489102
-20982	74	4293	3132	-538	1364	-19	211	137	2800	14000	2800	68489102
-20442	-276	4232	3443	34	1204	-20	210	141	2801	14005	2801	68489103
-19792	-985	3664	3902	588	1000	-20	210	142	2802	14010	2802	68489103
-19068	-1895	2660	3978	986	906	-22	210	140	2803	14015	2803	68489122
-18560	-2436	2457	3564	1223	814	-22	210	140	2804	14020	2804	68489127
-18121	-2860	3057	3022	1508	632	-24	208	142	2805	14025	2805	68489127
-17708	-3291	3164	2522	1741	365	-25	207	143	2806	14030	2806	68489127
-17541	-3700	2508	1934	1734	136	-23	210	137	2807	14035	2807	68489127
-17469	-4012	2466	1455	1508	-5	-23	211	135	2808	14040	2808	68489127
-17668	-3864	3770	1023	1149	-147	-19	213	137	2809	14045	2809	68489127
-17706	-3266	4960	744	871	-261	-19	213	137	2810	14050	2810	68489148
-17744	-2974	5514	693	771	-393	-29	213	133	2811	14055	2811	68489181
-17632	-2882	4874	570	731	-457	-29	213	133	2812	14060	2812	68489182
-17710	-2748	4624	172	717	-522	-22	212	140	2813	14065	2813	68489183
-17732	-2450	5032	-154	620	-548	-22	212	140	2814	14070	2814	68489183
-17655	-2457	5024	-189	398	-453	-28	213	143	2815	14075	2815	68489186
-17800	-2292	5204	-326	118	-550	-29	213	143	2816	14080	2816	68489187
-18214	-2094	5368	-350	-178	-693	-27	221	137	2817	14085	2817	68489187
-18090	-2170	5304	-220	-352	-439	-27	221	137	2818	14090	2818	68489223
-18328	-1728	6166	-905	-373	-566	-27	217	139	2819	14095	2819	68489223
-18052	-1452	6442	-1401	-297	-427	-27	217	139	2820	14100	2820	68489223
-17980	-1050	5858	-1426	-85	-398	-29	213	135	2821	14105	2821	68489223
-17688	-1028	4148	-907	149	-271	-29	213	135	2822	14110	2822	68489224
-17484	-1066	3874	-751	182	-460	-29	217	131	2823	14115	2823	68489224
-17344	-1182	3526	-543	-16	-343	-29	217	131	2824	14120	2824	68489224
-17442	-1152	3728	-413	-287	-155	-36	222	134	2825	14125	2825	68489224
-17603	-916	4153	-461	-505	17	-35	221	134	2826	14130	2826	68489233
-17769	-498	3810	-702	-688	4	-30	218	136	2827	14135	2827	68489269
-18339	-140	3572	-737	-816	47	-30	219	137	2828	14140	2828	68489270
-18568	-65	3405	-463	-878	184	-28	222	140	2829	14145	2829	68489270
-18722	201	3398	-235	-950	119	-29	222	138	2830	14150	2830	68489270
-19146	497	3640	221	-1085	168	-34	222	132	2831	14155	2831	68489271
-19472	584	3938	962	-1195	242	-34	221	133	2832	14160	2832	68489271
-19730	684	4049	1708	-1172	141	-32	216	136	2833	14165	2833	68489271
-19896	389	3573	2380	-1214	259	-32	217	136	2834	14170	2834	68489284
-19987	170	3366	2613	-1190	328	-32	218	136	2835	14175	2835	68489305
-19732	-26	3422	2631	-1136	395	-34	217	136	2836	14180	2836	68489309
-19452	-269	3744	2635	-1015	406	-38	216	136	2837	14185	2837	68489309
-19201	-633	4199	2657	-863	422	-37	218	136	2838	14190	2838	68489310
-19018	-992	4589	2447	-710	463	-35	221	137	2839	14195	2839	68489310
-18997	-1111	4300	2044	-510	415	-36	222	135	2840	14200	2840	68489311
-18935	-1081	3521	1752	-340	382	-37	223	133	2841	14205	2841	68489311
-18968	-911	3124	1577	-319	354	-37	223	133	2842	14210	2842	68489312
-19016	-489	3439	1476	-480	397	-38	224	132	2843	14215	2843	68489313
-19067	-280	3492	1354	-633	520	-37	225	133	2844	14220	2844	68489313
-19200	-120	3248	1139	-686	617	-35	227	135	2845	14225	2845	68489313
-19095	-341	3306	927	-623	669	-36	225	136	2846	14230	2846	68489323
-18856	-730	3806	763	-467	695	-37	223	137	2847	14235	2847	68489341
-18756	-1096	3799	445	-382	567	-36	224	133	2848	14240	2848	68489346
-18946	-1455	3415	92	-403	426	-34	226	128	2849	14245	2849	68489346
-19263	-1556	3389	11	-576	388	-34	223	131	2850	14250	2850	68489346
-19428	-1302	4247	198	-770	314	-34	220	134	2851	14255	2851	68489346
-19618	-1054	4717	655	-912	228	-40	224	135	2852	14260	2852	68489346
-19728	-1032	4412	1373	-984	238	-44	226	136	2853	14265	2853	68489351
-19858	-1138	3656	1866	-1015	271	-43	223	138	2854	14270	2854	68489372
-19942	-1020	3493	1809	-1000	345	-43	221	139	2855	14275	2855	68489384
-19696	-824	3801	1656	-984	473	-42	223	137	2856	14280	2856	68489384
-19443	-790	4171	1697	-988	492	-41	225	135	2857	14285	2857	68489385
-19364	-856	4420	1897	-1059	393	-41	226	133	2858	14290	2858	68489385
-19335	-1169	4092	2197	-1132	218	-41	227	131	2859	14295	2859	68489386
-19228	-1564	3673	2271	-1095	24	-45	228	132	2860	14300	2860	68489386
-19173	-1797	3461	1969	-1115	-168	-46	228	132	2861	14305	2861	68489392
-19268	-1935	3789	1575	-1186	-359	-41	226	135	2862	14310	2862	68489415
-19502	-1914	3862	1222	-1292	-506	-40	226	136	2863	14315	2863	68489421
-19591	-1764	3412	991	-1315	-641	-42	228	135	2864	14320	2864	68489421
-19586	-1525	3151	834	-1165	-781	-43	229	135	2865	14325	2865	68489422
-19721	-1306	3167	567	-985	-833	-45	227	137	2866	14330	2866	68489422
-19551	-907	3178	381	-783	-779	-45	227	137	2867	14335	2867	68489422
-19431	-711	3056	547	-481	-727	-43	225	139	2868	14340	2868	68489422
-19664	-774	2964	996	-270	-587	-42	224	140	2869	14345	2869	68489444
-19707	-793	3102	1382	-214	-252	-37	230	134	2870	14350	2870	68489455
-19817	-520	3025	1400	-154	-55	-36	232	132	2871	14355	2871	68489457
-20080	-454	2698	1192	30	-12	-42	226	130	2872	14360	2872	68489457
-20167	-334	2595	970	273	66	-43	225	129	2873	14365	2873	68489457
-19864	-592	2226	575	472	185	-44	226	135	2874	14370	2874	68489457
-19396	-1122	1594	-461	615	203	-44	226	136	2875	14375	2875	68489457
-19122	-1562	1808	-1573	594	66	-49	225	133	2876	14380	2876	68489469
-18730	-1722	2648	-2074	333	151	-49	225	133	2877	14385	2877	68489503
-18460	-1344	4128	-2422	-104	140	-43	229	133	2878	14390	2878	68489516
-18012	-720	4414	-2530	-493	55	-43	229	133	2879	14395	2879	68489516
-17602	-298	4486	-2633	-665	-275	-43	227	135	2880	14400	2880	68489516
-17128	-136	4340	-2387	-698	-510	-43	227	135	2881	14405	2881	68489516
-16808	-164	4368	-1832	-837	-751	-46	232	136	2882	14410	2882	68489517
-16620	-318	4014	-1428	-1106	-960	-46	232	136	2883	14415	2883	68489517
-16903	-336	3304	-1350	-1428	-1036	-43	231	137	2884	14420	2884	68489532
-16837	-500	2926	-1369	-1610	-958	-44	231	135	2885	14425	2885	68489532
-16833	-465	2824	-1333	-1697	-839	-46	230	128	2886	14430	2886	68489532
-16813	-321	2392	-1318	-1834	-679	-45	230	130	2887	14435	2887	68489532
-17063	164	2593	-1291	-1958	-556	-43	231	139	2888	14440	2888	68489532
-17500	730	2672	-913	-2074	-417	-43	231	138	2889	14445	2889	68489532
-17973	1198	2165	-106	-2074	-291	-42	230	136	2890	14450	2890	68489532
-18355	1140	1222	587	-1902	-156	-42	230	136	2891	14455	2891	68489538
-18575	1007	685	880	-1636	-70	-40	232	134	2892	14460	2892	68489563
-18561	1013	714	658	-1316	-40	-43	230	136	2893	14465	2893	68489570
-18640	1050	882	457	-1086	-47	-48	226	140	2894	14470	2894	68489570
-18636	923	1148	467	-854	17	-47	227	139	2895	14475	2895	68489571
-18382	746	1448	570	-682	157	-43	233	135	2896	14480	2896	68489571
-18220	633	1674	671	-555	286	-44	233	135	2897	14485	2897	68489571
-17892	494	1521	602	-519	442	-48	232	136	2898	14490	2898	68489573
-17697	495	1722	332	-553	532	-47	231	136	2899	14495	2899	68489585
-17405	557	2492	35	-680	641	-42	228	134	2900	14500	2900	68489607
-17221	765	3572	381	-832	794	-43	231	137	2901	14505	2901	68489607
-17139	738	3854	1226	-951	885	-45	235	141	2902	14510	2902	68489607
-16866	538	3588	1984	-1035	899	-45	233	140	2903	14515	2903	68489607
-16591	279	3227	2152	-1146	773	-46	230	138	2904	14520	2904	68489607
-16472	49	3542	1880	-1296	603	-47	231	137	2905	14525	2905	68489607
-16347	-476	4007	1959	-1404	551	-48	232	136	2906	14530	2906	68489623
-16260	-1185	4116	2224	-1467	558	-47	231	137	2907	14535	2907	68489646
-16271	-1605	3873	2051	-1512	560	-46	230	138	2908	14540	2908	68489648
-16321	-1648	3848	1589	-1606	501	-48	225	134	2909	14545	2909	68489650
-16470	-1610	3909	1304	-1737	491	-50	222	132	2910	14550	2910	68489650
-16730	-1730	3712	1158	-1846	589	-49	225	134	2911	14555	2911	68489651
-16675	-1859	3382	941	-1819	751	-49	227	135	2912	14560	2912	68489653
-16671	-1749	3170	429	-1688	759	-48	230	136	2913	14565	2913	68489655
-16952	-1528	2953	-176	-1656	764	-48	232	136	2914	14570	2914	68489671
-17244	-1070	2735	-704	-1643	842	-50	228	139	2915	14575	2915	68489681
-17424	-590	2489	-1121	-1528	857	-51	225	141	2916	14580	2916	68489681
-17435	-262	2199	-1367	-1306	788	-45	227	135	2917	14585	2917	68489681
-17321	-1	2444	-1424	-1091	724	-43	227	133	2918	14590	2918	68489681
-17211	198	2677	-1504	-1053	691	-51	227	133	2919	14595	2919	68489681
-17019	414	2601	-1567	-990	618	-55	227	133	2920	14600	2920	68489687
