-15694	1765	7528	-2434	1569	-800	-563	69	-53	5998	29990	5998	68505166
-15776	1821	7611	-2410	1539	-809	-568	65	-54	5999	29995	5999	68505167
-15858	1914	7594	-2400	1486	-799	-572	60	-54	6000	30000	6000	68505167
-15978	2038	7562	-2399	1433	-757	-567	64	-54	6001	30005	6001	68505167
-16094	2068	7572	-2392	1395	-701	-562	68	-54	6002	30010	6002	68505167
-16133	2001	7648	-2367	1366	-647	-564	64	-53	6003	30015	6003	68505167
-16107	1974	7696	-2342	1340	-591	-566	62	-52	6004	30020	6004	68505174
-15954	1940	7791	-2289	1295	-546	-562	64	-52	6005	30025	6005	68505193
-15825	1888	7967	-2221	1210	-515	-560	66	-52	6006	30030	6006	68505203
-15722	1895	8095	-2146	1105	-488	-562	64	-48	6007	30035	6007	68505203
-15613	1883	8104	-2055	1026	-475	-564	62	-46	6008	30040	6008	68505204
-15643	1828	8023	-1978	1018	-467	-562	64	-48	6009	30045	6009	68505204
-15682	1718	7965	-1940	1124	-463	-561	65	-49	6010	30050	6010	68505204
-15694	1665	7980	-1913	1287	-497	-565	69	-51	6011	30055	6011	68505204
-15659	1588	8036	-1868	1484	-570	-566	70	-52	6012	30060	6012	68505204
-15496	1568	8082	-1807	1630	-664	-562	64	-51	6013	30065	6013	68505204
-15336	1445	8053	-1773	1695	-766	-561	63	-51	6014	30070	6014	68505204
-15244	1384	7890	-1809	1693	-853	-562	67	-53	6015	30075	6015	68505204
-15268	1355	7626	-1928	1681	-938	-562	68	-54	6016	30080	6016	68505204
-15340	1334	7391	-2081	1665	-1022	-559	65	-54	6017	30085	6017	68505204
-15404	1376	7194	-2235	1690	-1071	-558	64	-54	6018	30090	6018	68505214
-15507	1436	6996	-2387	1716	-1103	-560	66	-53	6019	30095	6019	68505216
-15639	1571	7039	-2513	1713	-1094	-561	67	-53	6020	30100	6020	68505216
-15719	1696	7042	-2597	1668	-1029	-559	65	-51	6021	30105	6021	68505216
-15740	1822	7164	-2598	1569	-946	-559	65	-51	6022	30110	6022	68505232
-15763	2011	7266	-2490	1390	-855	-561	63	-48	6023	30115	6023	68505242
-15728	2180	7361	-2330	1160	-758	-561	63	-47	6024	30120	6024	68505245
-15713	2276	7409	-2156	915	-643	-563	65	-50	6025	30125	6025	68505245
-15810	2388	7326	-1961	701	-513	-563	65	-51	6026	30130	6026	68505245
-15908	2286	7178	-1847	701	-419	-563	61	-55	6027	30135	6027	68505245
-15982	2224	7066	-1793	850	-389	-563	61	-55	6028	30140	6028	68505246
-15948	2116	6968	-1759	1063	-385	-565	69	-51	6029	30145	6029	68505258
-15938	1962	6982	-1740	1272	-402	-565	69	-51	6030	30150	6030	68505279
-15884	1946	7204	-1711	1379	-434	-561	67	-51	6031	30155	6031	68505279
-15932	1968	7252	-1679	1383	-448	-561	67	-51	6032	30160	6032	68505279
-16144	2114	7240	-1712	1361	-420	-564	64	-56	6033	30165	6033	68505281
-16390	2319	7159	-1828	1362	-350	-563	64	-56	6034	30170	6034	68505281
-16662	2482	7252	-1911	1378	-246	-556	66	-56	6035	30175	6035	68505281
-17038	2766	7506	-1921	1404	-61	-556	66	-56	6036	30180	6036	68505281
-17280	2786	8052	-1814	1313	134	-561	69	-53	6037	30185	6037	68505281
-17446	2872	8586	-1604	1061	303	-561	69	-53	6038	30190	6038	68505320
-17494	2848	9148	-1326	619	469	-557	75	-55	6039	30195	6039	68505320
-17444	2820	9318	-1066	68	598	-557	75	-55	6040	30200	6040	68505321
-17500	2526	9294	-904	-400	670	-565	63	-53	6041	30205	6041	68505321
-17584	2238	9008	-904	-588	619	-565	63	-53	6042	30210	6042	68505321
-17711	1964	8942	-1083	-380	379	-565	67	-55	6043	30215	6043	68505322
-17726	1766	8967	-1245	32	90	-564	67	-55	6044	30220	6044	68505328
-17674	1516	9036	-1388	516	-236	-562	68	-54	6045	30225	6045	68505352
-17722	1375	8893	-1643	1054	-553	-562	69	-54	6046	30230	6046	68505360
-17903	1155	8631	-2038	1710	-849	-561	71	-55	6047	30235	6047	68505361
-18142	990	8454	-2538	2531	-1142	-560	71	-55	6048	30240	6048	68505361
-18246	901	8462	-3010	3430	-1444	-558	72	-54	6049	30245	6049	68505361
-18255	1125	8733	-3403	4201	-1685	-559	73	-55	6050	30250	6050	68505361
-18264	1227	8965	-3747	4740	-1842	-559	73	-54	6051	30255	6051	68505366
-18273	1143	9139	-4016	4932	-1874	-560	73	-52	6052	30260	6052	68505378
-18303	1106	9344	-4313	5075	-1876	-561	73	-51	6053	30265	6053	68505391
-18432	1217	9626	-4690	5012	-1751	-560	72	-51	6054	30270	6054	68505403
-18655	1219	9708	-4935	4898	-1598	-557	69	-51	6055	30275	6055	68505403
-18988	1368	9810	-5123	4811	-1394	-556	70	-52	6056	30280	6056	68505403
-19211	1460	9982	-5174	4749	-1160	-554	74	-56	6057	30285	6057	68505404
-19343	1458	10391	-5051	4652	-944	-555	74	-56	6058	30290	6058	68505405
-19375	1514	10734	-4806	4431	-742	-559	73	-55	6059	30295	6059	68505405
-19377	1554	10534	-4488	4199	-607	-560	74	-56	6060	30300	6060	68505414
-19390	1649	10308	-4207	4169	-583	-561	75	-57	6061	30305	6061	68505431
-19351	1744	10102	-3889	4355	-658	-560	70	-58	6062	30310	6062	68505436
-19294	1754	9904	-3552	4669	-802	-558	62	-60	6063	30315	6063	68505436
-19420	1836	9584	-3277	5050	-953	-558	66	-60	6064	30320	6064	68505437
-19567	2024	9289	-3109	5491	-1095	-557	73	-59	6065	30325	6065	68505437
-19661	2212	9156	-3004	5977	-1254	-557	74	-60	6066	30330	6066	68505437
-19588	2311	9195	-2877	6410	-1445	-557	75	-61	6067	30335	6067	68505437
-19438	2287	9439	-2712	6497	-1641	-555	78	-62	6068	30340	6068	68505475
-19304	2251	9601	-2581	6265	-1785	-554	80	-62	6069	30345	6069	68505501
-19200	2201	9638	-2477	5830	-1890	-554	80	-63	6070	30350	6070	68505501
-19174	2088	9682	-2426	5218	-1970	-554	80	-64	6071	30355	6071	68505501
-19240	2007	9779	-2421	4596	-2055	-554	79	-63	6072	30360	6072	68505502
-19372	1964	9687	-2389	4039	-2144	-554	78	-62	6073	30365	6073	68505502
-19429	1831	9562	-2366	3632	-2262	-552	78	-62	6074	30370	6074	68505502
-19430	1622	9424	-2395	3433	-2444	-549	77	-63	6075	30375	6075	68505503
-19578	1427	9270	-2490	3502	-2685	-551	76	-64	6076	30380	6076	68505521
-19785	1277	9076	-2624	3851	-2957	-553	75	-65	6077	30385	6077	68505546
-20007	1083	8942	-2799	4357	-3221	-554	77	-66	6078	30390	6078	68505551
-20146	901	8957	-2989	4980	-3494	-554	78	-66	6079	30395	6079	68505551
-20298	801	9037	-3179	5633	-3761	-549	79	-65	6080	30400	6080	68505551
-20460	648	9142	-3387	6230	-4001	-546	80	-64	6081	30405	6081	68505551
-20566	488	9250	-3625	6738	-4230	-550	81	-68	6082	30410	6082	68505551
-20602	293	9432	-3894	7116	-4468	-552	82	-70	6083	30415	6083	68505551
-20587	141	9624	-4127	7325	-4767	-548	78	-67	6084	30420	6084	68505551
-20568	39	9893	-4201	7254	-4995	-546	76	-66	6085	30425	6085	68505551
-20521	-112	9960	-4187	7027	-5217	-545	77	-68	6086	30430	6086	68505551
-20533	-139	9909	-4205	6802	-5382	-545	77	-69	6087	30435	6087	68505551
-20576	-114	9866	-4249	6572	-5517	-543	79	-67	6088	30440	6088	68505556
-20585	-104	9804	-4288	6377	-5626	-542	80	-66	6089	30445	6089	68505571
-20563	-159	9793	-4265	6276	-5673	-541	80	-71	6090	30450	6090	68505579
-20532	-240	9696	-4234	6217	-5673	-540	80	-74	6091	30455	6091	68505579
-20427	-105	9721	-4301	6155	-5629	-541	81	-73	6092	30460	6092	68505579
-20294	-37	9749	-4255	6066	-5549	-541	81	-73	6093	30465	6093	68505580
-20254	-122	9847	-4112	5930	-5428	-537	85	-79	6094	30470	6094	68505580
-20088	-130	9853	-3939	5770	-5279	-536	86	-80	6095	30475	6095	68505580
-19995	-124	9763	-3807	5571	-5119	-530	82	-74	6096	30480	6096	68505580
-19915	-76	9753	-3646	5330	-5036	-529	81	-73	6097	30485	6097	68505580
-19912	-123	9692	-3440	5134	-4981	-530	83	-75	6098	30490	6098	68505587
-19974	-258	9457	-3247	5116	-4936	-530	84	-76	6099	30495	6099	68505611
-20188	-338	9316	-3140	5292	-4987	-528	82	-74	6100	30500	6100	68505617
-20386	-520	9002	-3112	5601	-5019	-527	81	-73	6101	30505	6101	68505617
-20618	-840	8964	-3101	6021	-5093	-531	85	-75	6102	30510	6102	68505618
-20742	-836	8832	-3208	6511	-5213	-531	85	-75	6103	30515	6103	68505618
-20928	-918	8838	-3388	7013	-5357	-528	82	-76	6104	30520	6104	68505618
-20951	-995	8715	-3612	7545	-5419	-528	82	-76	6105	30525	6105	68505619
-21078	-888	8805	-3979	8135	-5520	-522	88	-82	6106	30530	6106	68505647
-21012	-864	8607	-4200	8706	-5680	-520	90	-84	6107	30535	6107	68505654
-20974	-738	8486	-4391	9218	-5869	-525	84	-84	6108	30540	6108	68505654
-20892	-554	8350	-4659	9682	-6177	-526	82	-84	6109	30545	6109	68505654
-20818	-492	8306	-4753	9963	-6425	-523	89	-89	6110	30550	6110	68505654
-20738	-356	8030	-4734	10190	-6631	-523	89	-89	6111	30555	6111	68505654
-20426	-532	8100	-4728	10261	-6762	-518	84	-86	6112	30560	6112	68505663
-20170	-594	8154	-4495	10218	-6854	-518	84	-86	6113	30565	6113	68505693
-19878	-636	8166	-4223	9873	-6887	-512	94	-86	6114	30570	6114	68505693
-19610	-900	8270	-3779	9268	-6820	-512	94	-86	6115	30575	6115	68505693
-19556	-972	8048	-3173	8523	-6686	-511	91	-89	6116	30580	6116	68505693
-19666	-1076	7856	-2721	7758	-6358	-511	91	-89	6117	30585	6117	68505693
-19650	-1218	7618	-2192	6790	-5865	-504	92	-90	6118	30590	6118	68505693
-19819	-1242	7386	-1807	5994	-5372	-504	91	-90	6119	30595	6119	68505700
-19923	-1301	7278	-1502	5254	-4784	-505	89	-89	6120	30600	6120	68505728
-19946	-1292	7339	-1237	4487	-4229	-505	90	-90	6121	30605	6121	68505737
-19994	-1312	7244	-1025	3780	-3844	-506	94	-94	6122	30610	6122	68505737
-20152	-1446	7312	-938	2974	-3416	-506	94	-94	6123	30615	6123	68505737
-20304	-1532	7268	-848	2238	-3108	-502	92	-96	6124	30620	6124	68505738
-20402	-1778	7134	-1004	1543	-2787	-502	92	-96	6125	30625	6125	68505738
-20555	-1985	7011	-1483	866	-2550	-503	87	-89	6126	30630	6126	68505738
-20955	-1936	6752	-1976	432	-2473	-502	89	-90	6127	30635	6127	68505745
-21368	-2108	6342	-2307	380	-2128	-499	95	-95	6128	30640	6128	68505769
-21574	-2573	6006	-2416	901	-1784	-501	95	-94	6129	30645	6129	68505777
-21599	-2996	5745	-2609	1731	-1431	-509	93	-89	6130	30650	6130	68505777
-21439	-3300	5684	-2881	2623	-1053	-508	94	-90	6131	30655	6131	68505777
-21212	-3474	5386	-3230	3284	-663	-502	96	-96	6132	30660	6132	68505777
-20897	-3545	5124	-3597	3701	-289	-502	95	-96	6133	30665	6133	68505778
-20422	-3529	4640	-3821	3912	117	-500	92	-96	6134	30670	6134	68505778
-19779	-3299	3926	-3980	4105	582	-498	90	-95	6135	30675	6135	68505787
-18963	-3005	3284	-3980	4457	1008	-495	87	-93	6136	30680	6136	68505804
-18024	-2621	2722	-3808	5119	1409	-495	87	-93	6137	30685	6137	68505808
-16941	-2261	2233	-3445	6114	1779	-496	86	-94	6138	30690	6138	68505809
-15858	-1964	1833	-2986	7316	2098	-496	87	-96	6139	30695	6139	68505809
-14815	-1712	1637	-2522	8638	2396	-497	89	-99	6140	30700	6140	68505810
-13536	-1413	1556	-1939	10367	2717	-497	89	-99	6141	30705	6141	68505810
-12014	-1036	1418	-1302	12185	3026	-497	89	-97	6142	30710	6142	68505811
-10378	-616	1561	-631	13884	3309	-497	89	-98	6143	30715	6143	68505813
-9013	-173	1689	-97	14896	3483	-498	90	-100	6144	30720	6144	68505827
-7630	300	1516	385	15402	3594	-498	90	-103	6145	30725	6145	68505842
-6252	784	1129	690	15181	3615	-498	89	-107	6146	30730	6146	68505843
-4888	1298	717	824	14365	3564	-501	89	-108	6147	30735	6147	68505843
-3675	1708	312	1007	13136	3501	-503	89	-109	6148	30740	6148	68505843
-2740	1907	-70	1322	11055	3427	-500	89	-110	6149	30745	6149	68505847
-2004	1945	-447	1738	8467	3392	-496	90	-112	6150	30750	6150	68505864
-1533	1857	-817	2203	5303	3385	-496	91	-112	6151	30755	6151	68505885
-1498	1651	-1210	2616	2175	3347	-495	91	-111	6152	30760	6152	68505889
-1890	1317	-1468	2947	-279	3262	-499	90	-108	6153	30765	6153	68505890
-2572	896	-1745	3236	-2074	3109	-502	90	-106	6154	30770	6154	68505890
-3387	384	-2018	3451	-3030	2850	-498	94	-110	6155	30775	6155	68505891
-4215	-62	-2246	3528	-3109	2532	-496	96	-112	6156	30780	6156	68505891
-4908	-485	-2316	3429	-2511	2241	-497	93	-110	6157	30785	6157	68505891
-5525	-960	-2213	3191	-1496	1965	-498	90	-108	6158	30790	6158	68505902
-6150	-1521	-1842	2761	19	1670	-499	89	-108	6159	30795	6159	68505918
-6639	-2106	-1207	2157	1596	1382	-500	88	-108	6160	30800	6160	68505918
-7027	-2558	-569	1466	2880	1084	-501	86	-109	6161	30805	6161	68505918
-7394	-2751	-17	688	3863	786	-502	84	-110	6162	30810	6162	68505918
-7731	-2813	410	-116	4443	505	-500	88	-109	6163	30815	6163	68505918
-8092	-2672	854	-922	4584	255	-499	91	-109	6164	30820	6164	68505918
-8464	-2231	1350	-1689	4284	54	-501	91	-110	6165	30825	6165	68505935
-8842	-1666	1910	-2342	3562	-76	-503	91	-111	6166	30830	6166	68505952
-9334	-905	2612	-2862	2292	-170	-504	92	-115	6167	30835	6167	68505955
-9816	-256	2948	-3058	856	-217	-504	92	-116	6168	30840	6168	68505955
-10316	384	2991	-2989	-600	-249	-498	93	-110	6169	30845	6169	68505955
-10949	967	2603	-2746	-1967	-278	-497	93	-109	6170	30850	6170	68505955
-11639	1414	1932	-2418	-3037	-313	-497	90	-111	6171	30855	6171	68505955
-12388	1912	1116	-2125	-3689	-356	-497	89	-111	6172	30860	6172	68505962
-13116	2280	140	-1956	-3884	-381	-497	89	-113	6173	30865	6173	68505988
-13788	2647	-649	-1911	-3622	-363	-497	89	-113	6174	30870	6174	68505995
-14312	3042	-1231	-1924	-3046	-299	-497	93	-108	6175	30875	6175	68505995
-14958	3445	-1799	-1929	-2034	-128	-497	95	-105	6176	30880	6176	68505996
-15447	3718	-2249	-1893	-866	127	-496	93	-111	6177	30885	6177	68505996
-15873	3820	-2466	-1788	257	423	-496	92	-112	6178	30890	6178	68505996
-16220	3732	-2601	-1577	1252	778	-498	89	-110	6179	30895	6179	68505997
-16544	3426	-2604	-1235	2068	1163	-498	88	-110	6180	30900	6180	68506010
-16725	2929	-2571	-754	2658	1553	-500	90	-107	6181	30905	6181	68506031
-16727	2252	-2474	-170	3011	1892	-500	90	-106	6182	30910	6182	68506035
-16723	1545	-2598	442	3196	2152	-501	86	-113	6183	30915	6183	68506035
-16652	630	-2746	1115	3341	2394	-501	85	-115	6184	30920	6184	68506035
-16608	-28	-2806	1574	3455	2527	-506	88	-114	6185	30925	6185	68506035
-16420	-738	-2850	1895	3583	2620	-506	88	-114	6186	30930	6186	68506036
-16144	-1276	-2976	2087	3736	2646	-500	88	-114	6187	30935	6187	68506036
-15920	-1838	-2870	2141	3880	2628	-500	88	-114	6188	30940	6188	68506065
-15520	-2514	-2858	2046	3961	2560	-499	89	-113	6189	30945	6189	68506074
-15210	-2914	-2916	1776	3924	2404	-499	89	-113	6190	30950	6190	68506074
-14842	-3290	-2970	1462	3768	2173	-494	96	-122	6191	30955	6191	68506074
-14490	-3624	-2920	1124	3515	1894	-494	96	-122	6192	30960	6192	68506074
-14190	-3778	-2936	759	3158	1541	-499	93	-119	6193	30965	6193	68506074
-14006	-3736	-2988	366	2696	1158	-499	93	-119	6194	30970	6194	68506074
-13762	-3620	-3040	-80	2152	760	-501	93	-117	6195	30975	6195	68506074
-13646	-3398	-3118	-597	1572	387	-501	93	-117	6196	30980	6196	68506083
-13716	-3028	-3252	-1167	1023	89	-504	92	-120	6197	30985	6197	68506113
-13836	-2700	-3486	-1752	595	-165	-504	92	-120	6198	30990	6198	68506113
-14142	-2286	-3628	-2254	328	-373	-503	93	-113	6199	30995	6199	68506113
-14522	-1920	-3828	-2656	259	-511	-503	93	-113	6200	31000	6200	68506114
-14904	-1325	-3973	-3014	328	-596	-501	91	-117	6201	31005	6201	68506116
-15242	-968	-4106	-3243	392	-620	-501	90	-117	6202	31010	6202	68506123
-15618	-560	-4077	-3400	433	-583	-500	86	-118	6203	31015	6203	68506128
-15973	-171	-4035	-3489	411	-506	-500	87	-117	6204	31020	6204	68506150
-16360	214	-3948	-3512	343	-404	-501	93	-115	6205	31025	6205	68506150
-16774	575	-3888	-3490	246	-259	-501	93	-116	6206	31030	6206	68506150
-17105	838	-3653	-3456	140	-82	-502	92	-120	6207	31035	6207	68506150
-17325	1044	-3462	-3441	50	102	-501	92	-120	6208	31040	6208	68506150
-17512	1185	-3199	-3443	22	275	-496	90	-118	6209	31045	6209	68506150
-17615	1267	-2893	-3486	81	439	-496	90	-118	6210	31050	6210	68506152
-17611	1283	-2552	-3516	224	582	-495	89	-117	6211	31055	6211	68506164
-17460	1212	-2133	-3466	451	715	-496	90	-118	6212	31060	6212	68506188
-17342	1100	-1863	-3279	738	824	-502	94	-124	6213	31065	6213	68506188
-17144	908	-1712	-2971	1037	922	-502	93	-124	6214	31070	6214	68506189
-16872	709	-1530	-2592	1314	1019	-500	88	-124	6215	31075	6215	68506189
-16620	570	-1475	-2185	1533	1093	-500	89	-123	6216	31080	6216	68506189
-16305	519	-1454	-1773	1640	1173	-502	92	-118	6217	31085	6217	68506190
-15963	451	-1447	-1355	1626	1277	-500	92	-118	6218	31090	6218	68506201
-15738	431	-1499	-1039	1548	1353	-497	91	-119	6219	31095	6219	68506218
-15577	430	-1489	-797	1439	1426	-497	92	-118	6220	31100	6220	68506218
-15434	516	-1526	-609	1290	1507	-498	94	-116	6221	31105	6221	68506218
-15398	651	-1615	-449	1119	1585	-499	92	-117	6222	31110	6222	68506219
-15419	673	-1779	-303	965	1649	-501	89	-119	6223	31115	6223	68506219
-15406	677	-1948	-161	877	1689	-501	90	-119	6224	31120	6224	68506220
-15386	679	-2050	-35	881	1690	-501	91	-119	6225	31125	6225	68506224
-15412	678	-2156	-1	978	1661	-501	92	-120	6226	31130	6226	68506235
-15413	694	-2271	-56	1129	1615	-501	94	-122	6227	31135	6227	68506248
-15382	692	-2329	-134	1295	1569	-500	96	-123	6228	31140	6228	68506255
-15310	692	-2325	-226	1460	1524	-499	97	-123	6229	31145	6229	68506255
-15273	712	-2322	-269	1565	1485	-498	95	-122	6230	31150	6230	68506255
-15248	667	-2300	-280	1590	1452	-497	93	-121	6231	31155	6231	68506255
-15229	577	-2288	-292	1495	1418	-499	92	-120	6232	31160	6232	68506255
-15252	508	-2218	-310	1293	1385	-503	91	-119	6233	31165	6233	68506262
-15272	492	-2096	-316	971	1356	-504	92	-121	6234	31170	6234	68506283
-15333	465	-1942	-298	572	1338	-504	92	-122	6235	31175	6235	68506293
-15454	443	-1785	-271	223	1308	-502	92	-122	6236	31180	6236	68506293
-15601	460	-1612	-241	-64	1292	-500	92	-122	6237	31185	6237	68506293
-15643	503	-1599	-226	-272	1286	-502	89	-119	6238	31190	6238	68506293
-15644	569	-1570	-257	-409	1255	-503	87	-117	6239	31195	6239	68506298
-15650	600	-1605	-345	-464	1215	-502	88	-119	6240	31200	6240	68506319
-15568	664	-1706	-481	-452	1166	-502	88	-120	6241	31205	6241	68506331
-15460	694	-1701	-707	-378	1088	-504	86	-119	6242	31210	6242	68506331
-15428	820	-1638	-917	-299	988	-505	85	-119	6243	31215	6243	68506332
-15363	874	-1712	-1018	-283	907	-506	89	-118	6244	31220	6244	68506333
-15353	893	-1835	-1072	-264	843	-506	90	-118	6245	31225	6245	68506333
-15362	962	-1968	-1128	-223	790	-504	91	-119	6246	31230	6246	68506334
-15403	1000	-2029	-1176	-162	744	-502	92	-120	6247	31235	6247	68506345
-15475	1039	-1968	-1203	-79	706	-506	91	-120	6248	31240	6248	68506359
-15510	1074	-1967	-1193	33	677	-508	90	-120	6249	31245	6249	68506363
-15519	1086	-1919	-1117	156	657	-504	90	-121	6250	31250	6250	68506363
-15548	1045	-1852	-960	271	643	-502	90	-122	6251	31255	6251	68506363
-15558	1072	-1760	-848	379	611	-504	88	-120	6252	31260	6252	68506363
-15555	1060	-1637	-764	483	567	-504	88	-120	6253	31265	6253	68506363
-15595	1057	-1553	-686	543	504	-506	90	-121	6254	31270	6254	68506394
-15646	1061	-1479	-609	592	437	-508	92	-122	6255	31275	6255	68506432
-15629	1027	-1454	-555	576	376	-503	94	-122	6256	31280	6256	68506441
-15716	973	-1439	-499	502	319	-502	94	-122	6257	31285	6257	68506441
-15782	997	-1502	-482	395	281	-504	92	-125	6258	31290	6258	68506441
-15780	1064	-1512	-507	245	218	-504	92	-126	6259	31295	6259	68506442
-15824	1070	-1550	-554	107	142	-503	91	-129	6260	31300	6260	68506442
-15838	1188	-1510	-569	-14	58	-503	91	-129	6261	31305	6261	68506467
-15848	1262	-1558	-548	-160	-42	-506	90	-120	6262	31310	6262	68506478
-15921	1245	-1638	-543	-268	-139	-506	90	-120	6263	31315	6263	68506479
-16018	1311	-1657	-584	-328	-253	-508	84	-121	6264	31320	6264	68506479
-15972	1294	-1732	-643	-288	-402	-509	83	-121	6265	31325	6265	68506479
-15991	1312	-1708	-745	-144	-575	-508	85	-122	6266	31330	6266	68506479
-15970	1345	-1623	-875	123	-768	-508	86	-122	6267	31335	6267	68506479
-15790	1410	-1648	-1043	535	-1020	-506	88	-122	6268	31340	6268	68506479
-15604	1398	-1530	-1167	895	-1259	-506	88	-122	6269	31345	6269	68506479
-15540	1322	-1494	-1271	1195	-1507	-505	89	-123	6270	31350	6270	68506479
-15442	1246	-1592	-1323	1352	-1765	-505	89	-123	6271	31355	6271	68506479
-15566	1200	-1456	-1358	1333	-2007	-504	90	-124	6272	31360	6272	68506479
-15764	1056	-1370	-1362	1165	-2230	-504	90	-124	6273	31365	6273	68506479
-16028	1014	-1308	-1356	903	-2454	-503	89	-125	6274	31370	6274	68506496
-16332	976	-1186	-1348	587	-2614	-503	89	-125	6275	31375	6275	68506496
-16800	966	-1064	-1360	206	-2745	-502	90	-122	6276	31380	6276	68506513
-17265	876	-945	-1423	-25	-2828	-502	90	-123	6277	31385	6277	68506540
-17637	789	-852	-1542	-160	-2856	-504	88	-126	6278	31390	6278	68506540
-17982	685	-812	-1709	-162	-2842	-504	88	-126	6279	31395	6279	68506540
-18242	662	-764	-1871	-80	-2817	-504	90	-128	6280	31400	6280	68506540
-18412	574	-868	-2041	103	-2735	-504	90	-128	6281	31405	6281	68506540
-18572	518	-928	-2193	358	-2606	-507	87	-119	6282	31410	6282	68506540
-18752	398	-990	-2356	645	-2475	-507	87	-119	6283	31415	6283	68506540
-18677	145	-1004	-2580	952	-2283	-502	86	-122	6284	31420	6284	68506556
-18659	-112	-1076	-2769	1076	-2072	-502	86	-121	6285	31425	6285	68506578
-18678	-410	-978	-2964	1028	-1851	-501	85	-119	6286	31430	6286	68506578
-18764	-806	-809	-3185	813	-1637	-502	85	-120	6287	31435	6287	68506578
-19013	-1219	-682	-3349	488	-1421	-507	87	-125	6288	31440	6288	68506578
-19175	-1749	-639	-3418	133	-1218	-506	87	-126	6289	31445	6289	68506578
-19273	-2313	-470	-3395	-141	-1024	-503	89	-131	6290	31450	6290	68506578
-19275	-2770	-348	-3318	-264	-865	-502	90	-129	6291	31455	6291	68506578
-19068	-3255	-208	-3166	-206	-754	-498	94	-122	6292	31460	6292	68506578
-18643	-3608	-194	-2931	63	-716	-501	92	-124	6293	31465	6293	68506579
-18252	-3862	-260	-2698	449	-728	-505	89	-127	6294	31470	6294	68506590
-17695	-4026	-365	-2488	935	-782	-504	88	-126	6295	31475	6295	68506610
-17048	-4058	-547	-2328	1458	-864	-503	87	-125	6296	31480	6296	68506615
-16432	-4029	-705	-2239	1932	-953	-502	86	-126	6297	31485	6297	68506615
-15806	-3932	-686	-2207	2319	-1029	-499	85	-127	6298	31490	6298	68506615
-15104	-3668	-672	-2223	2689	-1105	-500	87	-125	6299	31495	6299	68506616
-14419	-3362	-727	-2266	2906	-1174	-503	93	-119	6300	31500	6300	68506616
-13770	-2955	-656	-2351	2919	-1198	-502	92	-120	6301	31505	6301	68506616
-13310	-2640	-640	-2438	2716	-1162	-500	90	-122	6302	31510	6302	68506616
-12974	-2375	-669	-2523	2329	-1092	-499	90	-123	6303	31515	6303	68506616
-12775	-2141	-704	-2611	1828	-1004	-498	90	-124	6304	31520	6304	68506628
-12795	-1911	-811	-2731	1277	-898	-498	89	-126	6305	31525	6305	68506646
-12978	-1712	-920	-2869	753	-800	-499	87	-129	6306	31530	6306	68506647
-13220	-1524	-976	-3009	274	-710	-501	87	-128	6307	31535	6307	68506647
-13526	-1437	-1001	-3140	-146	-625	-505	87	-127	6308	31540	6308	68506647
-13980	-1388	-1090	-3258	-555	-560	-506	91	-125	6309	31545	6309	68506648
-14589	-1452	-1210	-3332	-944	-531	-507	95	-123	6310	31550	6310	68506649
-15166	-1646	-1268	-3383	-1296	-514	-504	88	-124	6311	31555	6311	68506649
-15854	-1923	-1288	-3437	-1602	-524	-502	84	-124	6312	31560	6312	68506664
-16551	-2194	-1327	-3534	-1805	-559	-500	85	-124	6313	31565	6313	68506680
-17201	-2453	-1363	-3705	-1871	-631	-498	86	-124	6314	31570	6314	68506684
-17692	-2685	-1336	-3911	-1794	-732	-499	91	-126	6315	31575	6315	68506684
-18109	-2907	-1200	-4159	-1613	-856	-500	96	-128	6316	31580	6316	68506684
-18467	-3136	-1001	-4503	-1323	-1031	-498	93	-124	6317	31585	6317	68506684
-18583	-3322	-721	-4872	-1057	-1205	-495	89	-119	6318	31590	6318	68506684
-18581	-3476	-418	-5227	-898	-1356	-497	88	-123	6319	31595	6319	68506713
-18564	-3553	-154	-5597	-816	-1500	-499	87	-125	6320	31600	6320	68506733
-18515	-3620	92	-5976	-786	-1628	-501	85	-128	6321	31605	6321	68506734
-18381	-3590	216	-6355	-784	-1738	-502	84	-130	6322	31610	6322	68506735
-18218	-3478	304	-6717	-776	-1849	-500	85	-126	6323	31615	6323	68506735
-18053	-3371	370	-7036	-715	-1939	-498	86	-124	6324	31620	6324	68506736
-17844	-3188	400	-7296	-577	-1996	-496	89	-121	6325	31625	6325	68506737
-17590	-2913	403	-7484	-345	-2046	-495	91	-119	6326	31630	6326	68506754
-17357	-2692	373	-7545	-90	-2040	-500	93	-121	6327	31635	6327	68506760
-17046	-2441	246	-7528	130	-1985	-501	93	-121	6328	31640	6328	68506760
-16831	-2228	213	-7420	309	-1892	-500	91	-123	6329	31645	6329	68506760
-16661	-2004	212	-7221	419	-1770	-500	90	-124	6330	31650	6330	68506760
-16486	-1801	73	-6931	464	-1633	-497	88	-124	6331	31655	6331	68506760
-16277	-1624	44	-6566	441	-1467	-496	88	-124	6332	31660	6332	68506760
-16152	-1456	27	-6182	369	-1281	-493	90	-119	6333	31665	6333	68506790
-16066	-1297	3	-5771	279	-1095	-492	90	-118	6334	31670	6334	68506798
-15968	-1133	22	-5369	171	-948	-496	91	-117	6335	31675	6335	68506798
-15961	-1031	47	-4977	46	-811	-497	91	-117	6336	31680	6336	68506799
-15991	-907	-7	-4587	-66	-701	-493	92	-118	6337	31685	6337	68506799
-16004	-877	-59	-4243	-171	-603	-492	92	-118	6338	31690	6338	68506799
-16089	-842	-169	-3957	-279	-527	-494	87	-118	6339	31695	6339	68506800
-16185	-884	-242	-3738	-385	-497	-494	86	-118	6340	31700	6340	68506806
-16322	-960	-347	-3616	-484	-495	-491	88	-120	6341	31705	6341	68506829
-16426	-1058	-480	-3589	-563	-512	-490	88	-120	6342	31710	6342	68506835
-16566	-1224	-656	-3667	-655	-568	-498	96	-124	6343	31715	6343	68506835
-16660	-1236	-744	-3793	-734	-626	-498	96	-124	6344	31720	6344	68506835
-16830	-1512	-802	-3942	-796	-688	-491	85	-121	6345	31725	6345	68506835
-16946	-1574	-950	-4104	-841	-749	-491	85	-121	6346	31730	6346	68506835
-17040	-1788	-884	-4247	-840	-825	-491	87	-119	6347	31735	6347	68506835
-17180	-1966	-856	-4347	-781	-879	-491	87	-119	6348	31740	6348	68506857
-17226	-2036	-882	-4427	-694	-936	-500	92	-120	6349	31745	6349	68506866
-17258	-2070	-768	-4445	-572	-973	-500	92	-120	6350	31750	6350	68506875
-17159	-2200	-717	-4414	-411	-1004	-502	86	-114	6351	31755	6351	68506876
-17126	-2190	-684	-4346	-285	-1026	-502	86	-114	6352	31760	6352	68506877
-17006	-2186	-548	-4235	-156	-1019	-492	92	-120	6353	31765	6353	68506878
-16946	-2104	-516	-4130	-70	-980	-492	92	-120	6354	31770	6354	68506879
-16788	-2062	-322	-3998	-25	-935	-489	89	-119	6355	31775	6355	68506880
-16684	-2020	-342	-3877	-29	-875	-489	89	-119	6356	31780	6356	68506902
-16464	-1920	-312	-3777	-104	-792	-493	83	-119	6357	31785	6357	68506902
-16388	-1752	-220	-3700	-204	-729	-493	83	-119	6358	31790	6358	68506903
-16370	-1714	-266	-3624	-337	-635	-491	91	-117	6359	31795	6359	68506903
-16406	-1678	-236	-3588	-427	-564	-491	91	-117	6360	31800	6360	68506903
-16393	-1718	-264	-3572	-467	-510	-492	92	-116	6361	31805	6361	68506908
-16458	-1688	-374	-3564	-463	-465	-492	91	-116	6362	31810	6362	68506931
