-14382	-5672	-5326	-664	324	-157	-88	178	-102	8803	44015	8803	68519110
-14298	-5638	-5281	-653	328	-160	-83	183	-111	8804	44020	8804	68519110
-14246	-5672	-5323	-656	340	-159	-83	184	-110	8805	44025	8805	68519110
-14205	-5707	-5309	-661	318	-167	-84	188	-108	8806	44030	8806	68519117
-14126	-5727	-5275	-666	300	-166	-84	187	-107	8807	44035	8807	68519147
-14146	-5714	-5267	-684	293	-165	-83	183	-105	8808	44040	8808	68519148
-14256	-5681	-5218	-689	283	-165	-83	183	-106	8809	44045	8809	68519149
-14260	-5703	-5308	-688	262	-153	-81	183	-109	8810	44050	8810	68519150
-14223	-5657	-5248	-697	251	-142	-80	184	-108	8811	44055	8811	68519151
-14246	-5721	-5255	-711	240	-125	-74	188	-106	8812	44060	8812	68519151
-14297	-5723	-5210	-723	217	-111	-76	186	-105	8813	44065	8813	68519154
-14314	-5711	-5210	-732	208	-97	-80	182	-104	8814	44070	8814	68519188
-14328	-5693	-5220	-731	194	-81	-82	183	-103	8815	44075	8815	68519237
-14396	-5694	-5245	-742	180	-48	-84	184	-102	8816	44080	8816	68519240
-14436	-5741	-5271	-760	168	-4	-84	182	-102	8817	44085	8817	68519242
-14432	-5752	-5344	-767	150	36	-83	179	-103	8818	44090	8818	68519242
-14402	-5731	-5396	-771	132	74	-83	181	-105	8819	44095	8819	68519242
-14418	-5761	-5437	-779	113	104	-83	183	-107	8820	44100	8820	68519242
-14430	-5806	-5422	-790	100	141	-86	185	-110	8821	44105	8821	68519243
-14424	-5825	-5454	-809	104	172	-88	186	-112	8822	44110	8822	68519259
-14445	-5834	-5560	-821	105	188	-86	187	-111	8823	44115	8823	68519273
-14464	-5827	-5616	-829	107	204	-84	188	-110	8824	44120	8824	68519273
-14424	-5774	-5568	-845	131	223	-83	185	-110	8825	44125	8825	68519274
-14363	-5756	-5611	-842	156	234	-82	180	-110	8826	44130	8826	68519274
-14322	-5748	-5612	-820	181	216	-84	182	-110	8827	44135	8827	68519274
-14318	-5705	-5577	-795	210	187	-86	186	-110	8828	44140	8828	68519274
-14301	-5660	-5608	-740	241	161	-85	186	-109	8829	44145	8829	68519275
-14276	-5633	-5643	-668	282	132	-84	186	-108	8830	44150	8830	68519275
-14274	-5640	-5616	-590	323	103	-81	185	-110	8831	44155	8831	68519275
-14262	-5616	-5558	-503	357	64	-79	185	-111	8832	44160	8832	68519276
-14175	-5570	-5572	-404	402	16	-82	187	-109	8833	44165	8833	68519276
-14061	-5558	-5591	-294	453	-26	-84	188	-108	8834	44170	8834	68519277
-14013	-5542	-5594	-204	489	-62	-86	184	-106	8835	44175	8835	68519280
-14006	-5491	-5675	-127	525	-100	-87	181	-105	8836	44180	8836	68519295
-14073	-5534	-5690	-35	584	-151	-83	181	-105	8837	44185	8837	68519304
-14067	-5513	-5772	44	636	-189	-81	181	-105	8838	44190	8838	68519304
-14033	-5529	-5793	132	694	-232	-81	183	-110	8839	44195	8839	68519304
-13991	-5472	-5850	220	757	-275	-81	183	-111	8840	44200	8840	68519304
-14022	-5475	-5849	295	819	-310	-80	185	-112	8841	44205	8841	68519304
-13981	-5447	-5930	363	881	-330	-80	186	-112	8842	44210	8842	68519304
-13965	-5397	-5971	429	942	-355	-81	187	-111	8843	44215	8843	68519304
-13989	-5360	-6006	501	1007	-389	-82	186	-110	8844	44220	8844	68519304
-14000	-5327	-6083	576	1074	-423	-83	184	-109	8845	44225	8845	68519305
-13992	-5272	-6099	662	1156	-448	-83	183	-109	8846	44230	8846	68519305
-13954	-5224	-5948	746	1235	-465	-78	183	-109	8847	44235	8847	68519319
-13872	-5206	-6056	848	1323	-473	-77	183	-109	8848	44240	8848	68519340
-13878	-5234	-6057	948	1414	-496	-87	183	-109	8849	44245	8849	68519344
-13892	-5154	-6048	1046	1486	-504	-89	183	-109	8850	44250	8850	68519344
-13888	-5138	-5970	1164	1553	-507	-84	186	-111	8851	44255	8851	68519345
-13886	-5092	-5958	1280	1639	-519	-83	187	-111	8852	44260	8852	68519345
-13867	-5030	-5989	1429	1730	-528	-85	185	-109	8853	44265	8853	68519345
-13786	-4966	-5940	1613	1809	-543	-85	185	-109	8854	44270	8854	68519345
-13754	-4984	-5912	1789	1881	-569	-74	182	-112	8855	44275	8855	68519374
-13766	-4936	-5802	1955	1961	-575	-74	182	-112	8856	44280	8856	68519385
-13700	-4866	-5830	2121	2018	-592	-86	184	-114	8857	44285	8857	68519385
-13682	-4878	-5860	2292	2071	-608	-86	184	-114	8858	44290	8858	68519385
-13634	-4818	-5866	2478	2122	-638	-81	185	-107	8859	44295	8859	68519385
-13694	-4864	-5694	2657	2170	-661	-81	185	-107	8860	44300	8860	68519385
-13637	-4844	-5761	2808	2206	-669	-79	188	-112	8861	44305	8861	68519392
-13714	-4834	-5740	2983	2228	-668	-79	189	-113	8862	44310	8862	68519416
-13754	-4796	-5610	3190	2233	-668	-79	191	-115	8863	44315	8863	68519423
-13766	-4818	-5552	3350	2241	-685	-79	191	-115	8864	44320	8864	68519423
-13880	-4850	-5670	3497	2235	-674	-81	183	-117	8865	44325	8865	68519423
-13854	-4882	-5476	3606	2232	-648	-81	183	-117	8866	44330	8866	68519424
-14080	-4918	-5520	3698	2207	-631	-80	188	-112	8867	44335	8867	68519424
-13980	-4972	-5594	3777	2165	-594	-80	188	-112	8868	44340	8868	68519424
-14066	-4928	-5586	3826	2114	-570	-79	183	-113	8869	44345	8869	68519424
-13934	-4986	-5608	3874	2094	-530	-79	183	-113	8870	44350	8870	68519460
-13959	-5076	-5558	3919	2013	-465	-78	186	-112	8871	44355	8871	68519460
-13962	-5073	-5593	3941	1965	-416	-77	185	-112	8872	44360	8872	68519460
-13914	-5028	-5574	3958	1903	-361	-75	181	-113	8873	44365	8873	68519461
-13876	-4990	-5606	3966	1826	-299	-75	181	-114	8874	44370	8874	68519461
-13819	-4980	-5568	3964	1747	-233	-76	182	-116	8875	44375	8875	68519461
-13776	-5017	-5560	3952	1656	-141	-76	181	-116	8876	44380	8876	68519462
-13644	-4945	-5518	3943	1569	-50	-74	178	-118	8877	44385	8877	68519474
-13556	-4948	-5553	3929	1471	51	-74	179	-117	8878	44390	8878	68519497
-13438	-4925	-5496	3929	1356	157	-76	182	-114	8879	44395	8879	68519497
-13452	-4948	-5465	3922	1234	285	-77	181	-115	8880	44400	8880	68519498
-13450	-4966	-5389	3909	1128	400	-80	180	-116	8881	44405	8881	68519498
-13335	-5010	-5388	3869	992	532	-78	180	-116	8882	44410	8882	68519498
-13349	-5041	-5419	3816	843	685	-69	181	-115	8883	44415	8883	68519498
-13319	-5070	-5498	3721	686	852	-70	180	-116	8884	44420	8884	68519499
-13325	-5070	-5437	3612	505	1029	-75	175	-119	8885	44425	8885	68519511
-13370	-5097	-5552	3458	323	1220	-75	176	-118	8886	44430	8886	68519535
-13391	-5211	-5625	3287	143	1429	-76	182	-112	8887	44435	8887	68519535
-13496	-5329	-5709	3065	-75	1676	-73	179	-115	8888	44440	8888	68519535
-13574	-5331	-5825	2851	-272	1912	-69	175	-119	8889	44445	8889	68519535
-13639	-5331	-6037	2652	-457	2157	-70	179	-118	8890	44450	8890	68519535
-13782	-5413	-6257	2464	-627	2415	-71	185	-117	8891	44455	8891	68519536
-13896	-5562	-6387	2261	-777	2655	-70	183	-117	8892	44460	8892	68519555
-13951	-5672	-6538	2051	-927	2891	-68	180	-116	8893	44465	8893	68519584
-13994	-5760	-6695	1856	-1079	3119	-68	181	-118	8894	44470	8894	68519585
-14042	-5877	-6846	1671	-1213	3334	-69	183	-121	8895	44475	8895	68519585
-14009	-5943	-7013	1475	-1336	3581	-72	183	-119	8896	44480	8896	68519585
-13876	-5862	-7097	1279	-1439	3806	-74	182	-116	8897	44485	8897	68519585
-13715	-5859	-7148	1089	-1510	3987	-72	182	-118	8898	44490	8898	68519586
-13562	-5910	-7196	871	-1580	4147	-70	182	-120	8899	44495	8899	68519586
-13421	-5943	-7273	685	-1626	4275	-72	182	-116	8900	44500	8900	68519599
-13263	-5960	-7369	544	-1645	4388	-74	182	-112	8901	44505	8901	68519612
-13066	-6005	-7416	406	-1656	4484	-74	182	-111	8902	44510	8902	68519612
-12846	-6110	-7360	244	-1669	4551	-73	181	-109	8903	44515	8903	68519612
-12639	-6212	-7296	97	-1684	4599	-74	182	-110	8904	44520	8904	68519613
-12446	-6266	-7260	-24	-1699	4629	-75	183	-111	8905	44525	8905	68519613
-12341	-6285	-7169	-135	-1713	4643	-74	182	-111	8906	44530	8906	68519613
-12216	-6308	-7116	-249	-1724	4642	-73	181	-111	8907	44535	8907	68519619
-12037	-6326	-7104	-362	-1732	4619	-75	181	-112	8908	44540	8908	68519638
-11902	-6269	-7074	-462	-1742	4581	-77	181	-113	8909	44545	8909	68519649
-11752	-6236	-7026	-531	-1750	4544	-78	183	-116	8910	44550	8910	68519649
-11609	-6220	-6987	-572	-1769	4503	-78	184	-118	8911	44555	8911	68519649
-11568	-6067	-6969	-581	-1794	4466	-74	186	-114	8912	44560	8912	68519649
-11477	-6039	-6920	-570	-1836	4418	-72	186	-112	8913	44565	8913	68519649
-11520	-6017	-6964	-553	-1879	4384	-79	188	-114	8914	44570	8914	68519649
-11592	-6074	-6996	-527	-1909	4363	-81	189	-115	8915	44575	8915	68519665
-11560	-6068	-6994	-479	-1950	4337	-86	187	-113	8916	44580	8916	68519687
-11572	-6108	-7080	-422	-1985	4312	-87	187	-113	8917	44585	8917	68519693
-11546	-6205	-7100	-360	-2034	4277	-82	181	-111	8918	44590	8918	68519693
-11531	-6275	-7179	-310	-2073	4258	-81	179	-111	8919	44595	8919	68519693
-11558	-6402	-7235	-273	-2117	4254	-85	181	-114	8920	44600	8920	68519693
-11620	-6530	-7338	-248	-2166	4263	-88	182	-116	8921	44605	8921	68519693
-11676	-6593	-7432	-226	-2214	4278	-80	188	-113	8922	44610	8922	68519694
-11683	-6644	-7595	-206	-2254	4287	-78	190	-112	8923	44615	8923	68519710
-11704	-6724	-7645	-220	-2303	4307	-84	185	-110	8924	44620	8924	68519723
-11808	-6840	-7680	-244	-2344	4325	-86	184	-110	8925	44625	8925	68519725
-11830	-6989	-7760	-301	-2367	4339	-88	182	-113	8926	44630	8926	68519725
-11899	-7034	-7770	-376	-2393	4357	-88	182	-114	8927	44635	8927	68519725
-11911	-7124	-7874	-469	-2410	4371	-85	187	-112	8928	44640	8928	68519725
-11968	-7206	-7926	-619	-2420	4398	-84	188	-112	8929	44645	8929	68519725
-11984	-7312	-7942	-752	-2415	4391	-93	189	-115	8930	44650	8930	68519752
-11944	-7312	-8060	-933	-2399	4369	-93	189	-115	8931	44655	8931	68519763
-11872	-7326	-8100	-1105	-2376	4356	-88	186	-118	8932	44660	8932	68519763
-11828	-7430	-8030	-1282	-2365	4324	-88	186	-118	8933	44665	8933	68519763
-11828	-7518	-8152	-1438	-2323	4276	-86	192	-112	8934	44670	8934	68519763
-11714	-7500	-8240	-1594	-2284	4227	-86	192	-112	8935	44675	8935	68519764
-11702	-7526	-8448	-1756	-2212	4154	-91	189	-115	8936	44680	8936	68519764
-11576	-7498	-8286	-1880	-2157	4081	-91	189	-115	8937	44685	8937	68519764
-11534	-7510	-8398	-2002	-2076	3979	-88	190	-116	8938	44690	8938	68519790
-11492	-7412	-8418	-2065	-1992	3897	-88	190	-116	8939	44695	8939	68519800
-11438	-7476	-8278	-2156	-1960	3775	-91	185	-115	8940	44700	8940	68519800
-11278	-7522	-8254	-2210	-1900	3622	-91	185	-115	8941	44705	8941	68519800
-11196	-7534	-8196	-2219	-1826	3468	-92	182	-110	8942	44710	8942	68519800
-11228	-7320	-8154	-2180	-1774	3306	-92	182	-110	8943	44715	8943	68519800
-11114	-7210	-8100	-2162	-1727	3174	-90	184	-118	8944	44720	8944	68519800
-11102	-7100	-8044	-2142	-1675	3037	-90	184	-118	8945	44725	8945	68519808
-11010	-6970	-7798	-2092	-1629	2865	-93	181	-111	8946	44730	8946	68519837
-10952	-6891	-7821	-2011	-1582	2717	-94	181	-112	8947	44735	8947	68519838
-10938	-6855	-7762	-1910	-1550	2582	-97	183	-115	8948	44740	8948	68519838
-10906	-6719	-7697	-1782	-1515	2444	-98	184	-114	8949	44745	8949	68519839
-10950	-6698	-7648	-1643	-1488	2326	-101	187	-111	8950	44750	8950	68519840
-10866	-6676	-7551	-1516	-1462	2194	-101	187	-111	8951	44755	8951	68519841
-10857	-6716	-7531	-1418	-1437	2074	-99	189	-111	8952	44760	8952	68519851
-10888	-6768	-7557	-1343	-1431	1949	-99	188	-112	8953	44765	8953	68519875
-10956	-6877	-7521	-1298	-1409	1838	-98	182	-116	8954	44770	8954	68519875
-11020	-6916	-7516	-1287	-1396	1738	-100	184	-114	8955	44775	8955	68519875
-11052	-7010	-7533	-1280	-1381	1645	-102	186	-110	8956	44780	8956	68519876
-11119	-7128	-7565	-1287	-1359	1553	-102	186	-111	8957	44785	8957	68519876
-11165	-7207	-7602	-1324	-1337	1482	-101	185	-113	8958	44790	8958	68519876
-11167	-7245	-7621	-1360	-1312	1424	-101	185	-114	8959	44795	8959	68519882
-11152	-7245	-7602	-1391	-1288	1360	-100	184	-116	8960	44800	8960	68519897
-11080	-7228	-7776	-1435	-1251	1292	-101	184	-115	8961	44805	8961	68519912
-11105	-7291	-7880	-1550	-1199	1221	-105	185	-111	8962	44810	8962	68519912
-11065	-7355	-7935	-1712	-1130	1129	-104	184	-111	8963	44815	8963	68519912
-11042	-7343	-7944	-1844	-1060	1042	-102	182	-112	8964	44820	8964	68519912
-10983	-7282	-7899	-1967	-992	951	-102	182	-113	8965	44825	8965	68519913
-10881	-7229	-7802	-2073	-920	845	-101	181	-115	8966	44830	8966	68519913
-10785	-7148	-7758	-2165	-829	737	-104	182	-115	8967	44835	8967	68519928
-10660	-7063	-7664	-2226	-745	614	-109	183	-115	8968	44840	8968	68519950
-10552	-6965	-7545	-2260	-662	477	-107	182	-114	8969	44845	8969	68519950
-10420	-6825	-7426	-2272	-565	330	-103	181	-113	8970	44850	8970	68519950
-10262	-6732	-7308	-2251	-455	154	-104	183	-111	8971	44855	8971	68519950
-10138	-6618	-7206	-2197	-350	-24	-104	184	-108	8972	44860	8972	68519950
-10022	-6480	-7109	-2133	-256	-184	-107	182	-112	8973	44865	8973	68519950
-9950	-6411	-7070	-2045	-154	-353	-109	181	-115	8974	44870	8974	68519955
-9894	-6322	-7049	-1946	-48	-517	-108	181	-114	8975	44875	8975	68519977
-9845	-6266	-7024	-1864	50	-683	-107	181	-113	8976	44880	8976	68519989
-9812	-6222	-7048	-1791	153	-866	-106	182	-115	8977	44885	8977	68519989
-9798	-6174	-7015	-1702	268	-1046	-106	182	-116	8978	44890	8978	68519989
-9811	-6147	-7097	-1607	404	-1251	-105	184	-110	8979	44895	8979	68519990
-9889	-6103	-7105	-1534	518	-1415	-104	184	-108	8980	44900	8980	68519990
-9890	-5988	-7040	-1452	640	-1589	-105	182	-112	8981	44905	8981	68519990
-9914	-5906	-6954	-1331	769	-1762	-105	181	-115	8982	44910	8982	68520004
-9942	-5785	-6861	-1174	887	-1930	-109	180	-116	8983	44915	8983	68520021
-10016	-5627	-6697	-982	994	-2088	-111	179	-117	8984	44920	8984	68520026
-10166	-5515	-6542	-792	1100	-2209	-113	180	-118	8985	44925	8985	68520026
-10418	-5384	-6418	-613	1167	-2313	-114	180	-118	8986	44930	8986	68520026
-10781	-5339	-6179	-414	1222	-2405	-111	180	-115	8987	44935	8987	68520026
-11226	-5275	-6162	-205	1277	-2441	-110	180	-114	8988	44940	8988	68520027
-11652	-5252	-6214	-35	1326	-2450	-114	178	-116	8989	44945	8989	68520027
-12016	-5266	-6262	109	1361	-2425	-115	177	-117	8990	44950	8990	68520033
-12408	-5416	-6344	181	1397	-2361	-117	177	-117	8991	44955	8991	68520058
-12802	-5580	-6557	141	1420	-2295	-117	177	-117	8992	44960	8992	68520064
-13202	-5798	-6694	27	1450	-2244	-115	173	-111	8993	44965	8993	68520064
-13544	-5966	-6953	-112	1499	-2176	-114	172	-110	8994	44970	8994	68520064
-13743	-6159	-7284	-295	1590	-2114	-113	176	-116	8995	44975	8995	68520065
-14014	-6382	-7568	-595	1744	-2076	-113	177	-117	8996	44980	8996	68520065
-14052	-6528	-7792	-876	1907	-2107	-112	178	-118	8997	44985	8997	68520065
-14172	-6556	-8068	-1150	2111	-2193	-112	178	-118	8998	44990	8998	68520082
-14240	-6646	-8002	-1406	2334	-2347	-115	173	-121	8999	44995	8999	68520101
-14272	-6598	-7952	-1589	2516	-2525	-115	173	-121	9000	45000	9000	68520101
-14409	-6449	-7721	-1815	2730	-2768	-113	181	-119	9001	45005	9001	68520102
-14565	-6254	-7384	-2017	2931	-3059	-113	183	-119	9002	45010	9002	68520102
-14740	-5960	-6964	-2123	3147	-3390	-115	177	-120	9003	45015	9003	68520102
-14860	-5632	-6486	-2140	3413	-3813	-116	176	-120	9004	45020	9004	68520102
-15000	-5366	-5994	-2054	3608	-4214	-118	176	-124	9005	45025	9005	68520112
-15084	-5070	-5578	-1958	3803	-4614	-118	176	-124	9006	45030	9006	68520147
-15118	-4858	-5056	-1843	3974	-5000	-117	169	-119	9007	45035	9007	68520148
-15224	-4672	-4720	-1690	4069	-5380	-117	169	-119	9008	45040	9008	68520148
-15322	-4534	-4290	-1500	4125	-5746	-115	169	-127	9009	45045	9009	68520148
-15480	-4306	-4042	-1252	4163	-6055	-115	169	-127	9010	45050	9010	68520154
-15540	-4086	-3980	-949	4160	-6316	-118	170	-122	9011	45055	9011	68520155
-15746	-4036	-3970	-706	4192	-6528	-118	170	-122	9012	45060	9012	68520155
-15816	-3947	-3911	-399	4176	-6773	-118	174	-126	9013	45065	9013	68520193
-16068	-3847	-3953	-109	4157	-6920	-118	175	-126	9014	45070	9014	68520193
-16349	-3717	-4023	212	4125	-7012	-117	177	-125	9015	45075	9015	68520193
-16585	-3563	-4076	526	4107	-7080	-115	175	-127	9016	45080	9016	68520193
-16842	-3446	-4150	844	4095	-7144	-114	174	-128	9017	45085	9017	68520193
-17146	-3476	-4348	1166	4112	-7191	-115	175	-128	9018	45090	9018	68520193
-17285	-3514	-4652	1440	4169	-7228	-117	177	-127	9019	45095	9019	68520193
-17350	-3560	-4803	1644	4250	-7279	-116	177	-127	9020	45100	9020	68520193
-17414	-3660	-4938	1834	4331	-7347	-114	176	-128	9021	45105	9021	68520193
-17474	-3705	-5168	2033	4406	-7429	-114	175	-128	9022	45110	9022	68520199
-17471	-3707	-5315	2215	4506	-7489	-115	171	-127	9023	45115	9023	68520225
-17474	-3633	-5391	2383	4617	-7558	-115	173	-127	9024	45120	9024	68520233
-17414	-3630	-5372	2585	4727	-7619	-116	180	-128	9025	45125	9025	68520234
-17400	-3587	-5406	2801	4845	-7674	-115	178	-128	9026	45130	9026	68520234
-17338	-3518	-5388	3007	4948	-7737	-112	172	-128	9027	45135	9027	68520235
-17434	-3502	-5238	3233	5059	-7771	-113	172	-128	9028	45140	9028	68520235
-17432	-3444	-5001	3478	5146	-7763	-116	174	-128	9029	45145	9029	68520235
-17343	-3320	-4761	3755	5224	-7707	-115	172	-129	9030	45150	9030	68520244
-17244	-3260	-4564	3977	5269	-7622	-113	169	-131	9031	45155	9031	68520262
-17200	-3216	-4348	4144	5294	-7495	-113	169	-133	9032	45160	9032	68520267
-17149	-3113	-4140	4286	5294	-7338	-112	170	-136	9033	45165	9033	68520267
-17122	-3006	-3995	4415	5262	-7152	-110	171	-138	9034	45170	9034	68520267
-17046	-2910	-3935	4549	5203	-6937	-108	172	-142	9035	45175	9035	68520267
-16926	-2812	-3925	4678	5122	-6697	-108	175	-141	9036	45180	9036	68520267
-16767	-2755	-3771	4798	5003	-6405	-109	179	-139	9037	45185	9037	68520268
-16643	-2768	-3621	4901	4842	-6114	-110	175	-141	9038	45190	9038	68520275
-16618	-2735	-3566	4988	4680	-5827	-110	172	-142	9039	45195	9039	68520295
-16581	-2726	-3566	5055	4527	-5537	-110	172	-142	9040	45200	9040	68520306
-16512	-2774	-3602	5091	4365	-5239	-110	172	-142	9041	45205	9041	68520306
-16464	-2840	-3634	5082	4179	-4911	-108	172	-142	9042	45210	9042	68520306
-16435	-2895	-3648	5024	3995	-4582	-105	173	-141	9043	45215	9043	68520306
-16427	-2994	-3679	4917	3795	-4260	-105	173	-143	9044	45220	9044	68520306
-16481	-3177	-3737	4757	3570	-3935	-104	172	-146	9045	45225	9045	68520306
-16461	-3358	-3788	4519	3321	-3570	-105	168	-145	9046	45230	9046	68520326
-16426	-3557	-3791	4189	3071	-3189	-106	164	-144	9047	45235	9047	68520346
-16403	-3765	-3898	3823	2835	-2835	-101	167	-145	9048	45240	9048	68520346
-16398	-3939	-3928	3408	2588	-2483	-97	169	-145	9049	45245	9049	68520346
-16434	-4034	-3949	2961	2331	-2115	-100	171	-144	9050	45250	9050	68520347
-16398	-4146	-4109	2469	2074	-1747	-102	172	-144	9051	45255	9051	68520347
-16336	-4314	-4194	1935	1825	-1399	-103	173	-141	9052	45260	9052	68520347
-16348	-4498	-4374	1341	1563	-1088	-103	173	-139	9053	45265	9053	68520347
-16428	-4610	-4559	584	1273	-756	-101	169	-146	9054	45270	9054	68520368
-16493	-4680	-4682	-68	1016	-425	-100	168	-148	9055	45275	9055	68520375
-16590	-4641	-4817	-617	766	-123	-102	175	-149	9056	45280	9056	68520375
-16689	-4690	-5103	-1137	550	162	-103	177	-149	9057	45285	9057	68520375
-16686	-4709	-5382	-1660	347	413	-99	173	-151	9058	45290	9058	68520375
-16686	-4788	-5478	-2307	154	609	-98	172	-152	9059	45295	9059	68520375
-16738	-4923	-5520	-2969	-59	759	-108	172	-150	9060	45300	9060	68520375
-16806	-4903	-5547	-3471	-240	888	-110	172	-150	9061	45305	9061	68520381
-16843	-4865	-5465	-4008	-471	1050	-106	174	-149	9062	45310	9062	68520407
-16787	-4814	-5440	-4453	-689	1193	-105	175	-149	9063	45315	9063	68520414
-16873	-4724	-5399	-4802	-878	1305	-107	170	-149	9064	45320	9064	68520414
-16831	-4614	-5278	-5093	-1059	1407	-107	169	-149	9065	45325	9065	68520414
-16758	-4606	-5236	-5354	-1236	1515	-107	172	-149	9066	45330	9066	68520415
-16670	-4575	-5234	-5587	-1418	1624	-107	173	-149	9067	45335	9067	68520415
-16610	-4505	-5255	-5784	-1623	1722	-109	172	-150	9068	45340	9068	68520437
-16576	-4456	-5254	-5939	-1805	1835	-110	172	-150	9069	45345	9069	68520449
-16541	-4522	-5332	-6078	-1973	1953	-112	178	-156	9070	45350	9070	68520451
-16540	-4600	-5608	-6293	-2180	2128	-112	180	-158	9071	45355	9071	68520451
-16658	-4704	-5752	-6485	-2333	2250	-113	177	-153	9072	45360	9072	68520451
-16810	-4774	-5934	-6700	-2465	2375	-113	177	-153	9073	45365	9073	68520451
-16974	-4832	-6216	-6889	-2587	2485	-118	176	-152	9074	45370	9074	68520451
-17202	-4870	-6530	-7056	-2692	2596	-118	176	-152	9075	45375	9075	68520493
-17340	-4908	-6806	-7183	-2782	2718	-120	176	-154	9076	45380	9076	68520535
-17554	-4998	-6922	-7283	-2829	2821	-120	176	-154	9077	45385	9077	68520547
-17650	-5026	-7174	-7367	-2850	2924	-122	178	-154	9078	45390	9078	68520548
-17762	-5044	-7291	-7409	-2855	3022	-122	178	-154	9079	45395	9079	68520548
-17786	-5088	-7376	-7433	-2845	3094	-120	178	-152	9080	45400	9080	68520548
-17833	-5095	-7401	-7400	-2818	3146	-121	178	-151	9081	45405	9081	68520548
-17798	-5052	-7486	-7347	-2787	3183	-123	177	-147	9082	45410	9082	68520549
-17798	-4988	-7426	-7234	-2728	3230	-123	177	-147	9083	45415	9083	68520560
-17702	-4890	-7382	-7118	-2663	3270	-132	180	-152	9084	45420	9084	68520585
-17674	-4802	-7446	-6962	-2598	3303	-132	180	-152	9085	45425	9085	68520586
-17610	-4760	-7252	-6739	-2540	3317	-131	181	-151	9086	45430	9086	68520586
-17568	-4686	-7280	-6491	-2506	3354	-131	181	-151	9087	45435	9087	68520586
-17452	-4667	-7239	-6171	-2429	3379	-128	182	-150	9088	45440	9088	68520586
-17400	-4602	-7279	-5912	-2368	3413	-129	182	-150	9089	45445	9089	68520586
-17400	-4581	-7243	-5619	-2317	3448	-132	180	-152	9090	45450	9090	68520586
-17366	-4572	-7272	-5318	-2272	3493	-133	180	-152	9091	45455	9091	68520586
-17358	-4591	-7282	-4994	-2240	3528	-135	179	-153	9092	45460	9092	68520586
-17305	-4504	-7302	-4659	-2229	3572	-135	179	-153	9093	45465	9093	68520586
-17269	-4532	-7314	-4331	-2209	3602	-136	180	-154	9094	45470	9094	68520586
-17300	-4545	-7350	-3982	-2195	3641	-137	180	-153	9095	45475	9095	68520586
-17337	-4468	-7424	-3588	-2198	3678	-139	181	-149	9096	45480	9096	68520591
-17394	-4484	-7436	-3224	-2200	3705	-138	179	-149	9097	45485	9097	68520598
-17422	-4450	-7452	-2853	-2203	3726	-137	177	-149	9098	45490	9098	68520598
-17490	-4425	-7534	-2489	-2216	3750	-138	176	-149	9099	45495	9099	68520598
-17545	-4432	-7634	-2113	-2240	3777	-140	174	-150	9100	45500	9100	68520598
-17498	-4401	-7814	-1749	-2252	3805	-140	177	-150	9101	45505	9101	68520602
-17505	-4454	-7922	-1404	-2251	3828	-140	184	-150	9102	45510	9102	68520615
-17460	-4616	-7999	-1004	-2255	3849	-141	182	-150	9103	45515	9103	68520630
-17387	-4763	-8074	-638	-2268	3884	-146	176	-148	9104	45520	9104	68520630
-17281	-4884	-8241	-319	-2294	3910	-144	176	-150	9105	45525	9105	68520630
-17224	-5051	-8357	-114	-2312	3929	-142	176	-152	9106	45530	9106	68520630
-17116	-5289	-8369	23	-2336	3948	-143	179	-152	9107	45535	9107	68520630
-17002	-5547	-8406	86	-2368	3970	-145	183	-153	9108	45540	9108	68520631
-16923	-5711	-8490	85	-2391	3993	-146	184	-153	9109	45545	9109	68520643
-16841	-5821	-8578	10	-2410	4005	-148	186	-152	9110	45550	9110	68520660
-16741	-5944	-8647	-118	-2432	4005	-146	184	-150	9111	45555	9111	68520660
-16666	-6061	-8662	-298	-2460	3986	-143	181	-147	9112	45560	9112	68520660
-16627	-6127	-8720	-507	-2485	3946	-145	182	-149	9113	45565	9113	68520660
-16645	-6180	-8750	-696	-2493	3895	-147	183	-151	9114	45570	9114	68520660
-16606	-6199	-8703	-894	-2491	3839	-148	182	-149	9115	45575	9115	68520660
-16524	-6172	-8755	-1098	-2484	3757	-149	181	-147	9116	45580	9116	68520660
-16480	-6153	-8822	-1325	-2466	3650	-151	182	-149	9117	45585	9117	68520660
-16398	-6096	-8832	-1581	-2433	3519	-153	183	-151	9118	45590	9118	68520666
-16271	-6008	-8816	-1777	-2376	3373	-151	176	-150	9119	45595	9119	68520688
-16110	-5828	-8875	-1910	-2301	3226	-150	172	-150	9120	45600	9120	68520700
-15960	-5678	-8843	-2038	-2216	3086	-151	177	-149	9121	45605	9121	68520700
-15861	-5588	-8887	-2095	-2147	2973	-151	179	-149	9122	45610	9122	68520700
