-16570	1902	7046	810	-975	313	-19	225	205	12148	60740	12148	68535895
-16607	1723	6796	947	-1031	173	-18	229	201	12149	60745	12149	68535895
-16646	1192	6326	1195	-1270	116	-18	230	200	12150	60750	12150	68535895
-17180	754	6392	1497	-1237	29	-13	231	205	12151	60755	12151	68535895
-16986	178	6376	1780	-1262	344	-13	231	205	12152	60760	12152	68535923
-17806	-272	6458	2064	-1210	519	-16	232	196	12153	60765	12153	68535924
-17420	-1168	5352	2267	-1136	883	-16	232	196	12154	60770	12154	68535924
-17120	-1564	5148	1566	-625	834	-13	233	205	12155	60775	12155	68535924
-17008	-1666	5582	933	-276	762	-13	233	205	12156	60780	12156	68535925
-17354	-1614	5772	614	-550	842	-28	232	204	12157	60785	12157	68535925
-16881	-1914	5612	435	-780	980	-28	232	204	12158	60790	12158	68535925
-16376	-1820	6102	108	-442	524	-18	230	200	12159	60795	12159	68535925
-15082	-2158	6758	64	-388	104	-18	230	200	12160	60800	12160	68535925
-18376	-1082	8110	383	-848	-501	-13	229	201	12161	60805	12161	68535925
-20320	-3220	7984	1718	-2431	1157	-13	229	201	12162	60810	12162	68535925
-22350	-6370	6710	3059	-3368	771	-22	224	206	12163	60815	12163	68535925
-25316	-10214	5084	2144	-3873	146	-22	224	206	12164	60820	12164	68535925
-25764	-11640	5310	-217	-3830	524	-15	231	199	12165	60825	12165	68535934
-22908	-9916	8162	-3418	-2070	-773	-15	231	199	12166	60830	12166	68535934
-20883	-5518	10572	-6099	1029	-3022	-14	232	204	12167	60835	12167	68535934
-21104	-1509	10034	-7034	1454	-2711	-15	231	204	12168	60840	12168	68535944
-18356	1487	7604	-6788	577	-1326	-17	229	205	12169	60845	12169	68535981
-15612	4316	6512	-6082	1442	-1445	-16	229	205	12170	60850	12170	68535981
-13405	5753	5963	-4965	2191	-1394	-13	231	203	12171	60855	12171	68535982
-11916	6216	6013	-3968	1670	-1153	-12	232	203	12172	60860	12172	68535982
-11572	6623	6646	-3648	868	-935	-10	234	202	12173	60865	12173	68535983
-11625	6746	6580	-3012	106	-637	-11	233	203	12174	60870	12174	68535983
-11585	6232	6235	-1720	-297	-238	-13	229	205	12175	60875	12175	68535985
-12923	5256	5976	-439	-741	154	-12	227	205	12176	60880	12176	68535997
-14004	4790	5427	134	-1339	418	-11	225	205	12177	60885	12177	68536010
-14630	4157	5121	504	-1446	616	-11	227	203	12178	60890	12178	68536010
-15130	3525	5328	1059	-1224	480	-11	231	199	12179	60895	12179	68536010
-15580	2724	5547	1544	-1212	330	-11	230	200	12180	60900	12180	68536010
-16104	2024	5886	1621	-1405	223	-12	228	202	12181	60905	12181	68536010
-16425	1926	6507	1547	-1464	150	-11	231	202	12182	60910	12182	68536010
-16809	2260	7018	2023	-1392	169	-9	235	203	12183	60915	12183	68536011
-17118	2234	7120	3360	-1385	306	-13	233	204	12184	60920	12184	68536011
-17187	1829	6914	4456	-1431	362	-15	231	205	12185	60925	12185	68536011
-17052	1449	6619	4582	-1480	386	-13	232	206	12186	60930	12186	68536028
-16792	1300	6670	4022	-1398	465	-11	233	207	12187	60935	12187	68536045
-16779	1200	7182	3629	-1339	645	-13	232	208	12188	60940	12188	68536050
-17105	903	7632	3519	-1472	983	-14	232	208	12189	60945	12189	68536050
-17484	387	7817	3316	-1652	1445	-17	231	209	12190	60950	12190	68536050
-17530	-431	7673	2832	-1638	1894	-21	229	211	12191	60955	12191	68536050
-17452	-1390	7281	2175	-1492	2238	-19	231	208	12192	60960	12192	68536050
-17393	-2197	7107	1472	-1563	2654	-17	233	205	12193	60965	12193	68536055
-17501	-2369	7673	717	-1594	2770	-22	227	204	12194	60970	12194	68536078
-17635	-2014	8561	37	-1578	2842	-25	223	203	12195	60975	12195	68536091
-17623	-1609	8890	-85	-1507	2822	-22	226	205	12196	60980	12196	68536091
-17974	-1222	8142	218	-1421	2642	-20	228	206	12197	60985	12197	68536091
-18434	-994	6778	352	-1375	2469	-18	232	205	12198	60990	12198	68536091
-18839	-709	5933	-54	-1253	2280	-17	235	205	12199	60995	12199	68536091
-19172	179	6779	-749	-1056	2061	-20	229	207	12200	61000	12200	68536092
-19303	980	7920	-648	-969	1943	-21	227	207	12201	61005	12201	68536098
-19336	1163	8115	14	-894	1901	-23	225	207	12202	61010	12202	68536137
-19226	1224	7469	658	-738	1938	-23	225	207	12203	61015	12203	68536147
-19142	1210	6886	887	-549	1965	-20	228	204	12204	61020	12204	68536147
-19088	1460	6921	635	-476	2012	-19	229	203	12205	61025	12205	68536147
-19236	1682	7236	544	-512	2109	-24	224	201	12206	61030	12206	68536148
-19551	1732	7461	983	-608	2140	-25	223	201	12207	61035	12207	68536148
-19770	1526	7418	1813	-774	2181	-20	226	203	12208	61040	12208	68536148
-19778	1198	7564	2681	-836	2129	-19	227	203	12209	61045	12209	68536155
-19572	1210	7862	3084	-770	1970	-24	224	202	12210	61050	12210	68536185
-19576	1240	7956	3298	-770	1799	-24	224	202	12211	61055	12211	68536185
-19760	1334	8222	3432	-727	1700	-24	228	206	12212	61060	12212	68536185
-19972	1436	8234	3837	-668	1636	-24	228	206	12213	61065	12213	68536185
-20082	1342	8372	4189	-467	1580	-28	226	202	12214	61070	12214	68536185
-20338	918	7928	4467	-358	1486	-28	226	202	12215	61075	12215	68536185
-20558	402	7958	4679	-384	1413	-27	223	203	12216	61080	12216	68536185
-20776	-152	8515	5033	-419	1375	-27	222	203	12217	61085	12217	68536199
-20924	-666	9109	5302	-410	1359	-27	217	201	12218	61090	12218	68536223
-20952	-1036	9456	5479	-380	1370	-27	217	201	12219	61095	12219	68536223
-20958	-1612	9114	5643	-117	1333	-33	219	201	12220	61100	12220	68536223
-20878	-2098	8878	5600	242	1338	-33	219	201	12221	61105	12221	68536223
-20862	-2470	8934	5429	409	1305	-26	220	202	12222	61110	12222	68536223
-20918	-2452	9720	5003	363	1210	-26	220	202	12223	61115	12223	68536223
-20912	-2468	10274	4591	352	1145	-29	223	201	12224	61120	12224	68536223
-20871	-2699	9689	4277	573	962	-30	223	201	12225	61125	12225	68536223
-20862	-2915	9537	4010	727	848	-35	223	199	12226	61130	12226	68536223
-20845	-2992	10124	3583	658	798	-35	221	199	12227	61135	12227	68536223
-20968	-2987	10485	3013	599	723	-35	215	201	12228	61140	12228	68536229
-20933	-2968	10285	2381	733	624	-35	216	199	12229	61145	12229	68536258
-20938	-2935	9825	1763	1018	585	-33	219	193	12230	61150	12230	68536271
-21022	-2865	9654	1311	1206	656	-33	218	194	12231	61155	12231	68536271
-20977	-2681	9931	1072	1262	738	-33	213	197	12232	61160	12232	68536271
-21056	-2442	9655	841	1365	705	-33	214	196	12233	61165	12233	68536272
-20869	-2224	9175	331	1595	653	-31	217	193	12234	61170	12234	68536272
-20761	-1767	8982	-34	1817	519	-30	216	193	12235	61175	12235	68536275
-20858	-1137	8983	-87	1941	434	-28	214	194	12236	61180	12236	68536292
-21043	-496	8876	85	1960	413	-29	214	194	12237	61185	12237	68536311
-21151	-14	8700	241	2003	361	-31	215	195	12238	61190	12238	68536311
-21081	334	8650	224	2202	240	-33	217	194	12239	61195	12239	68536311
-20934	673	8838	232	2500	101	-35	219	193	12240	61200	12240	68536311
-20617	684	8967	625	2717	2	-32	217	191	12241	61205	12241	68536311
-20630	368	8489	1493	2826	-106	-28	214	188	12242	61210	12242	68536311
-20535	-323	7813	2132	2784	-118	-27	213	191	12243	61215	12243	68536315
-20467	-746	7980	2090	2784	-218	-27	213	193	12244	61220	12244	68536337
-20342	-916	8708	1744	2898	-326	-26	210	191	12245	61225	12245	68536350
-20198	-1068	9388	1587	3073	-429	-26	208	190	12246	61230	12246	68536350
-19953	-1296	9633	1734	3265	-565	-24	209	186	12247	61235	12247	68536350
-19751	-1414	9533	1870	3541	-764	-23	209	183	12248	61240	12248	68536350
-19678	-1428	9282	1839	3853	-945	-25	210	183	12249	61245	12249	68536350
-19720	-1398	9000	1619	4058	-989	-28	212	182	12250	61250	12250	68536351
-19544	-1453	9060	1360	4055	-997	-25	211	181	12251	61255	12251	68536351
-19618	-1368	9581	1079	4076	-1283	-23	211	181	12252	61260	12252	68536351
-19763	-1303	10208	900	3945	-1397	-22	209	181	12253	61265	12253	68536351
-19790	-1485	10621	947	3742	-1259	-21	207	181	12254	61270	12254	68536374
-19778	-1776	10438	978	3796	-1294	-22	209	180	12255	61275	12255	68536390
-19559	-2058	10204	606	4045	-1415	-22	210	180	12256	61280	12256	68536390
-19072	-2222	10416	123	4254	-1493	-20	210	179	12257	61285	12257	68536390
-18747	-2355	11118	-144	4212	-1538	-18	210	178	12258	61290	12258	68536390
-18372	-2624	11530	-217	3902	-1418	-20	209	176	12259	61295	12259	68536390
-18179	-2782	11647	-469	3687	-1525	-21	209	175	12260	61300	12260	68536390
-18286	-2686	11651	-926	3622	-1769	-18	211	175	12261	61305	12261	68536390
-18352	-2640	11917	-1311	3573	-1940	-17	211	175	12262	61310	12262	68536420
-18360	-2471	12102	-1494	3440	-2051	-14	206	175	12263	61315	12263	68536427
-18411	-2216	12505	-1660	3264	-2117	-13	205	175	12264	61320	12264	68536427
-18338	-2088	12753	-1875	3096	-2075	-19	207	171	12265	61325	12265	68536427
-18604	-1902	12829	-2069	2845	-2109	-20	208	170	12266	61330	12266	68536428
-19114	-1792	12978	-2098	2553	-2034	-13	205	169	12267	61335	12267	68536428
-19106	-1816	13126	-2074	2488	-1844	-13	205	169	12268	61340	12268	68536428
-19180	-1858	13352	-1981	2679	-1935	-7	211	169	12269	61345	12269	68536428
-19250	-1970	13032	-2084	2579	-1847	-7	211	169	12270	61350	12270	68536455
-19180	-1976	12396	-2599	2582	-1663	-5	207	171	12271	61355	12271	68536465
-18734	-2120	11956	-3397	2856	-1218	-5	207	171	12272	61360	12272	68536465
-19258	-1612	11454	-4215	2518	-1264	-9	199	167	12273	61365	12273	68536465
-19040	-1294	11228	-4921	1966	-1145	-9	199	167	12274	61370	12274	68536465
-18759	-1087	11481	-5430	1467	-1004	-5	203	167	12275	61375	12275	68536465
-18554	-763	12041	-5714	1014	-986	-5	201	167	12276	61380	12276	68536467
-18184	-608	12449	-5747	493	-824	-7	195	165	12277	61385	12277	68536481
-17966	-620	12796	-5551	107	-636	-7	195	165	12278	61390	12278	68536509
-18254	70	13142	-5245	-432	-1112	-3	199	159	12279	61395	12279	68536514
-17784	320	13154	-4778	-687	-900	-3	199	159	12280	61400	12280	68536515
-17040	-36	12240	-4405	-886	-557	1	199	163	12281	61405	12281	68536515
-16622	-258	10588	-4320	-1266	-622	1	199	163	12282	61410	12282	68536515
-15962	-536	9280	-4379	-1649	-524	4	196	168	12283	61415	12283	68536520
-15143	-531	8966	-4738	-2150	-437	5	196	167	12284	61420	12284	68536522
-15062	-14	8868	-5274	-2784	-406	7	197	163	12285	61425	12285	68536526
-15030	516	8300	-5787	-3401	-113	6	197	162	12286	61430	12286	68536543
-14644	1151	7904	-6203	-3831	276	4	196	160	12287	61435	12287	68536543
-14100	2014	8020	-6583	-4118	554	5	196	161	12288	61440	12288	68536544
-13477	2692	8306	-6640	-4443	802	7	195	163	12289	61445	12289	68536544
-12696	3059	8231	-6116	-4895	1004	7	195	164	12290	61450	12290	68536544
-11801	2982	7705	-5079	-5517	1201	9	193	169	12291	61455	12291	68536544
-10956	2725	6916	-3893	-6166	1311	9	190	166	12292	61460	12292	68536559
-10252	2280	5930	-3149	-6525	1420	8	186	162	12293	61465	12293	68536581
-9459	1943	5117	-2998	-6740	1571	8	190	162	12294	61470	12294	68536581
-8632	1736	4762	-3198	-6837	1691	9	195	161	12295	61475	12295	68536581
-7776	1878	4661	-3246	-6870	1752	8	193	161	12296	61480	12296	68536581
-6910	2172	4302	-3147	-6835	1758	7	191	161	12297	61485	12297	68536581
-6224	2274	3597	-3285	-6719	1876	10	192	161	12298	61490	12298	68536581
-5753	2514	2674	-3684	-6609	2100	14	194	162	12299	61495	12299	68536581
-5481	2769	1808	-3731	-6644	2479	12	191	165	12300	61500	12300	68536594
-5464	2936	830	-2849	-6925	2836	10	188	168	12301	61505	12301	68536613
-5611	2818	25	-1736	-7003	3113	13	184	167	12302	61510	12302	68536618
-5754	2448	-270	-1198	-6713	3415	15	181	167	12303	61515	12303	68536618
-5984	2224	-116	-1480	-6306	3555	11	179	168	12304	61520	12304	68536619
-6198	2414	71	-2055	-5992	3557	9	177	169	12305	61525	12305	68536619
-6452	3026	-12	-2401	-5885	3619	11	181	168	12306	61530	12306	68536619
-6804	3778	13	-2523	-5856	3717	12	184	168	12307	61535	12307	68536623
-7349	4840	495	-2716	-5659	3781	13	183	170	12308	61540	12308	68536641
-8048	6046	1106	-2889	-5117	3821	13	181	171	12309	61545	12309	68536656
-8647	6724	1052	-2685	-4402	3953	8	182	169	12310	61550	12310	68536656
-9321	6993	658	-2453	-3604	4151	5	183	167	12311	61555	12311	68536656
-10042	7132	740	-2576	-2783	4372	8	179	170	12312	61560	12312	68536656
-10855	7412	1439	-2937	-1891	4578	10	176	172	12313	61565	12313	68536656
-11604	7774	2086	-3016	-907	4785	7	180	174	12314	61570	12314	68536656
-12155	7987	2366	-2312	20	5055	5	183	175	12315	61575	12315	68536671
-12341	7770	2242	-970	609	5415	3	181	172	12316	61580	12316	68536693
-12641	7093	2030	518	685	5821	2	180	170	12317	61585	12317	68536701
-12780	6110	2464	1286	323	6269	5	174	172	12318	61590	12318	68536701
-12800	5164	3223	1512	-16	6508	6	172	172	12319	61595	12319	68536701
-12796	3965	3883	1812	-93	6558	3	174	169	12320	61600	12320	68536701
-12661	2026	3907	2549	-186	6522	2	174	168	12321	61605	12321	68536701
-12830	-190	3535	3210	-554	6105	2	174	165	12322	61610	12322	68536719
-12643	-2084	3114	3402	-1034	5355	2	174	164	12323	61615	12323	68536735
-12266	-3416	3636	2803	-1395	4607	4	176	165	12324	61620	12324	68536738
-12340	-3640	5020	1390	-2030	3544	5	177	165	12325	61625	12325	68536738
-12948	-3422	5482	187	-3166	2904	-3	181	169	12326	61630	12326	68536739
-13876	-3422	5242	-752	-4484	2578	-3	181	169	12327	61635	12327	68536739
-14558	-2824	4386	-1160	-5467	1746	-4	174	168	12328	61640	12328	68536739
-14940	-2238	3460	-1452	-5587	1318	-4	174	168	12329	61645	12329	68536739
-14876	-944	3540	-2123	-5230	1178	2	176	172	12330	61650	12330	68536749
-14344	840	3522	-2853	-4999	1548	2	176	172	12331	61655	12331	68536790
-13650	2318	3498	-3373	-4731	2218	1	175	167	12332	61660	12332	68536791
-13280	3300	3590	-3272	-4484	2618	1	175	167	12333	61665	12333	68536793
-12702	3601	3376	-2459	-4498	3259	-4	166	158	12334	61670	12334	68536794
-12303	3431	3297	-1766	-4688	3825	-4	167	160	12335	61675	12335	68536794
-12628	2954	3260	-1188	-4915	4060	-1	171	167	12336	61680	12336	68536794
-13326	2850	3402	-906	-5399	3144	-1	171	167	12337	61685	12337	68536794
-13206	2436	3178	-389	-5234	3310	-9	175	167	12338	61690	12338	68536794
-14034	1498	3006	-179	-4940	3385	-9	175	167	12339	61695	12339	68536794
-14918	1826	2914	-262	-4943	2207	-3	171	173	12340	61700	12340	68536801
-14348	1964	3004	-53	-4358	2338	-3	171	173	12341	61705	12341	68536801
-14720	2256	3227	444	-4168	1724	-4	174	174	12342	61710	12342	68536801
-14901	2991	2996	422	-4366	588	-4	173	175	12343	61715	12343	68536801
-14220	3469	2570	325	-4014	341	-5	171	179	12344	61720	12344	68536801
-13448	2947	2536	323	-3319	478	-6	171	178	12345	61725	12345	68536801
-14503	3409	2292	415	-3441	-539	-9	173	173	12346	61730	12346	68536804
-15033	3992	2398	631	-3745	-1777	-9	173	173	12347	61735	12347	68536816
-15317	4107	2446	1178	-3661	-2124	-9	171	171	12348	61740	12348	68536838
-15363	3991	2773	1618	-3269	-1806	-9	170	172	12349	61745	12349	68536838
-14731	3992	3138	1940	-2854	-901	-8	168	178	12350	61750	12350	68536839
-15461	3966	3386	2111	-2869	-679	-7	170	176	12351	61755	12351	68536839
-15726	3834	3286	2251	-3042	-653	-6	172	172	12352	61760	12352	68536839
-15872	3401	2908	2372	-2935	45	-6	174	172	12353	61765	12353	68536843
-16067	3300	2691	2258	-2780	583	-5	177	171	12354	61770	12354	68536863
-16078	3512	3071	2202	-2618	987	-7	172	171	12355	61775	12355	68536885
-15949	3970	3470	2388	-2538	1116	-10	164	172	12356	61780	12356	68536885
-15678	4113	3662	2642	-2492	1194	-9	166	170	12357	61785	12357	68536885
-15962	4037	3697	2651	-2482	1174	-7	169	167	12358	61790	12358	68536886
-16551	3998	3480	2207	-2564	1152	-4	167	174	12359	61795	12359	68536886
-16728	4087	3421	1649	-2465	1201	-2	166	178	12360	61800	12360	68536886
-16646	4518	3521	1394	-2243	1115	-2	167	177	12361	61805	12361	68536900
-16496	5118	3643	1352	-2013	934	-3	168	174	12362	61810	12362	68536924
-16155	5717	3967	1615	-1845	896	-6	166	171	12363	61815	12363	68536936
-15814	6044	4511	2066	-1729	934	-8	164	170	12364	61820	12364	68536938
-15714	5901	4804	2371	-1811	1004	-4	164	171	12365	61825	12365	68536938
-15727	5445	4802	2557	-2033	1044	1	163	171	12366	61830	12366	68536938
-15235	4760	4475	2731	-2020	1127	-4	169	170	12367	61835	12367	68536939
-15352	3473	4721	2933	-1302	1444	-8	174	168	12368	61840	12368	68536939
-16364	2740	4919	3276	-1143	752	-10	171	170	12369	61845	12369	68536952
-16446	2194	4725	3862	-990	236	-11	169	171	12370	61850	12370	68536967
-16177	1418	4667	4543	-312	89	-10	173	175	12371	61855	12371	68536971
-16041	388	4470	5057	213	-105	-9	175	177	12372	61860	12372	68536971
-16004	-540	3877	5199	225	-351	-11	171	174	12373	61865	12373	68536971
-16348	-1350	3148	4984	53	-578	-12	168	172	12374	61870	12374	68536971
-16919	-2062	2564	4346	-50	-711	-9	168	174	12375	61875	12375	68536971
-17172	-2309	2555	3615	209	-948	-8	168	174	12376	61880	12376	68536979
-16894	-2343	3077	3111	723	-1123	-15	166	172	12377	61885	12377	68537003
-16883	-2160	3903	2633	1060	-1151	-17	165	171	12378	61890	12378	68537009
-16588	-2116	4507	2018	839	-925	-14	170	169	12379	61895	12379	68537009
-16009	-1956	5041	1174	642	-650	-13	171	169	12380	61900	12380	68537009
-15465	-1766	5606	390	603	-490	-16	174	174	12381	61905	12381	68537009
-14982	-1693	5632	-53	543	-423	-17	175	175	12382	61910	12382	68537009
-14782	-1646	4996	-336	527	-358	-13	171	165	12383	61915	12383	68537009
-14318	-1494	3746	-671	610	-276	-12	170	162	12384	61920	12384	68537009
-14098	-828	3134	-1061	922	-230	-7	173	173	12385	61925	12385	68537009
-13990	26	3154	-1582	1263	-114	-7	173	173	12386	61930	12386	68537017
-14160	1338	3698	-2154	1377	17	-10	172	168	12387	61935	12387	68537046
-14670	2544	4050	-2541	1300	215	-10	172	168	12388	61940	12388	68537046
-15416	3548	3854	-2835	1208	457	-10	178	168	12389	61945	12389	68537046
-15044	4236	3148	-2892	1597	1245	-10	178	168	12390	61950	12390	68537046
-15886	3360	3686	-2907	2497	2469	-12	180	168	12391	61955	12391	68537046
-17357	3913	3371	-3037	2269	1208	-13	178	168	12392	61960	12392	68537047
-16760	3650	3729	-2961	2852	1311	-19	171	167	12393	61965	12393	68537053
-16162	3440	4064	-2771	3489	1396	-19	171	167	12394	61970	12394	68537082
-15778	3146	4112	-2424	3609	1372	-12	172	162	12395	61975	12395	68537082
-15996	2696	3500	-2043	3296	1166	-12	172	162	12396	61980	12396	68537082
-16590	2760	2998	-1635	2954	915	-12	174	158	12397	61985	12397	68537082
-16728	3184	2992	-1116	2809	778	-12	174	158	12398	61990	12398	68537082
-16796	4072	3578	-339	2724	653	-16	174	160	12399	61995	12399	68537082
-16340	5010	4208	470	2337	672	-15	176	161	12400	62000	12400	68537084
-16161	5442	4718	865	2016	722	-11	183	165	12401	62005	12401	68537106
-16296	5829	4929	838	1681	713	-11	181	166	12402	62010	12402	68537157
-16320	5900	5004	690	1469	701	-11	175	169	12403	62015	12403	68537158
-16162	5376	5231	790	1526	748	-11	175	168	12404	62020	12404	68537158
-16182	4711	4961	1014	1562	530	-11	175	165	12405	62025	12405	68537158
-15988	3766	4620	1380	1805	134	-11	176	165	12406	62030	12406	68537158
-16521	3073	4072	2266	2104	-406	-10	178	166	12407	62035	12407	68537161
-16708	2320	3476	3104	1961	-681	-11	178	164	12408	62040	12408	68537175
-16522	2153	3244	3273	1836	-936	-12	176	156	12409	62045	12409	68537195
-16440	2515	3808	2974	1949	-1067	-14	180	154	12410	62050	12410	68537195
-16397	3015	4706	2573	1902	-1069	-16	186	152	12411	62055	12411	68537195
-16464	3284	5282	2209	1508	-942	-14	184	158	12412	62060	12412	68537195
-16597	3124	5518	2078	1126	-777	-12	182	166	12413	62065	12413	68537196
-16586	2477	5564	2260	1040	-695	-10	181	164	12414	62070	12414	68537196
-16372	1817	5640	2621	1116	-696	-8	180	160	12415	62075	12415	68537196
-15992	1479	5686	2979	1122	-699	-10	182	159	12416	62080	12416	68537196
-15530	1688	5661	3272	968	-680	-12	186	158	12417	62085	12417	68537196
-15317	2376	5548	3440	726	-672	-13	181	159	12418	62090	12418	68537196
-15272	2926	5414	3515	451	-688	-13	177	159	12419	62095	12419	68537196
-15393	3394	5253	3418	199	-736	-13	178	158	12420	62100	12420	68537196
-15654	3626	5388	3072	14	-813	-13	179	157	12421	62105	12421	68537201
-15903	3631	5592	2658	-88	-891	-12	179	157	12422	62110	12422	68537205
-16085	3561	5653	2294	-120	-979	-10	178	156	12423	62115	12423	68537211
-16172	3345	5394	2165	-61	-1065	-10	180	154	12424	62120	12424	68537227
-16096	2965	5000	2470	92	-1099	-10	182	152	12425	62125	12425	68537239
-15862	2653	4964	2906	141	-1076	-14	181	154	12426	62130	12426	68537239
-15771	2454	5024	3172	-134	-1022	-17	181	155	12427	62135	12427	68537239
-15986	2425	5104	3302	-659	-986	-17	181	157	12428	62140	12428	68537240
-16418	2622	5109	3371	-1093	-1007	-17	181	159	12429	62145	12429	68537240
-16718	2937	5084	3519	-1174	-1076	-13	182	158	12430	62150	12430	68537240
-16556	3130	5132	3762	-997	-1123	-11	183	157	12431	62155	12431	68537261
-16227	3190	5318	3873	-949	-1131	-13	183	157	12432	62160	12432	68537275
-16147	3122	5179	3557	-1086	-1080	-15	183	157	12433	62165	12433	68537276
-16096	2875	4509	2802	-966	-1098	-19	176	155	12434	62170	12434	68537276
-15968	2697	3816	2128	-691	-1251	-20	174	154	12435	62175	12435	68537276
-15726	2570	3904	2025	-401	-1465	-18	174	157	12436	62180	12436	68537276
-15490	2354	4565	2559	-254	-1626	-18	174	158	12437	62185	12437	68537277
-15418	1933	5236	3477	-409	-1697	-16	178	151	12438	62190	12438	68537277
-15471	1501	5286	4521	-731	-1710	-15	179	149	12439	62195	12439	68537278
-15724	894	4872	5245	-950	-1704	-13	183	156	12440	62200	12440	68537301
-16192	532	4657	5230	-899	-1741	-12	184	158	12441	62205	12441	68537313
-16712	500	4866	4474	-570	-1798	-20	178	156	12442	62210	12442	68537314
-16840	740	5150	3773	-278	-1829	-20	178	156	12443	62215	12443	68537315
-16888	1046	5500	3300	-66	-1906	-13	179	153	12444	62220	12444	68537315
-16802	888	5530	3074	-168	-1804	-13	179	153	12445	62225	12445	68537315
-16414	966	5498	2866	-419	-1700	-13	185	151	12446	62230	12446	68537315
-16244	1230	5488	2635	-616	-1625	-13	185	151	12447	62235	12447	68537326
-16010	1504	5464	2357	-876	-1489	-16	182	158	12448	62240	12448	68537352
-15764	1830	5458	2019	-1120	-1361	-16	182	158	12449	62245	12449	68537352
-15542	2351	5539	1760	-1362	-1233	-14	182	154	12450	62250	12450	68537352
-15584	2676	5694	1679	-1486	-1204	-14	182	154	12451	62255	12451	68537352
-15610	2868	5664	1688	-1560	-1102	-13	177	153	12452	62260	12452	68537352
-15682	3032	5674	1637	-1531	-1037	-13	177	153	12453	62265	12453	68537352
-15880	3150	5776	1444	-1477	-1062	-14	186	152	12454	62270	12454	68537352
-15918	3122	5978	1341	-1441	-1122	-14	186	152	12455	62275	12455	68537364
-16236	2918	6050	1379	-1403	-1344	-16	182	150	12456	62280	12456	68537403
-16466	2412	6110	1599	-1416	-1453	-16	182	150	12457	62285	12457	68537403
-16638	2054	6266	1740	-1468	-1575	-14	184	156	12458	62290	12458	68537404
-16537	1971	6261	1604	-1475	-1666	-14	184	155	12459	62295	12459	68537404
-16410	2052	6422	1386	-1415	-1720	-13	183	153	12460	62300	12460	68537404
-16165	2243	6440	1244	-1357	-1692	-14	182	154	12461	62305	12461	68537404
-15821	2408	6566	1181	-1230	-1615	-16	176	160	12462	62310	12462	68537416
-15647	2445	6569	1117	-1107	-1512	-15	177	159	12463	62315	12463	68537463
-15707	2411	6552	1004	-1098	-1389	-12	180	154	12464	62320	12464	68537464
-15848	2255	6449	884	-1198	-1211	-13	180	153	12465	62325	12465	68537464
-15942	2097	6336	767	-1290	-1005	-18	178	148	12466	62330	12466	68537464
-15999	1966	6126	658	-1298	-809	-17	179	152	12467	62335	12467	68537464
-16004	1799	6161	597	-1254	-678	-15	181	157	12468	62340	12468	68537465
-16022	1551	6284	546	-1191	-559	-13	180	155	12469	62345	12469	68537465
-16033	1441	6402	453	-1155	-434	-11	179	153	12470	62350	12470	68537465
-16048	1394	6569	362	-1141	-341	-13	181	154	12471	62355	12471	68537471
-15926	1262	6664	355	-1132	-282	-17	183	155	12472	62360	12472	68537481
-15795	940	6681	414	-1080	-281	-15	184	155	12473	62365	12473	68537482
-15694	486	6619	407	-1014	-309	-11	185	155	12474	62370	12474	68537482
-15451	47	6675	198	-962	-350	-11	182	155	12475	62375	12475	68537483
-15195	-222	6711	-192	-930	-419	-11	179	155	12476	62380	12476	68537484
-15066	-253	6710	-601	-975	-465	-12	184	156	12477	62385	12477	68537484
-15118	-201	6513	-970	-1075	-496	-13	187	157	12478	62390	12478	68537484
-15218	-59	6296	-1257	-1156	-518	-11	182	157	12479	62395	12479	68537484
-15361	118	6103	-1442	-1187	-533	-9	179	157	12480	62400	12480	68537487
-15535	366	5948	-1581	-1190	-545	-10	180	154	12481	62405	12481	68537512
-15682	791	6004	-1716	-1188	-539	-11	181	149	12482	62410	12482	68537544
-15785	1248	6159	-1868	-1240	-478	-13	179	153	12483	62415	12483	68537545
-15901	1545	6173	-2068	-1343	-404	-15	177	157	12484	62420	12484	68537545
-15950	1707	6177	-2245	-1402	-343	-13	180	156	12485	62425	12485	68537545
-15925	1694	6209	-2329	-1385	-283	-12	182	156	12486	62430	12486	68537545
-15827	1717	6247	-2293	-1338	-252	-13	182	160	12487	62435	12487	68537545
-15742	1737	6155	-2169	-1326	-255	-14	182	162	12488	62440	12488	68537545
