-15800	-2816	-375	-6502	-1049	-3199	-511	68	-117	3907	19535	3907	69602666
-16107	-2657	-528	-6544	-1195	-3186	-511	67	-117	3908	19540	3908	69602666
-16375	-2466	-613	-6565	-1218	-3165	-509	66	-115	3909	19545	3909	69602666
-16668	-2292	-767	-6556	-1118	-3099	-508	66	-114	3910	19550	3910	69602666
-16891	-2088	-920	-6520	-955	-3011	-512	68	-113	3911	19555	3911	69602672
-17081	-1812	-1038	-6460	-699	-2903	-513	69	-113	3912	19560	3912	69602697
-17210	-1586	-1136	-6309	-351	-2729	-512	66	-118	3913	19565	3913	69602704
-17398	-1372	-1116	-6148	-80	-2566	-512	66	-118	3914	19570	3914	69602704
-17434	-1234	-1212	-5921	124	-2391	-515	61	-117	3915	19575	3915	69602705
-17472	-1110	-1090	-5681	196	-2191	-515	61	-117	3916	19580	3916	69602705
-17546	-1014	-1004	-5426	140	-1973	-511	69	-117	3917	19585	3917	69602705
-17730	-952	-956	-5131	-30	-1769	-511	69	-117	3918	19590	3918	69602706
-17812	-826	-922	-4775	-250	-1542	-507	73	-113	3919	19595	3919	69602706
-17970	-744	-942	-4360	-461	-1313	-507	73	-113	3920	19600	3920	69602741
-18018	-748	-956	-3850	-627	-1097	-508	64	-116	3921	19605	3921	69602741
-18002	-676	-1042	-3188	-726	-839	-508	66	-117	3922	19610	3922	69602741
-17938	-690	-1139	-2678	-750	-667	-507	73	-119	3923	19615	3923	69602741
-17812	-757	-1267	-2293	-748	-575	-507	72	-118	3924	19620	3924	69602742
-17702	-770	-1212	-2058	-738	-525	-509	69	-115	3925	19625	3925	69602742
-17510	-706	-1244	-1905	-733	-492	-509	69	-115	3926	19630	3926	69602742
-17514	-688	-1192	-1841	-742	-507	-507	69	-107	3927	19635	3927	69602749
-17378	-732	-1056	-1846	-721	-500	-507	69	-107	3928	19640	3928	69602778
-17266	-832	-1050	-1938	-690	-522	-503	75	-107	3929	19645	3929	69602779
-17110	-848	-1091	-2072	-629	-544	-505	73	-108	3930	19650	3930	69602779
-17009	-992	-948	-2189	-533	-544	-511	67	-113	3931	19655	3931	69602779
-16913	-1091	-1034	-2290	-398	-563	-510	68	-113	3932	19660	3932	69602779
-16795	-1243	-1037	-2367	-238	-591	-508	72	-114	3933	19665	3933	69602780
-16636	-1423	-1094	-2435	-45	-607	-508	72	-114	3934	19670	3934	69602787
-16537	-1623	-1110	-2473	129	-616	-510	70	-116	3935	19675	3935	69602815
-16444	-1790	-1048	-2482	270	-621	-510	70	-115	3936	19680	3936	69602816
-16382	-1926	-966	-2434	382	-613	-508	72	-112	3937	19685	3937	69602816
-16392	-2047	-1010	-2320	487	-583	-508	73	-114	3938	19690	3938	69602816
-16390	-2196	-976	-2145	601	-518	-508	74	-118	3939	19695	3939	69602816
-16360	-2296	-943	-1988	703	-461	-506	72	-116	3940	19700	3940	69602816
-16340	-2373	-976	-1863	780	-399	-504	68	-114	3941	19705	3941	69602819
-16334	-2438	-1007	-1775	830	-350	-506	71	-116	3942	19710	3942	69602836
-16273	-2498	-943	-1729	846	-330	-508	76	-118	3943	19715	3943	69602855
-16254	-2574	-872	-1705	831	-318	-508	75	-117	3944	19720	3944	69602855
-16202	-2588	-815	-1664	777	-297	-509	73	-115	3945	19725	3945	69602856
-16187	-2650	-821	-1595	693	-282	-508	71	-116	3946	19730	3946	69602856
-16197	-2725	-863	-1511	626	-255	-507	69	-117	3947	19735	3947	69602857
-16225	-2771	-888	-1430	600	-210	-507	68	-117	3948	19740	3948	69602857
-16262	-2850	-981	-1383	606	-159	-506	66	-116	3949	19745	3949	69602864
-16273	-2910	-1056	-1417	631	-108	-506	69	-116	3950	19750	3950	69602881
-16282	-2928	-1018	-1514	661	-49	-507	73	-115	3951	19755	3951	69602891
-16246	-2988	-938	-1631	690	-1	-509	71	-113	3952	19760	3952	69602891
-16240	-3110	-722	-1753	700	45	-513	67	-109	3953	19765	3953	69602891
-16253	-3233	-601	-1882	670	87	-511	70	-111	3954	19770	3954	69602891
-16255	-3327	-501	-2024	597	130	-509	75	-115	3955	19775	3955	69602891
-16275	-3532	-317	-2151	499	168	-508	74	-113	3956	19780	3956	69602899
-16304	-3709	-252	-2224	380	210	-507	73	-111	3957	19785	3957	69602921
-16332	-3826	-171	-2254	249	245	-507	74	-113	3958	19790	3958	69602932
-16444	-3982	-110	-2237	154	277	-507	75	-115	3959	19795	3959	69602932
-16553	-4129	-169	-2199	111	321	-503	74	-113	3960	19800	3960	69602932
-16630	-4216	-238	-2178	119	364	-500	74	-112	3961	19805	3961	69602932
-16688	-4248	-261	-2179	201	392	-507	75	-110	3962	19810	3962	69602932
-16678	-4233	-296	-2208	368	425	-511	75	-109	3963	19815	3963	69602933
-16705	-4144	-314	-2234	537	442	-509	72	-111	3964	19820	3964	69602933
-16632	-4114	-284	-2242	675	448	-509	71	-111	3965	19825	3965	69602965
-16695	-4013	-257	-2255	760	466	-507	74	-111	3966	19830	3966	69602973
-16718	-3942	-180	-2268	800	477	-507	75	-111	3967	19835	3967	69602973
-16674	-3837	-165	-2287	807	498	-506	73	-116	3968	19840	3968	69602973
-16663	-3716	-196	-2323	784	532	-506	72	-118	3969	19845	3969	69602973
-16653	-3617	-212	-2388	728	561	-507	73	-117	3970	19850	3970	69602973
-16602	-3479	-173	-2485	627	582	-507	73	-117	3971	19855	3971	69602974
-16550	-3412	-72	-2605	510	620	-509	75	-116	3972	19860	3972	69602974
-16497	-3447	-32	-2703	392	641	-510	76	-116	3973	19865	3973	69602996
-16505	-3442	36	-2779	298	661	-504	74	-112	3974	19870	3974	69603015
-16452	-3483	62	-2804	248	688	-503	73	-111	3975	19875	3975	69603020
-16358	-3558	133	-2802	250	711	-510	71	-118	3976	19880	3976	69603020
-16204	-3633	161	-2783	335	749	-512	70	-120	3977	19885	3977	69603020
-16037	-3771	191	-2777	447	770	-510	76	-116	3978	19890	3978	69603020
-15822	-3920	257	-2799	600	783	-509	77	-115	3979	19895	3979	69603020
-15558	-4166	328	-2852	770	800	-511	73	-111	3980	19900	3980	69603020
-15446	-4236	166	-2886	832	806	-511	73	-111	3981	19905	3981	69603030
-15330	-4326	372	-2927	824	810	-510	74	-116	3982	19910	3982	69603064
-15204	-4432	402	-2960	747	824	-510	74	-116	3983	19915	3983	69603064
-15242	-4506	356	-3002	662	863	-508	74	-114	3984	19920	3984	69603064
-15180	-4682	316	-3046	545	903	-508	74	-114	3985	19925	3985	69603065
-15284	-4716	298	-3095	446	955	-508	74	-114	3986	19930	3986	69603065
-15408	-4728	136	-3160	379	1004	-508	74	-114	3987	19935	3987	69603065
-15532	-4752	92	-3229	346	1054	-508	76	-114	3988	19940	3988	69603066
-15697	-4653	-63	-3330	361	1116	-508	76	-113	3989	19945	3989	69603066
-15782	-4686	-68	-3394	389	1168	-509	77	-109	3990	19950	3990	69603066
-15950	-4666	-122	-3465	443	1229	-509	77	-109	3991	19955	3991	69603113
-15986	-4626	-44	-3536	486	1280	-509	73	-117	3992	19960	3992	69603114
-16102	-4504	-92	-3572	518	1345	-509	73	-117	3993	19965	3993	69603114
-16232	-4514	-156	-3582	543	1404	-509	71	-117	3994	19970	3994	69603114
-16294	-4300	-56	-3529	580	1472	-509	71	-117	3995	19975	3995	69603114
-16384	-4186	-154	-3425	665	1516	-512	82	-112	3996	19980	3996	69603115
-16446	-4027	-217	-3258	764	1581	-510	80	-111	3997	19985	3997	69603115
-16450	-3843	-206	-3139	810	1639	-504	74	-106	3998	19990	3998	69603130
-16520	-3692	-178	-3038	817	1673	-505	74	-107	3999	19995	3999	69603191
-16640	-3494	-194	-2968	801	1688	-509	75	-113	4000	20000	4000	69603192
-16752	-3382	-209	-2925	757	1672	-510	74	-114	4001	20005	4001	69603192
-16846	-3281	-146	-2868	729	1646	-514	70	-116	4002	20010	4002	69603193
-16976	-3250	-27	-2759	693	1625	-513	71	-116	4003	20015	4003	69603193
-17040	-3158	7	-2575	653	1605	-510	74	-114	4004	20020	4004	69603194
-16998	-3092	-63	-2332	620	1602	-511	76	-114	4005	20025	4005	69603194
-16956	-3031	-74	-2108	586	1611	-512	78	-114	4006	20030	4006	69603198
-16889	-2976	-72	-1876	556	1620	-511	78	-115	4007	20035	4007	69603214
-16823	-2956	-46	-1650	517	1615	-509	77	-117	4008	20040	4008	69603231
-16756	-2873	-59	-1452	462	1601	-509	77	-116	4009	20045	4009	69603231
-16731	-2815	16	-1300	381	1584	-510	78	-114	4010	20050	4010	69603232
-16763	-2771	95	-1208	279	1572	-510	79	-114	4011	20055	4011	69603232
-16783	-2710	120	-1152	158	1568	-510	82	-114	4012	20060	4012	69603232
-16869	-2632	209	-1083	8	1541	-510	81	-114	4013	20065	4013	69603233
-16961	-2595	369	-963	-132	1525	-511	77	-113	4014	20070	4014	69603233
-16984	-2568	550	-854	-247	1517	-512	76	-115	4015	20075	4015	69603233
-16994	-2567	671	-775	-383	1509	-513	75	-119	4016	20080	4016	69603236
-17041	-2511	785	-711	-524	1492	-514	76	-117	4017	20085	4017	69603253
-17078	-2356	898	-654	-680	1475	-515	77	-113	4018	20090	4018	69603273
-17096	-2202	1003	-625	-842	1457	-513	77	-115	4019	20095	4019	69603273
-17164	-2093	1058	-631	-958	1437	-509	77	-117	4020	20100	4020	69603273
-17183	-1982	1088	-687	-990	1407	-512	80	-117	4021	20105	4021	69603273
-17207	-1871	1101	-759	-925	1371	-515	83	-117	4022	20110	4022	69603273
-17282	-1772	1095	-830	-787	1332	-512	79	-114	4023	20115	4023	69603273
-17293	-1665	1106	-908	-606	1296	-510	76	-112	4024	20120	4024	69603273
-17293	-1620	1095	-983	-409	1240	-512	78	-111	4025	20125	4025	69603273
-17287	-1617	1183	-1058	-250	1159	-514	80	-110	4026	20130	4026	69603274
-17303	-1596	1352	-1149	-198	1059	-507	77	-111	4027	20135	4027	69603274
-17318	-1592	1470	-1254	-252	936	-503	75	-111	4028	20140	4028	69603274
-17446	-1560	1552	-1365	-378	797	-507	79	-113	4029	20145	4029	69603281
-17616	-1437	1634	-1495	-539	624	-510	82	-114	4030	20150	4030	69603285
-17777	-1350	1610	-1626	-636	433	-511	81	-116	4031	20155	4031	69603285
-17989	-1205	1389	-1762	-650	250	-511	81	-117	4032	20160	4032	69603285
-18106	-983	1312	-1869	-561	78	-513	79	-118	4033	20165	4033	69603304
-18180	-743	1284	-1952	-397	-105	-514	78	-118	4034	20170	4034	69603313
-18290	-417	1261	-1990	-185	-273	-515	78	-117	4035	20175	4035	69603313
-18474	-61	1263	-1968	-2	-406	-516	78	-116	4036	20180	4036	69603313
-18742	268	1248	-1880	143	-480	-512	80	-116	4037	20185	4037	69603313
-19284	746	1159	-1748	259	-498	-510	82	-116	4038	20190	4038	69603313
-19976	1307	1132	-1667	302	-464	-508	80	-117	4039	20195	4039	69603313
-20695	1892	953	-1730	260	-376	-507	79	-117	4040	20200	4040	69603313
-21526	2517	631	-2039	140	-266	-509	82	-112	4041	20205	4041	69603336
-22311	3239	288	-2621	-31	-166	-509	83	-111	4042	20210	4042	69603349
-23118	4090	-143	-3418	-166	-101	-512	83	-111	4043	20215	4043	69603351
-23724	4829	-439	-4258	-227	-64	-513	83	-111	4044	20220	4044	69603352
-24148	5444	-599	-4940	-161	-40	-509	79	-112	4045	20225	4045	69603352
-24240	5732	-652	-5366	48	-38	-508	78	-112	4046	20230	4046	69603353
-23934	5626	-662	-5513	423	-52	-513	83	-113	4047	20235	4047	69603353
-23240	5496	-608	-5395	677	-87	-513	83	-113	4048	20240	4048	69603353
-22354	5350	-366	-5127	744	-126	-509	81	-111	4049	20245	4049	69603362
-21436	5098	-152	-4747	668	-168	-509	81	-111	4050	20250	4050	69603388
-20584	4918	-62	-4243	445	-254	-511	83	-113	4051	20255	4051	69603389
-19680	4686	-132	-3708	214	-312	-511	83	-113	4052	20260	4052	69603389
-18814	4566	-96	-3144	86	-336	-508	88	-112	4053	20265	4053	69603389
-18074	4368	-96	-2540	118	-328	-508	88	-112	4054	20270	4054	69603389
-17104	4258	-182	-1792	402	-216	-511	81	-111	4055	20275	4055	69603390
-16456	4238	-42	-1303	687	-54	-511	81	-111	4056	20280	4056	69603390
-15660	4380	104	-778	1079	258	-506	86	-118	4057	20285	4057	69603407
-14858	4508	66	-375	1457	698	-506	86	-118	4058	20290	4058	69603424
-14076	4740	34	-105	1750	1235	-509	91	-117	4059	20295	4059	69603424
-13378	5014	-166	51	1879	1849	-509	91	-117	4060	20300	4060	69603425
-12896	5356	-218	100	1827	2524	-500	88	-116	4061	20305	4061	69603425
-12560	5786	-270	108	1641	3250	-500	88	-116	4062	20310	4062	69603425
-12336	6160	-502	184	1417	3993	-506	90	-114	4063	20315	4063	69603425
-12275	6534	-654	361	1103	4835	-507	89	-114	4064	20320	4064	69603433
-12333	6662	-836	564	849	5474	-511	83	-115	4065	20325	4065	69603463
-12524	6618	-1155	785	616	5993	-511	82	-114	4066	20330	4066	69603463
-12758	6526	-1380	987	462	6365	-510	76	-112	4067	20335	4067	69603463
-13101	6413	-1658	1198	373	6573	-511	78	-113	4068	20340	4068	69603464
-13534	6219	-1666	1506	331	6627	-517	85	-115	4069	20345	4069	69603464
-13948	5838	-1794	1952	289	6532	-517	85	-115	4070	20350	4070	69603465
-14342	5335	-1947	2531	185	6299	-516	84	-116	4071	20355	4071	69603469
-14892	4732	-1950	3078	7	5916	-516	86	-115	4072	20360	4072	69603491
-15447	4118	-1870	3374	-200	5486	-515	89	-113	4073	20365	4073	69603504
-16026	3633	-1829	3453	-409	5013	-515	88	-115	4074	20370	4074	69603504
-16573	3205	-1761	3339	-598	4546	-516	86	-118	4075	20375	4075	69603505
-17151	2735	-1598	3087	-766	4113	-514	86	-114	4076	20380	4076	69603505
-17667	2291	-1450	2772	-899	3748	-510	86	-108	4077	20385	4077	69603505
-18085	1871	-1376	2412	-995	3426	-511	86	-110	4078	20390	4078	69603505
-18360	1389	-1137	1857	-1003	3103	-516	86	-118	4079	20395	4079	69603514
-18530	917	-909	1197	-862	2868	-515	84	-117	4080	20400	4080	69603542
-18557	570	-692	592	-633	2736	-514	80	-116	4081	20405	4081	69603542
-18492	298	-348	-31	-325	2660	-517	80	-114	4082	20410	4082	69603543
-18383	209	-42	-626	24	2619	-521	79	-111	4083	20415	4083	69603543
-18204	248	156	-1148	410	2624	-521	82	-115	4084	20420	4084	69603543
-17942	307	217	-1611	821	2677	-520	86	-120	4085	20425	4085	69603543
-17603	406	148	-2021	1221	2742	-520	84	-117	4086	20430	4086	69603544
-17208	595	-3	-2403	1572	2821	-520	80	-112	4087	20435	4087	69603548
-16758	871	-298	-2780	1897	2904	-520	79	-117	4088	20440	4088	69603566
-16304	1208	-558	-3095	2151	2942	-519	77	-121	4089	20445	4089	69603578
-15855	1542	-681	-3329	2315	2958	-520	79	-117	4090	20450	4090	69603578
-15490	1854	-784	-3503	2417	2947	-521	81	-115	4091	20455	4091	69603578
-15157	2145	-978	-3612	2454	2887	-521	81	-115	4092	20460	4092	69603578
-14895	2434	-1082	-3683	2411	2771	-521	81	-115	4093	20465	4093	69603578
-14706	2697	-1132	-3727	2260	2606	-520	82	-114	4094	20470	4094	69603585
-14548	2943	-1254	-3742	1981	2381	-519	83	-113	4095	20475	4095	69603605
-14541	3294	-1513	-3751	1546	2081	-519	83	-115	4096	20480	4096	69603616
-14641	3543	-1917	-3767	1145	1789	-519	83	-115	4097	20485	4097	69603616
-14830	3725	-2085	-3795	842	1511	-522	78	-118	4098	20490	4098	69603616
-14927	3905	-2131	-3773	642	1302	-523	77	-119	4099	20495	4099	69603616
-15091	4111	-2108	-3713	471	1095	-523	81	-118	4100	20500	4100	69603616
-15319	4297	-1963	-3606	333	902	-523	83	-117	4101	20505	4101	69603616
-15507	4435	-1772	-3461	233	744	-521	78	-118	4102	20510	4102	69603622
-15672	4480	-1537	-3249	157	607	-519	75	-119	4103	20515	4103	69603642
-15803	4477	-1282	-2984	79	497	-521	80	-117	4104	20520	4104	69603653
-15935	4388	-980	-2662	-34	422	-523	83	-115	4105	20525	4105	69603653
-16089	4318	-803	-2382	-150	373	-523	85	-118	4106	20530	4106	69603653
-16166	4148	-678	-2158	-245	364	-523	85	-119	4107	20535	4107	69603653
-16240	3985	-560	-1973	-313	378	-521	85	-119	4108	20540	4108	69603654
-16296	3797	-283	-1815	-336	400	-521	85	-119	4109	20545	4109	69603654
-16402	3630	-246	-1683	-317	439	-519	87	-117	4110	20550	4110	69603684
-16511	3470	-180	-1582	-259	486	-519	87	-117	4111	20555	4111	69603691
-16550	3262	-108	-1534	-173	528	-521	85	-116	4112	20560	4112	69603691
-16506	2926	-132	-1550	-41	585	-522	84	-116	4113	20565	4113	69603691
-16488	2720	-138	-1661	41	606	-522	80	-116	4114	20570	4114	69603691
-16400	2442	-210	-1807	98	580	-522	80	-116	4115	20575	4115	69603691
-16370	2308	-326	-1950	139	503	-522	86	-118	4116	20580	4116	69603691
-16368	2090	-422	-2077	201	387	-522	86	-118	4117	20585	4117	69603701
-16410	1876	-496	-2146	277	241	-523	79	-117	4118	20590	4118	69603741
-16412	1662	-476	-2173	358	86	-523	79	-117	4119	20595	4119	69603741
-16314	1478	-664	-2175	431	-70	-523	79	-113	4120	20600	4120	69603741
-16256	1326	-618	-2208	445	-268	-523	79	-113	4121	20605	4121	69603741
-16260	1228	-614	-2248	412	-475	-521	81	-117	4122	20610	4122	69603741
-16264	1218	-602	-2295	360	-686	-521	81	-117	4123	20615	4123	69603741
-16172	1334	-502	-2367	320	-929	-521	83	-117	4124	20620	4124	69603741
-16128	1338	-612	-2417	288	-1156	-521	83	-117	4125	20625	4125	69603778
-16118	1580	-562	-2515	281	-1356	-521	83	-115	4126	20630	4126	69603778
-15954	1658	-720	-2652	302	-1534	-521	83	-115	4127	20635	4127	69603778
-15862	1944	-766	-2834	341	-1681	-517	81	-111	4128	20640	4128	69603778
-15742	2120	-762	-3022	377	-1816	-517	81	-111	4129	20645	4129	69603779
-15600	2416	-800	-3184	396	-1949	-521	83	-111	4130	20650	4130	69603779
-15528	2629	-811	-3274	363	-2025	-520	83	-112	4131	20655	4131	69603779
-15574	2785	-738	-3327	302	-2075	-518	82	-114	4132	20660	4132	69603779
-15584	2955	-662	-3343	202	-2108	-518	82	-115	4133	20665	4133	69603779
-15591	3161	-564	-3330	63	-2110	-519	81	-117	4134	20670	4134	69603786
-15681	3245	-486	-3302	-100	-2080	-518	81	-116	4135	20675	4135	69603816
-15702	3293	-622	-3296	-254	-2036	-514	80	-114	4136	20680	4136	69603816
-15891	3328	-748	-3302	-354	-1968	-516	81	-114	4137	20685	4137	69603816
-16196	3272	-892	-3329	-366	-1903	-522	84	-114	4138	20690	4138	69603816
-16474	3295	-958	-3350	-254	-1823	-521	84	-114	4139	20695	4139	69603816
-16620	3264	-962	-3303	-58	-1751	-519	83	-115	4140	20700	4140	69603816
-16694	3252	-891	-3166	183	-1681	-520	83	-118	4141	20705	4141	69603820
-16784	3208	-786	-2970	425	-1609	-522	84	-122	4142	20710	4142	69603837
-16933	3139	-648	-2776	592	-1544	-519	83	-120	4143	20715	4143	69603853
-17046	3053	-582	-2595	669	-1491	-514	82	-116	4144	20720	4144	69603854
-17248	3059	-437	-2401	624	-1421	-514	82	-117	4145	20725	4145	69603854
-17523	3090	-308	-2224	464	-1344	-512	84	-122	4146	20730	4146	69603854
-17906	3096	-206	-2060	207	-1249	-514	84	-120	4147	20735	4147	69603854
-18279	3158	-255	-1922	17	-1170	-518	84	-116	4148	20740	4148	69603856
-18572	3186	-350	-1802	-73	-1089	-516	82	-115	4149	20745	4149	69603870
-18817	3228	-342	-1700	-35	-1012	-512	80	-114	4150	20750	4150	69603889
-18927	3313	-389	-1626	126	-933	-514	82	-113	4151	20755	4151	69603889
-18923	3358	-476	-1581	387	-858	-516	86	-112	4152	20760	4152	69603889
-18779	3408	-534	-1555	687	-784	-516	87	-112	4153	20765	4153	69603889
-18618	3392	-582	-1550	992	-731	-515	89	-113	4154	20770	4154	69603890
-18312	3334	-553	-1556	1310	-684	-516	88	-115	4155	20775	4155	69603890
-17892	3281	-551	-1553	1572	-640	-517	87	-117	4156	20780	4156	69603897
-17510	3183	-590	-1532	1746	-592	-516	85	-117	4157	20785	4157	69603919
-17117	3070	-647	-1489	1856	-564	-515	83	-117	4158	20790	4158	69603931
-16723	2851	-675	-1421	1912	-549	-516	87	-119	4159	20795	4159	69603931
-16266	2638	-666	-1355	1904	-541	-517	89	-121	4160	20800	4160	69603931
-15832	2386	-652	-1311	1834	-559	-516	88	-118	4161	20805	4161	69603931
-15480	2191	-668	-1311	1699	-578	-516	88	-116	4162	20810	4162	69603931
-15185	1996	-685	-1359	1466	-608	-515	91	-118	4163	20815	4163	69603931
-14957	1700	-680	-1439	1208	-666	-514	92	-118	4164	20820	4164	69603939
-14863	1473	-699	-1511	984	-710	-513	85	-118	4165	20825	4165	69603962
-14858	1260	-763	-1589	735	-757	-512	82	-118	4166	20830	4166	69603972
-14854	1050	-798	-1664	481	-821	-515	83	-115	4167	20835	4167	69603972
-14892	841	-812	-1729	230	-878	-517	83	-113	4168	20840	4168	69603972
-14967	695	-815	-1788	-15	-910	-516	87	-115	4169	20845	4169	69603972
-15064	581	-815	-1840	-263	-938	-516	90	-116	4170	20850	4170	69603972
-15251	493	-710	-1897	-589	-957	-517	86	-117	4171	20855	4171	69603972
-15415	408	-600	-1956	-918	-950	-517	85	-117	4172	20860	4172	69603979
-15750	403	-536	-2020	-1224	-937	-515	86	-113	4173	20865	4173	69603998
-16026	406	-474	-2101	-1476	-897	-514	86	-112	4174	20870	4174	69604002
-16354	440	-414	-2207	-1670	-854	-516	88	-116	4175	20875	4175	69604003
-16640	405	-269	-2327	-1795	-803	-517	89	-117	4176	20880	4176	69604003
-16923	504	-132	-2475	-1839	-730	-511	90	-116	4177	20885	4177	69604003
-17222	535	-58	-2632	-1817	-642	-510	90	-116	4178	20890	4178	69604003
-17420	605	136	-2782	-1740	-565	-511	86	-117	4179	20895	4179	69604004
-17610	670	300	-2952	-1586	-445	-511	85	-117	4180	20900	4180	69604004
-17730	784	382	-3060	-1381	-371	-517	87	-117	4181	20905	4181	69604040
-17764	774	466	-3140	-1163	-311	-517	87	-117	4182	20910	4182	69604040
-17760	806	360	-3220	-948	-250	-510	92	-108	4183	20915	4183	69604040
-17758	852	380	-3284	-722	-216	-510	92	-108	4184	20920	4184	69604040
-17666	802	328	-3312	-474	-234	-515	85	-115	4185	20925	4185	69604041
-17638	772	334	-3307	-249	-242	-515	85	-115	4186	20930	4186	69604041
-17526	789	312	-3280	-87	-265	-517	83	-113	4187	20935	4187	69604041
-17480	746	248	-3212	79	-308	-517	83	-113	4188	20940	4188	69604053
-17490	766	296	-3174	183	-345	-513	83	-111	4189	20945	4189	69604077
-17378	712	236	-3101	226	-396	-513	83	-111	4190	20950	4190	69604077
-17296	768	200	-2988	204	-429	-516	90	-110	4191	20955	4191	69604077
-17210	798	216	-2868	161	-446	-516	90	-110	4192	20960	4192	69604077
-17070	862	98	-2732	107	-458	-512	90	-110	4193	20965	4193	69604077
-17042	884	40	-2615	77	-440	-512	90	-110	4194	20970	4194	69604077
-16958	944	142	-2491	47	-396	-513	83	-115	4195	20975	4195	69604118
-16810	1020	-80	-2396	41	-348	-513	83	-115	4196	20980	4196	69604118
-16734	1216	-148	-2314	65	-263	-513	87	-111	4197	20985	4197	69604119
-16581	1338	-175	-2246	73	-168	-513	86	-112	4198	20990	4198	69604119
-16463	1460	-211	-2196	62	-70	-514	82	-114	4199	20995	4199	69604119
-16376	1638	-186	-2144	35	56	-514	82	-113	4200	21000	4200	69604120
-16283	1735	-203	-2107	-5	166	-516	84	-108	4201	21005	4201	69604122
-16188	1824	-218	-2094	-45	259	-515	83	-108	4202	21010	4202	69604137
-16138	1945	-227	-2067	-83	358	-513	81	-107	4203	21015	4203	69604158
-16125	2003	-197	-2022	-148	468	-513	81	-108	4204	21020	4204	69604158
-16070	2143	-119	-1939	-230	579	-512	82	-110	4205	21025	4205	69604158
-16066	2237	-23	-1831	-301	682	-513	84	-109	4206	21030	4206	69604158
-16088	2311	36	-1698	-378	791	-514	86	-108	4207	21035	4207	69604159
-16107	2393	65	-1540	-472	884	-513	85	-109	4208	21040	4208	69604159
-16200	2460	113	-1380	-575	983	-511	83	-111	4209	21045	4209	69604159
-16192	2543	208	-1175	-689	1108	-511	84	-112	4210	21050	4210	69604167
-16223	2541	157	-950	-807	1220	-509	87	-115	4211	21055	4211	69604198
-16201	2565	54	-736	-903	1332	-509	87	-115	4212	21060	4212	69604199
-16251	2479	28	-516	-969	1454	-511	89	-115	4213	21065	4213	69604199
-16300	2460	-26	-326	-1016	1575	-511	88	-112	4214	21070	4214	69604199
-16241	2457	-95	-184	-1043	1655	-512	86	-108	4215	21075	4215	69604199
-16198	2475	-75	-66	-1061	1712	-514	84	-108	4216	21080	4216	69604200
-16203	2590	13	42	-1093	1775	-517	81	-109	4217	21085	4217	69604200
-16145	2712	91	146	-1184	1857	-517	83	-111	4218	21090	4218	69604213
-16125	2860	237	253	-1344	1947	-517	87	-113	4219	21095	4219	69604233
-16156	3034	350	372	-1534	2047	-517	87	-113	4220	21100	4220	69604233
-16208	3241	445	507	-1750	2149	-518	88	-114	4221	21105	4221	69604233
-16328	3456	477	618	-1912	2228	-514	87	-115	4222	21110	4222	69604233
-16422	3603	388	732	-1966	2296	-512	86	-116	4223	21115	4223	69604233
-16480	3659	266	842	-1930	2361	-516	84	-115	4224	21120	4224	69604233
-16489	3630	192	930	-1836	2404	-518	82	-114	4225	21125	4225	69604240
-16538	3560	119	986	-1697	2428	-520	82	-112	4226	21130	4226	69604260
-16532	3431	-7	992	-1541	2417	-522	82	-110	4227	21135	4227	69604270
-16487	3328	-168	949	-1402	2383	-524	80	-109	4228	21140	4228	69604271
-16470	3250	-272	872	-1303	2335	-526	78	-108	4229	21145	4229	69604271
-16460	3053	-401	780	-1263	2249	-519	79	-108	4230	21150	4230	69604271
-16486	2828	-448	688	-1297	2134	-514	80	-108	4231	21155	4231	69604271
-16492	2635	-505	590	-1383	2004	-517	79	-111	4232	21160	4232	69604271
-16537	2449	-541	474	-1497	1856	-519	79	-113	4233	21165	4233	69604282
-16632	2264	-570	353	-1595	1708	-520	82	-111	4234	21170	4234	69604300
-16743	2156	-535	258	-1641	1550	-520	84	-110	4235	21175	4235	69604307
-16842	2012	-461	200	-1618	1370	-518	83	-108	4236	21180	4236	69604307
-16922	1875	-406	174	-1537	1190	-517	83	-107	4237	21185	4237	69604308
-16984	1744	-402	179	-1401	1005	-520	82	-115	4238	21190	4238	69604308
-17008	1573	-416	201	-1223	834	-521	81	-117	4239	21195	4239	69604308
-16966	1445	-506	188	-1068	683	-518	83	-111	4240	21200	4240	69604318
-16890	1388	-693	84	-943	535	-517	83	-109	4241	21205	4241	69604347
-16756	1383	-715	-113	-879	413	-525	83	-111	4242	21210	4242	69604353
-16700	1330	-825	-382	-889	280	-527	83	-111	4243	21215	4243	69604353
-16702	1310	-752	-687	-942	190	-526	81	-113	4244	21220	4244	69604353
-16733	1372	-720	-956	-1024	118	-526	80	-114	4245	21225	4245	69604353
-16793	1382	-657	-1164	-1138	103	-526	83	-109	4246	21230	4246	69604353
-16810	1430	-660	-1422	-1293	128	-526	84	-108	4247	21235	4247	69604354
-16884	1452	-586	-1647	-1426	148	-520	78	-104	4248	21240	4248	69604365
-16990	1550	-624	-1887	-1492	171	-520	78	-104	4249	21245	4249	69604392
-17062	1664	-472	-2106	-1487	168	-521	83	-113	4250	21250	4250	69604393
-17060	1736	-412	-2283	-1397	151	-521	83	-113	4251	21255	4251	69604393
-17080	1731	-299	-2385	-1285	161	-520	81	-109	4252	21260	4252	69604393
-17095	1730	-138	-2451	-1130	160	-520	80	-108	4253	21265	4253	69604394
-17013	1778	-94	-2445	-967	149	-522	81	-107	4254	21270	4254	69604394
-16898	1730	-62	-2382	-810	131	-523	81	-107	4255	21275	4255	69604395
-16876	1766	-24	-2299	-723	94	-525	75	-107	4256	21280	4256	69604395
-16848	1838	-54	-2176	-674	44	-525	75	-107	4257	21285	4257	69604412
-16860	1958	-76	-2087	-658	-25	-526	84	-104	4258	21290	4258	69604473
-16884	2124	-260	-2010	-652	-85	-526	84	-104	4259	21295	4259	69604474
-16918	2220	-304	-1933	-658	-160	-526	84	-104	4260	21300	4260	69604474
-16944	2468	-366	-1873	-642	-216	-526	84	-104	4261	21305	4261	69604474
-17050	2636	-464	-1812	-612	-265	-523	85	-111	4262	21310	4262	69604475
-17022	2788	-496	-1782	-542	-333	-523	85	-111	4263	21315	4263	69604475
-16948	3072	-606	-1765	-427	-379	-527	85	-107	4264	21320	4264	69604478
-16900	3207	-623	-1777	-313	-414	-526	85	-107	4265	21325	4265	69604489
-16822	3354	-572	-1816	-198	-455	-520	84	-106	4266	21330	4266	69604506
-16728	3592	-590	-1858	-120	-474	-521	82	-107	4267	21335	4267	69604506
-16626	3695	-512	-1896	-84	-511	-526	76	-110	4268	21340	4268	69604506
-16642	3772	-535	-1945	-42	-560	-525	76	-110	4269	21345	4269	69604506
-16552	3836	-542	-1973	10	-592	-520	76	-110	4270	21350	4270	69604506
-16419	3851	-443	-1985	81	-623	-519	77	-109	4271	21355	4271	69604506
-16402	3933	-381	-2002	144	-651	-517	79	-105	4272	21360	4272	69604506
-16361	4013	-313	-2009	181	-653	-521	78	-107	4273	21365	4273	69604506
-16340	4057	-225	-2005	192	-656	-526	76	-110	4274	21370	4274	69604507
-16301	4052	-211	-1989	185	-655	-526	76	-109	4275	21375	4275	69604507
-16359	4051	-82	-1959	176	-627	-524	78	-106	4276	21380	4276	69604508
-16368	4028	-13	-1911	178	-614	-525	78	-106	4277	21385	4277	69604521
-16304	4026	53	-1858	195	-574	-528	78	-106	4278	21390	4278	69604553
-16336	3951	77	-1795	207	-519	-527	78	-106	4279	21395	4279	69604553
-16302	3916	98	-1701	233	-487	-525	79	-105	4280	21400	4280	69604554
-16301	3809	96	-1621	276	-460	-524	79	-106	4281	21405	4281	69604554
-16325	3712	122	-1551	325	-440	-522	80	-108	4282	21410	4282	69604554
-16313	3688	192	-1498	385	-447	-522	82	-108	4283	21415	4283	69604554
-16273	3632	209	-1443	414	-460	-523	85	-107	4284	21420	4284	69604554
-16264	3599	180	-1387	410	-480	-522	85	-109	4285	21425	4285	69604554
-16224	3541	92	-1347	360	-496	-520	84	-112	4286	21430	4286	69604554
-16168	3506	70	-1337	279	-516	-521	82	-111	4287	21435	4287	69604565
-16167	3502	4	-1364	206	-562	-523	79	-109	4288	21440	4288	69604587
-16142	3500	-124	-1447	188	-635	-523	79	-108	4289	21445	4289	69604592
-16139	3516	-212	-1565	222	-723	-523	79	-107	4290	21450	4290	69604592
-16086	3569	-218	-1697	307	-822	-520	77	-108	4291	21455	4291	69604592
-16023	3623	-125	-1829	427	-924	-518	76	-108	4292	21460	4292	69604592
-15953	3709	-47	-1948	535	-1017	-523	79	-106	4293	21465	4293	69604592
-15842	3770	-2	-2034	627	-1092	-527	81	-105	4294	21470	4294	69604592
-15740	3827	56	-2085	695	-1155	-523	83	-109	4295	21475	4295	69604592
-15640	3904	56	-2118	730	-1217	-520	84	-112	4296	21480	4296	69604592
-15616	3984	55	-2128	750	-1276	-522	81	-109	4297	21485	4297	69604614
-15563	4077	-10	-2101	765	-1309	-523	79	-107	4298	21490	4298	69604628
-15537	4180	-62	-2039	789	-1320	-525	80	-107	4299	21495	4299	69604629
-15580	4272	-56	-1968	811	-1324	-527	81	-107	4300	21500	4300	69604629
-15596	4317	-69	-1914	820	-1334	-523	83	-108	4301	21505	4301	69604629
-15654	4353	-75	-1877	810	-1337	-521	85	-109	4302	21510	4302	69604630
-15764	4434	-60	-1829	799	-1338	-524	80	-107	4303	21515	4303	69604630
-15851	4547	-36	-1760	787	-1336	-526	76	-106	4304	21520	4304	69604630
-15943	4527	60	-1654	770	-1340	-525	78	-111	4305	21525	4305	69604657
-16026	4562	51	-1544	753	-1343	-524	78	-112	4306	21530	4306	69604666
-16058	4650	55	-1462	728	-1361	-526	80	-110	4307	21535	4307	69604666
-16192	4690	2	-1396	691	-1392	-526	80	-110	4308	21540	4308	69604666
-16214	4682	-65	-1355	665	-1450	-524	82	-108	4309	21545	4309	69604666
-16236	4702	-104	-1325	650	-1503	-524	82	-108	4310	21550	4310	69604666
-16292	4641	-182	-1327	666	-1566	-525	78	-109	4311	21555	4311	69604666
-16302	4635	-160	-1369	701	-1651	-525	77	-109	4312	21560	4312	69604675
-16234	4714	-126	-1433	765	-1734	-523	83	-107	4313	21565	4313	69604703
-16162	4698	-106	-1485	803	-1829	-523	83	-107	4314	21570	4314	69604703
-16140	4760	-90	-1522	839	-1914	-521	79	-109	4315	21575	4315	69604703
-16062	4650	-130	-1541	849	-1976	-521	79	-109	4316	21580	4316	69604703
-16026	4636	10	-1537	845	-2024	-520	84	-112	4317	21585	4317	69604703
-15936	4663	-77	-1540	859	-2066	-520	84	-112	4318	21590	4318	69604703
-15929	4665	-22	-1552	851	-2088	-521	82	-111	4319	21595	4319	69604703
-15866	4666	-58	-1550	844	-2105	-521	81	-111	4320	21600	4320	69604713
-15903	4632	-40	-1547	860	-2130	-527	79	-113	4321	21605	4321	69604736
-15898	4500	-112	-1567	921	-2118	-528	78	-114	4322	21610	4322	69604741
-15910	4500	-78	-1623	986	-2111	-526	74	-108	4323	21615	4323	69604741
-15890	4476	-2	-1703	1031	-2099	-526	74	-108	4324	21620	4324	69604742
-15870	4360	102	-1814	1029	-2100	-519	77	-109	4325	21625	4325	69604742
-15952	4290	98	-1921	1006	-2114	-519	77	-109	4326	21630	4326	69604742
-16000	4200	278	-1996	957	-2115	-518	80	-116	4327	21635	4327	69604743
-16096	4116	302	-2096	939	-2103	-518	80	-116	4328	21640	4328	69604778
-16310	4082	334	-2245	929	-2091	-525	79	-113	4329	21645	4329	69604778
-16489	4063	255	-2460	972	-2097	-524	80	-113	4330	21650	4330	69604778
-16550	3974	349	-2638	1022	-2100	-522	82	-112	4331	21655	4331	69604779
-16609	3845	484	-2821	1085	-2094	-521	81	-112	4332	21660	4332	69604779
-16760	3749	471	-3013	1148	-2118	-519	79	-113	4333	21665	4333	69604779
-16940	3566	546	-3196	1188	-2135	-519	78	-112	4334	21670	4334	69604781
-17025	3375	642	-3379	1232	-2179	-520	76	-108	4335	21675	4335	69604798
-17183	3246	700	-3558	1291	-2232	-520	76	-108	4336	21680	4336	69604830
-17290	3102	922	-3715	1378	-2290	-520	78	-110	4337	21685	4337	69604831
-17454	3004	1083	-3845	1481	-2366	-520	80	-112	4338	21690	4338	69604831
-17560	2959	1386	-3935	1569	-2415	-520	84	-116	4339	21695	4339	69604831
-17566	2867	1637	-3974	1622	-2452	-520	83	-115	4340	21700	4340	69604831
-17600	2735	1788	-3966	1632	-2469	-522	80	-112	4341	21705	4341	69604833
-17642	2615	1938	-3935	1595	-2475	-522	80	-112	4342	21710	4342	69604845
-17658	2484	2137	-3913	1512	-2465	-524	78	-110	4343	21715	4343	69604868
-17706	2372	2222	-3911	1385	-2419	-524	78	-111	4344	21720	4344	69604868
-17792	2244	2287	-3919	1249	-2338	-524	78	-114	4345	21725	4345	69604868
-17794	2074	2244	-3958	1139	-2239	-523	78	-113	4346	21730	4346	69604868
-17764	1878	2192	-3977	1045	-2113	-521	79	-111	4347	21735	4347	69604869
-17702	1763	2221	-3957	972	-1986	-521	81	-111	4348	21740	4348	69604869
-17676	1657	2278	-3904	892	-1860	-521	83	-111	4349	21745	4349	69604869
-17648	1568	2307	-3808	783	-1721	-521	83	-110	4350	21750	4350	69604869
-17568	1524	2307	-3658	681	-1561	-521	83	-109	4351	21755	4351	69604872
-17514	1528	2196	-3464	602	-1386	-521	81	-110	4352	21760	4352	69604888
-17526	1520	2050	-3240	541	-1212	-520	78	-112	4353	21765	4353	69604906
-17524	1505	1880	-3015	500	-1022	-518	78	-113	4354	21770	4354	69604906
-17521	1499	1834	-2779	492	-814	-516	78	-114	4355	21775	4355	69604906
-17569	1516	1776	-2556	504	-596	-521	76	-114	4356	21780	4356	69604907
-17617	1588	1665	-2383	508	-392	-524	74	-114	4357	21785	4357	69604907
-17741	1585	1479	-2259	496	-209	-526	72	-112	4358	21790	4358	69604907
-17933	1496	1245	-2231	474	-61	-528	70	-110	4359	21795	4359	69604915
-18108	1414	1042	-2345	432	34	-523	72	-111	4360	21800	4360	69604934
-18320	1281	948	-2553	356	43	-520	74	-112	4361	21805	4361	69604943
-18562	1092	990	-2796	225	-1	-522	76	-113	4362	21810	4362	69604943
-18910	848	1307	-3038	-35	-78	-524	78	-114	4363	21815	4363	69604944
-19525	501	1752	-3112	-423	-142	-522	76	-113	4364	21820	4364	69604944
-20154	52	2124	-2970	-874	-174	-521	75	-113	4365	21825	4365	69604945
-20903	-594	2460	-2634	-1320	-203	-520	76	-112	4366	21830	4366	69604948
-21658	-1414	2542	-2190	-1691	-237	-519	77	-111	4367	21835	4367	69604967
-22289	-2315	2420	-1728	-1920	-259	-522	73	-112	4368	21840	4368	69604979
-22855	-3186	2170	-1309	-1943	-297	-524	70	-112	4369	21845	4369	69604979
-23248	-3956	1888	-989	-1758	-355	-522	72	-108	4370	21850	4370	69604979
-23391	-4605	1436	-783	-1323	-396	-520	74	-106	4371	21855	4371	69604980
-23213	-5046	1056	-730	-779	-420	-523	71	-106	4372	21860	4372	69604980
-22820	-5230	716	-796	-198	-466	-524	70	-106	4373	21865	4373	69604980
-22235	-5344	494	-974	414	-508	-524	70	-109	4374	21870	4374	69604986
-21435	-5267	317	-1200	1075	-601	-524	70	-110	4375	21875	4375	69605016
-20418	-5213	156	-1495	1754	-758	-524	67	-116	4376	21880	4376	69605023
-19305	-5108	-18	-1844	2406	-956	-524	66	-118	4377	21885	4377	69605024
-18243	-4919	-14	-2223	2973	-1241	-526	68	-117	4378	21890	4378	69605024
-17076	-4732	-15	-2613	3436	-1574	-527	69	-117	4379	21895	4379	69605024
-15714	-4458	152	-3020	3797	-2008	-528	76	-112	4380	21900	4380	69605024
-14802	-4196	196	-3297	3879	-2377	-528	76	-112	4381	21905	4381	69605025
-13928	-4140	150	-3512	3805	-2739	-521	73	-113	4382	21910	4382	69605071
-13416	-4078	108	-3669	3648	-3020	-521	73	-113	4383	21915	4383	69605071
-12922	-4085	58	-3831	3386	-3316	-521	73	-118	4384	21920	4384	69605072
-12600	-4204	-2	-4022	3061	-3570	-521	73	-119	4385	21925	4385	69605072
-12536	-4278	-1	-4239	2674	-3760	-520	74	-117	4386	21930	4386	69605073
-12707	-4437	12	-4513	2252	-3917	-520	74	-116	4387	21935	4387	69605073
-13206	-4636	-56	-4918	1804	-4060	-518	76	-116	4388	21940	4388	69605074
-13866	-4882	-118	-5304	1553	-4122	-518	76	-116	4389	21945	4389	69605077
-14556	-5106	-2	-5673	1461	-4171	-517	71	-113	4390	21950	4390	69605107
-15300	-5264	120	-6025	1467	-4158	-517	71	-113	4391	21955	4391	69605107
-15852	-5478	324	-6280	1536	-4118	-520	66	-112	4392	21960	4392	69605107
-16416	-5618	454	-6437	1605	-4097	-520	66	-112	4393	21965	4393	69605107
-16958	-5540	572	-6498	1691	-4073	-520	66	-108	4394	21970	4394	69605107
-17552	-5496	710	-6445	1799	-4063	-520	66	-108	4395	21975	4395	69605107
-17946	-5272	642	-6271	1939	-4036	-517	71	-113	4396	21980	4396	69605108
-18390	-4771	661	-5978	2104	-4028	-516	71	-114	4397	21985	4397	69605108
-18454	-4368	677	-5730	2234	-4030	-513	69	-119	4398	21990	4398	69605108
-18450	-3834	494	-5531	2342	-4056	-513	70	-118	4399	21995	4399	69605108
-18294	-3343	423	-5363	2445	-4101	-512	76	-116	4400	22000	4400	69605115
-18061	-2792	267	-5173	2512	-4165	-512	74	-115	4401	22005	4401	69605144
-17762	-2246	138	-4952	2531	-4213	-513	67	-113	4402	22010	4402	69605145
-17421	-1793	-52	-4727	2515	-4252	-513	68	-114	4403	22015	4403	69605145
-17090	-1399	-290	-4502	2489	-4244	-511	71	-119	4404	22020	4404	69605145
-16649	-1115	-561	-4303	2448	-4205	-510	72	-117	4405	22025	4405	69605146
-16187	-941	-648	-4198	2431	-4105	-505	75	-111	4406	22030	4406	69605146
-15766	-840	-762	-4148	2435	-3950	-505	75	-111	4407	22035	4407	69605147
-15281	-708	-816	-4114	2450	-3763	-507	73	-113	4408	22040	4408	69605158
-14785	-735	-842	-4063	2471	-3508	-507	72	-114	4409	22045	4409	69605184
-14266	-802	-837	-3965	2449	-3218	-506	70	-118	4410	22050	4410	69605184
-13720	-904	-728	-3828	2311	-2866	-506	70	-117	4411	22055	4411	69605184
-13268	-1110	-584	-3646	2027	-2472	-507	69	-115	4412	22060	4412	69605184
-12854	-1454	-475	-3386	1596	-2056	-506	70	-115	4413	22065	4413	69605184
-12605	-1861	-288	-3013	1013	-1574	-501	73	-113	4414	22070	4414	69605184
-12466	-2265	-96	-2630	436	-1175	-503	71	-115	4415	22075	4415	69605200
-12540	-2636	29	-2217	-188	-809	-505	69	-117	4416	22080	4416	69605225
-12789	-2953	84	-1821	-806	-479	-506	71	-115	4417	22085	4417	69605225
-13150	-3286	123	-1497	-1362	-210	-508	74	-112	4418	22090	4418	69605225
-13580	-3540	37	-1265	-1817	-11	-508	74	-112	4419	22095	4419	69605225
-14077	-3742	-4	-1108	-2156	133	-508	74	-112	4420	22100	4420	69605226
-14697	-3831	12	-1011	-2436	234	-508	71	-113	4421	22105	4421	69605226
-15350	-3843	-36	-968	-2638	273	-507	67	-113	4422	22110	4422	69605226
-15923	-3784	-107	-957	-2759	258	-509	71	-115	4423	22115	4423	69605242
-16525	-3712	-97	-997	-2847	193	-510	74	-116	4424	22120	4424	69605257
-17109	-3582	-201	-1097	-2898	106	-506	75	-113	4425	22125	4425	69605261
-17639	-3382	-285	-1235	-2884	10	-503	75	-111	4426	22130	4426	69605261
-18170	-3188	-290	-1414	-2791	-103	-505	75	-111	4427	22135	4427	69605261
-18656	-3011	-300	-1650	-2581	-237	-508	74	-112	4428	22140	4428	69605262
-18994	-2802	-250	-1901	-2245	-365	-508	73	-113	4429	22145	4429	69605262
-19205	-2571	-179	-2146	-1757	-498	-509	71	-115	4430	22150	4430	69605262
-19260	-2333	-99	-2337	-1218	-603	-507	69	-117	4431	22155	4431	69605267
-19142	-2121	-66	-2460	-734	-657	-506	68	-118	4432	22160	4432	69605288
-18876	-1971	-66	-2523	-250	-696	-508	70	-120	4433	22165	4433	69605301
-18543	-1847	-58	-2540	201	-701	-509	71	-121	4434	22170	4434	69605301
-18162	-1735	-103	-2493	585	-668	-510	71	-116	4435	22175	4435	69605301
-17782	-1665	-171	-2407	899	-607	-511	71	-113	4436	22180	4436	69605301
-17305	-1616	-237	-2309	1132	-510	-507	73	-113	4437	22185	4437	69605301
-16772	-1580	-380	-2181	1304	-359	-505	75	-113	4438	22190	4438	69605301
-16346	-1572	-543	-2038	1369	-217	-505	73	-111	4439	22195	4439	69605327
-15962	-1585	-648	-1876	1369	-64	-505	73	-111	4440	22200	4440	69605337
-15580	-1487	-756	-1700	1309	103	-508	70	-114	4441	22205	4441	69605339
