-4863	-8798	-12447	-270	-299	297	-56	34	-201	400	2000	400	71281202
-4856	-8802	-12457	-271	-291	306	-56	34	-200	401	2005	401	71281202
-4903	-8841	-12410	-275	-295	299	-56	32	-198	402	2010	402	71281210
-4858	-8794	-12416	-274	-297	304	-56	32	-198	403	2015	403	71281212
-4858	-8831	-12434	-264	-307	306	-56	29	-203	404	2020	404	71281212
-4902	-8744	-12410	-278	-310	308	-56	28	-204	405	2025	405	71281220
-4908	-8764	-12428	-283	-324	306	-58	36	-204	406	2030	406	71281252
-4864	-8736	-12464	-275	-318	310	-58	36	-204	407	2035	407	71281252
-4874	-8846	-12472	-275	-329	307	-57	35	-205	408	2040	408	71281253
-4836	-8758	-12368	-264	-331	310	-57	35	-205	409	2045	409	71281253
-4862	-8748	-12378	-271	-332	326	-59	33	-203	410	2050	410	71281253
-4865	-8805	-12393	-268	-337	328	-59	33	-203	411	2055	411	71281254
-4848	-8754	-12393	-254	-329	324	-57	32	-205	412	2060	412	71281254
-4888	-8798	-12378	-263	-338	318	-56	32	-206	413	2065	413	71281258
-4844	-8796	-12286	-268	-334	323	-61	33	-199	414	2070	414	71281287
-4880	-8842	-12350	-271	-346	331	-61	33	-199	415	2075	415	71281287
-4842	-8882	-12254	-277	-345	307	-55	35	-203	416	2080	416	71281287
-4884	-8894	-12322	-295	-345	308	-55	35	-203	417	2085	417	71281288
-4860	-8810	-12348	-304	-343	304	-61	35	-205	418	2090	418	71281288
-4948	-8826	-12332	-332	-360	300	-61	35	-205	419	2095	419	71281288
-4874	-8804	-12308	-326	-351	295	-60	38	-204	420	2100	420	71281288
-4915	-8759	-12338	-339	-356	291	-60	37	-203	421	2105	421	71281301
-4924	-8728	-12315	-329	-349	285	-58	34	-198	422	2110	422	71281324
-4891	-8726	-12292	-321	-346	280	-58	34	-199	423	2115	423	71281324
-4916	-8674	-12329	-322	-341	282	-59	35	-201	424	2120	424	71281324
-4932	-8736	-12301	-303	-334	279	-59	36	-201	425	2125	425	71281324
-4931	-8744	-12335	-295	-326	273	-60	38	-200	426	2130	426	71281324
-4920	-8713	-12356	-280	-310	270	-59	37	-201	427	2135	427	71281324
-4901	-8734	-12352	-269	-312	268	-53	35	-205	428	2140	428	71281332
-4915	-8710	-12349	-258	-311	265	-53	35	-203	429	2145	429	71281362
-4920	-8739	-12390	-244	-291	260	-54	34	-198	430	2150	430	71281362
-4947	-8760	-12401	-242	-286	263	-55	34	-200	431	2155	431	71281362
-4940	-8783	-12338	-235	-283	266	-57	35	-203	432	2160	432	71281362
-4927	-8758	-12317	-233	-272	260	-57	34	-204	433	2165	433	71281363
-4894	-8754	-12272	-218	-259	261	-58	32	-206	434	2170	434	71281363
-4940	-8820	-12341	-217	-250	262	-57	33	-205	435	2175	435	71281364
-4968	-8799	-12392	-209	-251	255	-55	35	-199	436	2180	436	71281376
-4983	-8809	-12345	-196	-236	253	-56	35	-201	437	2185	437	71281401
-4942	-8826	-12312	-196	-221	254	-57	35	-205	438	2190	438	71281401
-4940	-8801	-12329	-200	-213	248	-58	36	-207	439	2195	439	71281401
-4912	-8780	-12337	-200	-209	247	-59	37	-209	440	2200	440	71281402
-4873	-8795	-12312	-198	-207	244	-58	36	-209	441	2205	441	71281402
-4912	-8769	-12357	-201	-200	244	-56	34	-210	442	2210	442	71281402
-4915	-8756	-12371	-192	-188	247	-57	35	-207	443	2215	443	71281417
-4904	-8773	-12338	-191	-182	252	-59	37	-203	444	2220	444	71281439
-4880	-8799	-12310	-187	-183	257	-57	36	-204	445	2225	445	71281439
-4918	-8788	-12334	-179	-177	257	-53	35	-205	446	2230	446	71281439
-4940	-8798	-12348	-175	-166	254	-53	39	-206	447	2235	447	71281439
-4895	-8804	-12388	-170	-156	261	-53	41	-207	448	2240	448	71281440
-4892	-8798	-12370	-165	-160	266	-58	39	-205	449	2245	449	71281440
-4939	-8809	-12371	-149	-162	261	-61	37	-203	450	2250	450	71281446
-4945	-8815	-12392	-152	-156	264	-54	33	-202	451	2255	451	71281466
-4926	-8798	-12390	-151	-151	272	-49	31	-201	452	2260	452	71281477
-4898	-8802	-12400	-147	-157	275	-56	33	-202	453	2265	453	71281477
-4861	-8771	-12403	-148	-162	268	-62	34	-202	454	2270	454	71281477
-4882	-8800	-12360	-152	-154	265	-60	33	-202	455	2275	455	71281477
-4899	-8826	-12368	-153	-153	271	-58	32	-202	456	2280	456	71281477
-4860	-8836	-12334	-156	-160	278	-57	33	-203	457	2285	457	71281477
-4835	-8834	-12340	-162	-167	276	-57	33	-203	458	2290	458	71281477
-4868	-8799	-12394	-169	-173	276	-55	35	-205	459	2295	459	71281496
-4856	-8798	-12369	-178	-181	284	-54	36	-206	460	2300	460	71281512
-4829	-8812	-12370	-186	-181	283	-58	38	-207	461	2305	461	71281515
-4888	-8759	-12375	-180	-183	284	-61	39	-207	462	2310	462	71281515
-4855	-8787	-12390	-182	-194	284	-57	38	-201	463	2315	463	71281515
-4883	-8784	-12428	-186	-207	278	-55	37	-199	464	2320	464	71281516
-4899	-8791	-12404	-189	-210	275	-60	39	-202	465	2325	465	71281516
-4878	-8735	-12380	-188	-217	277	-61	39	-203	466	2330	466	71281523
-4906	-8730	-12382	-197	-222	275	-58	36	-203	467	2335	467	71281547
-4909	-8764	-12472	-201	-222	271	-57	35	-203	468	2340	468	71281552
-4918	-8791	-12440	-194	-225	269	-59	30	-200	469	2345	469	71281552
-4867	-8809	-12399	-198	-232	263	-59	29	-199	470	2350	470	71281552
-4840	-8828	-12300	-210	-247	259	-59	31	-209	471	2355	471	71281552
-4878	-8816	-12400	-219	-253	267	-59	31	-209	472	2360	472	71281552
-4916	-8792	-12336	-224	-246	258	-59	31	-199	473	2365	473	71281552
-4884	-8765	-12466	-222	-255	255	-59	31	-199	474	2370	474	71281583
-4844	-8858	-12372	-221	-258	263	-59	33	-205	475	2375	475	71281589
-4841	-8826	-12324	-221	-264	267	-59	33	-207	476	2380	476	71281589
-4885	-8810	-12323	-225	-267	268	-59	35	-201	477	2385	477	71281590
-4850	-8792	-12450	-227	-277	262	-59	35	-199	478	2390	478	71281590
-4896	-8758	-12464	-232	-271	266	-59	37	-201	479	2395	479	71281590
-4914	-8796	-12476	-212	-278	263	-59	37	-201	480	2400	480	71281590
-4892	-8786	-12350	-231	-290	272	-60	30	-202	481	2405	481	71281599
-4860	-8786	-12350	-228	-307	281	-60	30	-202	482	2410	482	71281624
-4878	-8720	-12384	-240	-305	271	-56	32	-202	483	2415	483	71281624
-4866	-8820	-12426	-224	-302	272	-56	32	-202	484	2420	484	71281624
-4904	-8786	-12352	-223	-298	291	-56	28	-208	485	2425	485	71281624
-4830	-8812	-12412	-221	-317	280	-56	28	-208	486	2430	486	71281625
-4888	-8806	-12324	-223	-318	283	-57	37	-201	487	2435	487	71281625
-4858	-8784	-12364	-211	-329	291	-57	36	-201	488	2440	488	71281630
-4845	-8746	-12383	-209	-317	292	-58	32	-200	489	2445	489	71281652
-4799	-8751	-12451	-200	-312	303	-59	32	-201	490	2450	490	71281662
-4829	-8783	-12315	-201	-318	305	-61	31	-203	491	2455	491	71281663
-4832	-8794	-12389	-198	-320	304	-60	32	-204	492	2460	492	71281663
-4825	-8785	-12381	-202	-322	300	-54	38	-208	493	2465	493	71281663
-4825	-8782	-12396	-198	-323	304	-55	38	-208	494	2470	494	71281664
-4838	-8754	-12376	-198	-332	294	-59	37	-207	495	2475	495	71281664
-4892	-8869	-12336	-209	-319	305	-59	36	-207	496	2480	496	71281669
-4868	-8801	-12353	-213	-335	306	-57	33	-205	497	2485	497	71281694
-4867	-8785	-12335	-220	-326	306	-57	33	-204	498	2490	498	71281704
-4866	-8814	-12282	-230	-324	309	-57	31	-199	499	2495	499	71281704
-4910	-8746	-12514	-237	-334	306	-57	31	-200	500	2500	500	71281704
-4878	-8834	-12416	-246	-333	301	-57	31	-203	501	2505	501	71281704
-4822	-8778	-12387	-252	-321	306	-57	32	-203	502	2510	502	71281704
-4890	-8784	-12359	-241	-325	305	-58	36	-202	503	2515	503	71281706
-4926	-8811	-12397	-244	-320	306	-58	34	-202	504	2520	504	71281723
-4895	-8799	-12366	-247	-317	300	-57	29	-201	505	2525	505	71281743
-4869	-8780	-12420	-246	-303	298	-58	31	-201	506	2530	506	71281743
-4915	-8754	-12392	-252	-297	298	-59	35	-201	507	2535	507	71281743
-4946	-8768	-12407	-253	-301	292	-58	33	-199	508	2540	508	71281743
-4932	-8758	-12396	-250	-305	284	-57	29	-197	509	2545	509	71281743
-4952	-8731	-12400	-245	-303	287	-58	32	-201	510	2550	510	71281743
-4957	-8706	-12367	-243	-296	282	-60	36	-206	511	2555	511	71281775
-4973	-8710	-12421	-240	-286	280	-59	34	-205	512	2560	512	71281824
-4998	-8731	-12431	-236	-283	276	-57	31	-203	513	2565	513	71281824
-4998	-8731	-12366	-237	-279	267	-57	33	-204	514	2570	514	71281824
-5032	-8740	-12345	-237	-279	263	-57	35	-205	515	2575	515	71281824
-5060	-8725	-12349	-234	-276	257	-58	33	-204	516	2580	516	71281824
-5051	-8684	-12362	-226	-266	248	-59	31	-203	517	2585	517	71281825
-5054	-8698	-12419	-218	-256	243	-58	32	-204	518	2590	518	71281825
-5036	-8693	-12389	-222	-252	237	-56	34	-206	519	2595	519	71281825
-5025	-8698	-12323	-219	-257	233	-54	35	-204	520	2600	520	71281837
-5040	-8713	-12340	-210	-251	229	-52	36	-200	521	2605	521	71281858
-5035	-8729	-12396	-207	-253	221	-56	34	-202	522	2610	522	71281862
-5056	-8769	-12370	-197	-244	223	-58	32	-204	523	2615	523	71281863
-5049	-8761	-12372	-182	-229	224	-60	33	-208	524	2620	524	71281863
-5012	-8768	-12303	-163	-217	216	-61	33	-211	525	2625	525	71281863
-5010	-8760	-12266	-150	-211	217	-57	35	-206	526	2630	526	71281863
-5046	-8765	-12303	-138	-209	215	-55	37	-203	527	2635	527	71281863
-5050	-8755	-12294	-139	-204	208	-54	35	-201	528	2640	528	71281863
-4986	-8817	-12346	-134	-190	203	-53	33	-199	529	2645	529	71281863
-4962	-8815	-12334	-130	-181	211	-58	35	-201	530	2650	530	71281863
-4936	-8789	-12324	-128	-187	210	-59	35	-201	531	2655	531	71281863
-4986	-8810	-12314	-125	-187	208	-59	37	-204	532	2660	532	71281863
-4960	-8776	-12400	-125	-176	211	-59	37	-205	533	2665	533	71281870
-4974	-8769	-12368	-125	-168	200	-57	32	-203	534	2670	534	71281905
-4940	-8802	-12408	-119	-156	200	-57	31	-203	535	2675	535	71281913
-4929	-8785	-12339	-124	-151	198	-54	34	-204	536	2680	536	71281914
-4904	-8750	-12328	-121	-148	207	-53	35	-205	537	2685	537	71281914
-4869	-8759	-12362	-110	-145	216	-56	37	-207	538	2690	538	71281914
-4881	-8692	-12372	-99	-134	207	-57	37	-207	539	2695	539	71281915
-4931	-8730	-12371	-93	-127	202	-57	32	-204	540	2700	540	71281915
-4945	-8750	-12303	-76	-120	201	-57	31	-203	541	2705	541	71281915
-4964	-8733	-12332	-73	-122	219	-57	33	-203	542	2710	542	71281916
-4965	-8762	-12344	-77	-120	216	-57	33	-203	543	2715	543	71281916
-4932	-8818	-12357	-60	-114	214	-57	35	-205	544	2720	544	71281930
-4918	-8852	-12365	-69	-108	223	-57	35	-205	545	2725	545	71281943
-4918	-8816	-12372	-73	-115	224	-60	38	-202	546	2730	546	71281946
-4916	-8808	-12446	-84	-139	227	-60	38	-202	547	2735	547	71281946
-4824	-8854	-12302	-94	-118	241	-55	37	-203	548	2740	548	71281946
-4912	-8794	-12340	-92	-130	243	-55	37	-203	549	2745	549	71281946
-4942	-8876	-12376	-96	-127	251	-56	38	-206	550	2750	550	71281946
-4908	-8898	-12398	-102	-141	258	-56	38	-206	551	2755	551	71281946
-4920	-8882	-12410	-99	-143	260	-50	34	-202	552	2760	552	71281986
-4880	-8862	-12382	-105	-135	265	-50	34	-202	553	2765	553	71281986
-4870	-8824	-12434	-102	-148	266	-59	39	-203	554	2770	554	71281986
-4830	-8848	-12484	-100	-171	267	-59	38	-203	555	2775	555	71281986
-4883	-8861	-12348	-105	-168	265	-59	35	-203	556	2780	556	71281986
-4836	-8804	-12436	-100	-176	263	-59	35	-203	557	2785	557	71281986
-4854	-8854	-12314	-94	-179	281	-60	34	-206	558	2790	558	71281987
-4834	-8816	-12490	-103	-192	281	-60	34	-206	559	2795	559	71281987
-4804	-8756	-12382	-121	-197	273	-58	34	-204	560	2800	560	71281990
-4862	-8816	-12422	-117	-215	273	-58	34	-204	561	2805	561	71282022
-4816	-8822	-12328	-132	-207	277	-55	31	-203	562	2810	562	71282022
-4804	-8811	-12376	-138	-227	277	-56	30	-204	563	2815	563	71282022
-4756	-8832	-12352	-142	-230	272	-60	26	-206	564	2820	564	71282022
-4831	-8836	-12526	-155	-234	269	-60	28	-205	565	2825	565	71282022
-4835	-8811	-12413	-176	-242	262	-59	35	-203	566	2830	566	71282022
-4780	-8808	-12384	-194	-253	250	-59	34	-204	567	2835	567	71282030
-4836	-8810	-12392	-198	-276	243	-59	31	-207	568	2840	568	71282063
-4844	-8801	-12406	-211	-284	250	-58	31	-207	569	2845	569	71282063
-4842	-8887	-12364	-224	-295	237	-56	32	-206	570	2850	570	71282063
-4844	-8844	-12377	-235	-310	222	-56	31	-206	571	2855	571	71282063
-4863	-8816	-12366	-242	-310	219	-54	28	-206	572	2860	572	71282064
-4848	-8746	-12350	-253	-329	213	-55	31	-206	573	2865	573	71282064
-4851	-8791	-12335	-264	-339	191	-57	35	-205	574	2870	574	71282065
-4864	-8804	-12349	-267	-339	180	-57	34	-205	575	2875	575	71282079
-4853	-8793	-12410	-258	-352	182	-56	32	-206	576	2880	576	71282097
-4868	-8804	-12426	-251	-360	180	-56	32	-206	577	2885	577	71282097
-4891	-8798	-12362	-256	-357	173	-57	31	-207	578	2890	578	71282097
-4915	-8775	-12338	-249	-358	168	-57	31	-205	579	2895	579	71282097
-4914	-8759	-12294	-245	-365	163	-55	31	-199	580	2900	580	71282097
-4891	-8768	-12296	-250	-368	154	-56	31	-201	581	2905	581	71282097
-4914	-8838	-12275	-252	-370	158	-57	31	-203	582	2910	582	71282100
-4875	-8832	-12324	-248	-370	163	-57	32	-201	583	2915	583	71282123
-4884	-8781	-12334	-239	-358	154	-57	33	-199	584	2920	584	71282149
-4938	-8792	-12333	-235	-352	156	-55	33	-202	585	2925	585	71282149
-4949	-8820	-12337	-229	-348	158	-53	33	-207	586	2930	586	71282149
-4852	-8780	-12327	-225	-350	159	-54	34	-207	587	2935	587	71282150
-4844	-8793	-12296	-228	-347	151	-54	34	-206	588	2940	588	71282150
-4871	-8842	-12371	-225	-339	152	-55	32	-204	589	2945	589	71282150
-4856	-8830	-12357	-219	-346	153	-55	31	-203	590	2950	590	71282172
-4835	-8795	-12348	-219	-347	156	-55	32	-202	591	2955	591	71282193
-4836	-8793	-12382	-224	-328	156	-55	33	-201	592	2960	592	71282197
-4862	-8851	-12357	-235	-322	153	-59	35	-202	593	2965	593	71282198
-4891	-8816	-12318	-238	-330	146	-61	37	-203	594	2970	594	71282198
-4882	-8796	-12343	-233	-328	140	-57	34	-205	595	2975	595	71282198
-4930	-8763	-12358	-233	-314	146	-54	32	-206	596	2980	596	71282198
-4969	-8784	-12348	-232	-310	153	-60	36	-205	597	2985	597	71282198
-4940	-8845	-12391	-236	-305	156	-61	37	-205	598	2990	598	71282198
-4949	-8843	-12339	-243	-300	147	-60	36	-204	599	2995	599	71282198
