-14621	-5300	-4052	-664	156	-205	-87	167	-85	7729	38645	7729	70591696
-14582	-5326	-4022	-698	123	-125	-85	168	-85	7730	38650	7730	70591711
-14562	-5346	-3981	-738	85	-45	-83	169	-85	7731	38655	7731	70591712
-14550	-5371	-3991	-776	55	21	-88	167	-88	7732	38660	7732	70591712
-14544	-5404	-4063	-816	19	81	-92	164	-90	7733	38665	7733	70591712
-14575	-5421	-4095	-857	-28	141	-93	166	-89	7734	38670	7734	70591712
-14606	-5462	-4054	-895	-66	203	-94	170	-88	7735	38675	7735	70591712
-14629	-5533	-4034	-948	-107	269	-93	169	-89	7736	38680	7736	70591718
-14618	-5543	-4060	-1003	-146	334	-91	167	-89	7737	38685	7737	70591738
-14628	-5569	-4045	-1045	-180	387	-89	168	-88	7738	38690	7738	70591748
-14642	-5614	-4059	-1088	-209	435	-87	169	-87	7739	38695	7739	70591749
-14672	-5597	-4110	-1129	-245	483	-90	168	-84	7740	38700	7740	70591749
-14689	-5587	-4104	-1160	-275	527	-92	168	-82	7741	38705	7741	70591749
-14730	-5590	-4064	-1179	-297	552	-89	166	-85	7742	38710	7742	70591749
-14756	-5633	-4107	-1198	-330	568	-87	165	-87	7743	38715	7743	70591749
-14731	-5685	-4108	-1198	-355	587	-92	163	-86	7744	38720	7744	70591749
-14725	-5644	-4102	-1202	-379	609	-96	162	-86	7745	38725	7745	70591749
-14747	-5700	-4094	-1211	-397	624	-90	170	-88	7746	38730	7746	70591771
-14776	-5737	-4207	-1203	-406	634	-88	172	-88	7747	38735	7747	70591784
-14790	-5718	-4202	-1192	-431	647	-89	173	-87	7748	38740	7748	70591786
-14832	-5725	-4242	-1164	-430	640	-89	173	-87	7749	38745	7749	70591786
-14776	-5675	-4251	-1135	-436	636	-93	172	-88	7750	38750	7750	70591786
-14770	-5697	-4253	-1102	-440	617	-94	172	-88	7751	38755	7751	70591786
-14806	-5711	-4280	-1057	-446	607	-90	168	-89	7752	38760	7752	70591786
-14858	-5762	-4316	-991	-432	585	-89	167	-89	7753	38765	7753	70591787
-14774	-5692	-4318	-953	-425	557	-90	174	-84	7754	38770	7754	70591821
-14890	-5702	-4286	-909	-419	541	-90	174	-84	7755	38775	7755	70591825
-14762	-5714	-4468	-854	-400	515	-90	168	-94	7756	38780	7756	70591825
-14820	-5642	-4420	-797	-392	494	-90	168	-94	7757	38785	7757	70591825
-14885	-5725	-4430	-752	-379	463	-90	168	-91	7758	38790	7758	70591825
-14864	-5680	-4410	-685	-358	429	-90	168	-90	7759	38795	7759	70591825
-14866	-5672	-4426	-614	-320	393	-91	169	-88	7760	38800	7760	70591825
-14822	-5660	-4370	-520	-296	356	-91	169	-87	7761	38805	7761	70591835
-14804	-5672	-4490	-457	-270	325	-91	173	-87	7762	38810	7762	70591862
-14846	-5716	-4524	-383	-237	279	-91	173	-87	7763	38815	7763	70591863
-14846	-5668	-4552	-306	-210	238	-96	164	-82	7764	38820	7764	70591863
-14846	-5624	-4674	-211	-165	190	-96	164	-82	7765	38825	7765	70591863
-14734	-5588	-4690	-116	-129	147	-88	178	-84	7766	38830	7766	70591864
-14744	-5476	-4652	-20	-86	115	-88	178	-84	7767	38835	7767	70591864
-14656	-5566	-4666	66	-52	59	-87	169	-81	7768	38840	7768	70591864
-14656	-5476	-4690	179	-8	5	-87	169	-81	7769	38845	7769	70591883
-14520	-5434	-4669	314	50	-64	-91	171	-79	7770	38850	7770	70591898
-14497	-5364	-4756	425	91	-116	-91	172	-80	7771	38855	7771	70591898
-14448	-5354	-4721	536	138	-174	-92	174	-84	7772	38860	7772	70591898
-14398	-5291	-4690	645	168	-223	-93	172	-85	7773	38865	7773	70591898
-14385	-5294	-4752	738	205	-284	-97	165	-87	7774	38870	7774	70591899
-14366	-5264	-4812	832	244	-328	-95	166	-87	7775	38875	7775	70591901
-14379	-5286	-4846	922	292	-375	-89	171	-85	7776	38880	7776	70591914
-14441	-5293	-4876	984	337	-419	-90	170	-87	7777	38885	7777	70591936
-14494	-5254	-4842	1048	365	-463	-91	167	-91	7778	38890	7778	70591936
-14520	-5251	-4854	1098	389	-489	-91	171	-92	7779	38895	7779	70591936
-14585	-5279	-4899	1136	419	-509	-92	176	-94	7780	38900	7780	70591936
-14694	-5283	-4944	1156	437	-528	-91	175	-90	7781	38905	7781	70591936
-14772	-5274	-5007	1155	453	-535	-89	173	-83	7782	38910	7782	70591936
-14764	-5282	-5073	1148	472	-538	-89	173	-85	7783	38915	7783	70591938
-14865	-5262	-5004	1142	485	-528	-91	171	-95	7784	38920	7784	70591952
-14900	-5208	-5069	1123	498	-507	-90	172	-94	7785	38925	7785	70591974
-14982	-5263	-5105	1097	508	-476	-87	175	-91	7786	38930	7786	70591974
-15102	-5215	-5218	1073	519	-436	-87	175	-89	7787	38935	7787	70591974
-15149	-5186	-5255	1057	533	-399	-87	175	-87	7788	38940	7788	70591974
-15178	-5152	-5234	1041	548	-358	-89	174	-89	7789	38945	7789	70591974
-15272	-5103	-5302	1034	564	-307	-93	173	-91	7790	38950	7790	70591974
-15347	-5121	-5339	1037	574	-249	-92	172	-93	7791	38955	7791	70591989
-15409	-5124	-5265	1058	593	-187	-91	171	-97	7792	38960	7792	70592011
-15446	-5074	-5286	1084	615	-123	-92	173	-96	7793	38965	7793	70592011
-15513	-5008	-5352	1119	637	-56	-93	175	-95	7794	38970	7794	70592012
-15598	-5012	-5353	1157	655	15	-89	174	-93	7795	38975	7795	70592012
-15599	-5008	-5428	1195	676	71	-86	174	-92	7796	38980	7796	70592012
-15602	-4951	-5490	1252	718	130	-87	175	-91	7797	38985	7797	70592013
-15664	-4929	-5470	1312	749	184	-87	175	-91	7798	38990	7798	70592017
-15718	-4976	-5434	1374	785	239	-86	174	-89	7799	38995	7799	70592037
-15753	-5017	-5492	1434	821	287	-85	173	-87	7800	39000	7800	70592048
-15742	-5006	-5539	1488	857	328	-92	172	-88	7801	39005	7801	70592048
-15752	-5055	-5573	1540	896	367	-96	172	-88	7802	39010	7802	70592048
-15779	-5093	-5562	1598	929	403	-89	171	-89	7803	39015	7803	70592048
-15800	-5119	-5534	1645	975	435	-87	171	-89	7804	39020	7804	70592049
-15786	-5156	-5552	1699	1015	461	-89	171	-91	7805	39025	7805	70592049
-15755	-5180	-5660	1739	1047	478	-89	171	-91	7806	39030	7806	70592075
-15692	-5147	-5610	1769	1079	490	-90	172	-93	7807	39035	7807	70592085
-15598	-5112	-5559	1799	1117	498	-90	172	-94	7808	39040	7808	70592088
-15493	-5080	-5574	1842	1167	491	-88	170	-93	7809	39045	7809	70592088
-15348	-5014	-5570	1890	1221	481	-87	169	-93	7810	39050	7810	70592088
-15250	-4931	-5577	1955	1270	465	-89	173	-91	7811	39055	7811	70592088
-15088	-4912	-5515	2021	1321	442	-90	174	-90	7812	39060	7812	70592089
-14911	-4872	-5468	2089	1375	406	-86	173	-96	7813	39065	7813	70592089
-14838	-4872	-5442	2161	1424	373	-85	173	-97	7814	39070	7814	70592118
-14737	-4885	-5451	2245	1482	330	-90	170	-97	7815	39075	7815	70592125
-14658	-4814	-5457	2335	1545	291	-91	169	-97	7816	39080	7816	70592125
-14522	-4724	-5487	2452	1600	246	-85	171	-96	7817	39085	7817	70592126
-14466	-4658	-5417	2563	1668	207	-84	172	-96	7818	39090	7818	70592126
-14372	-4596	-5422	2706	1729	156	-81	172	-94	7819	39095	7819	70592126
-14332	-4416	-5244	2897	1784	99	-80	172	-94	7820	39100	7820	70592126
-14260	-4374	-5226	3075	1856	59	-88	174	-98	7821	39105	7821	70592127
-14236	-4422	-5266	3251	1916	11	-88	174	-98	7822	39110	7822	70592163
-14220	-4312	-5186	3416	1952	-27	-87	173	-95	7823	39115	7823	70592164
-14204	-4300	-5104	3661	2010	-47	-87	173	-95	7824	39120	7824	70592164
-14250	-4320	-5050	3852	2009	-54	-92	170	-96	7825	39125	7825	70592164
-14344	-4384	-5130	4043	2026	-64	-92	170	-96	7826	39130	7826	70592164
-14358	-4388	-5006	4215	2041	-74	-84	174	-96	7827	39135	7827	70592165
-14397	-4309	-4943	4404	2034	-18	-84	174	-96	7828	39140	7828	70592172
-14467	-4396	-4963	4539	2006	23	-82	176	-98	7829	39145	7829	70592201
-14612	-4429	-5004	4644	1955	77	-83	175	-98	7830	39150	7830	70592201
-14685	-4497	-5018	4711	1894	162	-88	172	-100	7831	39155	7831	70592201
-14763	-4546	-4997	4751	1822	260	-86	173	-100	7832	39160	7832	70592201
-14860	-4618	-5082	4778	1754	340	-74	176	-98	7833	39165	7833	70592201
-14960	-4640	-5262	4760	1666	466	-74	176	-98	7834	39170	7834	70592201
-15082	-4776	-5092	4714	1547	622	-83	169	-99	7835	39175	7835	70592201
-15232	-4822	-5168	4614	1421	789	-83	169	-99	7836	39180	7836	70592211
-15336	-4901	-5276	4455	1254	1019	-82	178	-102	7837	39185	7837	70592241
-15417	-4888	-5373	4297	1106	1230	-82	176	-102	7838	39190	7838	70592241
-15485	-4870	-5470	4120	952	1440	-82	170	-102	7839	39195	7839	70592241
-15542	-4959	-5578	3907	790	1667	-81	170	-102	7840	39200	7840	70592241
-15656	-4921	-5678	3694	625	1889	-78	168	-104	7841	39205	7841	70592241
-15644	-4911	-5654	3461	481	2126	-80	169	-102	7842	39210	7842	70592241
-15558	-5016	-5781	3238	333	2352	-87	173	-93	7843	39215	7843	70592243
-15491	-5046	-6037	3054	198	2576	-85	173	-95	7844	39220	7844	70592258
-15462	-5136	-6274	2865	44	2811	-78	172	-102	7845	39225	7845	70592281
-15396	-5202	-6552	2730	-66	2991	-78	173	-101	7846	39230	7846	70592282
-15250	-5125	-6740	2566	-148	3187	-79	175	-99	7847	39235	7847	70592282
-15071	-5016	-6851	2411	-215	3384	-79	176	-98	7848	39240	7848	70592284
-14876	-5138	-6959	2316	-287	3505	-78	178	-96	7849	39245	7849	70592285
-14633	-5372	-7131	2216	-373	3505	-79	176	-97	7850	39250	7850	70592285
-14478	-5450	-7161	2052	-443	3490	-81	173	-99	7851	39255	7851	70592286
-14301	-5606	-7140	1845	-508	3523	-81	174	-101	7852	39260	7852	70592311
-14133	-5667	-7145	1587	-580	3536	-81	175	-105	7853	39265	7853	70592349
-14008	-5593	-7199	1321	-631	3561	-83	177	-106	7854	39270	7854	70592349
-13898	-5210	-7385	1186	-634	3637	-85	179	-107	7855	39275	7855	70592350
-13586	-5522	-7430	1129	-620	3762	-83	177	-106	7856	39280	7856	70592350
-13453	-6077	-7247	887	-714	3692	-81	175	-105	7857	39285	7857	70592351
-13554	-6225	-7168	500	-838	3494	-82	178	-101	7858	39290	7858	70592351
-13599	-6234	-7287	59	-875	3406	-84	182	-94	7859	39295	7859	70592359
-13484	-6137	-7367	-431	-888	3405	-82	180	-97	7860	39300	7860	70592380
-13365	-5420	-7500	-824	-908	3342	-79	177	-101	7861	39305	7861	70592398
-13217	-5082	-7509	-953	-899	3357	-79	175	-100	7862	39310	7862	70592398
-13215	-4821	-7520	-982	-893	3334	-79	173	-99	7863	39315	7863	70592398
-13268	-4660	-7703	-821	-815	3327	-81	174	-100	7864	39320	7864	70592399
-13252	-5268	-7822	-599	-699	3339	-82	174	-100	7865	39325	7865	70592399
-13307	-5736	-7952	-468	-640	3243	-78	171	-103	7866	39330	7866	70592399
-13379	-5874	-8121	-359	-566	3200	-75	169	-105	7867	39335	7867	70592413
-13345	-6224	-8120	-377	-491	3257	-79	170	-104	7868	39340	7868	70592426
-13360	-6204	-8025	-569	-449	3202	-82	170	-104	7869	39345	7869	70592429
-13344	-6026	-7940	-758	-341	3154	-79	173	-101	7870	39350	7870	70592429
-13248	-6073	-7425	-1081	-324	3140	-78	174	-100	7871	39355	7871	70592429
-13310	-6397	-7562	-1496	-350	2982	-84	172	-102	7872	39360	7872	70592429
-13466	-6388	-7806	-1727	-118	2925	-86	172	-102	7873	39365	7873	70592429
-13314	-6107	-7696	-1961	-108	3082	-82	176	-103	7874	39370	7874	70592429
-13314	-5468	-7277	-2328	-213	3086	-81	177	-103	7875	39375	7875	70592430
-13339	-5807	-7054	-2586	-148	3067	-83	180	-101	7876	39380	7876	70592430
-13371	-5802	-7056	-2980	-140	2970	-83	181	-101	7877	39385	7877	70592430
-13398	-5466	-6790	-3657	-177	2943	-87	175	-99	7878	39390	7878	70592430
-13458	-5452	-7152	-3904	-185	3050	-87	175	-99	7879	39395	7879	70592430
-13370	-6426	-6796	-4254	-137	3088	-82	176	-104	7880	39400	7880	70592440
-13906	-5632	-6718	-4740	-274	2807	-82	176	-104	7881	39405	7881	70592440
-13954	-4160	-6691	-4563	-218	3050	-86	174	-102	7882	39410	7882	70592440
-13550	-4013	-6675	-3996	-141	3616	-87	173	-101	7883	39415	7883	70592440
-13552	-4076	-6662	-3324	-112	3723	-86	172	-102	7884	39420	7884	70592465
-13767	-4128	-6743	-2564	-138	3667	-86	172	-102	7885	39425	7885	70592471
-14034	-4670	-6896	-1762	-94	3765	-89	175	-105	7886	39430	7886	70592471
-14076	-4948	-6924	-1386	-43	3729	-89	175	-105	7887	39435	7887	70592472
-14080	-5446	-6874	-1140	-19	3653	-89	179	-103	7888	39440	7888	70592472
-14128	-5990	-6946	-1060	21	3591	-89	179	-103	7889	39445	7889	70592472
-14172	-6234	-6910	-1126	26	3471	-84	178	-100	7890	39450	7890	70592499
-14354	-6092	-6894	-1249	40	3426	-84	178	-100	7891	39455	7891	70592510
-14210	-6222	-6938	-1351	57	3461	-90	176	-102	7892	39460	7892	70592510
-14188	-6188	-6960	-1462	89	3383	-90	176	-102	7893	39465	7893	70592511
-14120	-6152	-6998	-1532	113	3261	-88	178	-100	7894	39470	7894	70592511
-14106	-6167	-6957	-1587	134	3179	-89	177	-101	7895	39475	7895	70592512
-14064	-6216	-6918	-1624	156	3080	-94	172	-104	7896	39480	7896	70592512
-14085	-6276	-6839	-1681	154	2945	-93	173	-103	7897	39485	7897	70592515
-14087	-6316	-6829	-1764	174	2789	-88	176	-100	7898	39490	7898	70592528
-14030	-6294	-6769	-1823	186	2653	-90	175	-101	7899	39495	7899	70592554
-13958	-6360	-6664	-1880	180	2502	-96	170	-106	7900	39500	7900	70592555
-13971	-6315	-6710	-1913	186	2339	-95	170	-106	7901	39505	7901	70592556
-13934	-6316	-6498	-1902	186	2165	-90	170	-106	7902	39510	7902	70592557
-13931	-6313	-6526	-1872	190	1972	-92	172	-104	7903	39515	7903	70592558
-13943	-6380	-6466	-1852	180	1802	-95	175	-101	7904	39520	7904	70592559
-13944	-6441	-6402	-1838	169	1624	-92	174	-103	7905	39525	7905	70592560
-13910	-6438	-6367	-1838	170	1455	-87	173	-105	7906	39530	7906	70592568
-13918	-6462	-6386	-1848	168	1302	-89	173	-104	7907	39535	7907	70592585
-14007	-6444	-6373	-1862	170	1135	-95	175	-101	7908	39540	7908	70592586
-13984	-6507	-6398	-1907	178	968	-94	174	-101	7909	39545	7909	70592586
-13979	-6553	-6320	-1948	185	795	-91	171	-101	7910	39550	7910	70592586
-14016	-6600	-6321	-2008	208	612	-92	171	-102	7911	39555	7911	70592586
-14073	-6604	-6331	-2076	242	410	-94	172	-104	7912	39560	7912	70592586
-14101	-6561	-6289	-2112	267	246	-94	170	-103	7913	39565	7913	70592604
-14117	-6488	-6290	-2143	296	86	-94	166	-102	7914	39570	7914	70592632
-14139	-6415	-6276	-2161	326	-65	-95	170	-104	7915	39575	7915	70592632
-14164	-6341	-6230	-2141	365	-203	-97	177	-107	7916	39580	7916	70592632
-14156	-6286	-6117	-2090	415	-345	-97	178	-104	7917	39585	7917	70592632
-14146	-6206	-6016	-2022	452	-490	-97	179	-99	7918	39590	7918	70592632
-14112	-6105	-6005	-1918	497	-643	-97	177	-102	7919	39595	7919	70592632
-14168	-5988	-5981	-1773	545	-786	-97	175	-105	7920	39600	7920	70592638
-14167	-5914	-5946	-1607	585	-915	-97	176	-104	7921	39605	7921	70592658
-14146	-5888	-5861	-1428	622	-1043	-97	177	-103	7922	39610	7922	70592670
-14136	-5913	-5794	-1250	661	-1166	-97	177	-103	7923	39615	7923	70592670
-14118	-5938	-5785	-1081	697	-1296	-97	177	-103	7924	39620	7924	70592670
-14144	-5972	-5758	-928	735	-1413	-95	175	-98	7925	39625	7925	70592670
-14178	-6007	-5841	-784	771	-1520	-93	173	-95	7926	39630	7926	70592670
-14161	-6032	-5758	-657	788	-1634	-94	175	-101	7927	39635	7927	70592670
-14167	-6029	-5635	-537	803	-1770	-95	177	-105	7928	39640	7928	70592670
-14177	-5957	-5551	-435	812	-1881	-95	172	-105	7929	39645	7929	70592670
-14208	-5964	-5577	-354	830	-1990	-95	171	-105	7930	39650	7930	70592685
-14293	-5968	-5462	-308	845	-2103	-95	171	-100	7931	39655	7931	70592703
-14303	-5924	-5459	-267	843	-2188	-95	171	-99	7932	39660	7932	70592707
-14347	-5999	-5468	-232	836	-2278	-97	174	-100	7933	39665	7933	70592707
-14391	-6041	-5408	-215	827	-2374	-98	176	-100	7934	39670	7934	70592707
-14404	-6045	-5356	-217	804	-2469	-94	173	-101	7935	39675	7935	70592707
-14525	-6025	-5426	-240	776	-2575	-91	171	-101	7936	39680	7936	70592707
-14559	-5995	-5407	-252	753	-2667	-93	170	-105	7937	39685	7937	70592715
-14536	-5958	-5358	-269	727	-2750	-94	170	-106	7938	39690	7938	70592740
-14551	-5948	-5345	-295	682	-2837	-97	172	-104	7939	39695	7939	70592747
-14578	-5922	-5374	-319	646	-2919	-98	172	-104	7940	39700	7940	70592748
-14634	-5982	-5328	-341	614	-2996	-96	170	-105	7941	39705	7941	70592749
-14670	-5900	-5276	-358	589	-3076	-95	169	-105	7942	39710	7942	70592750
-14634	-5873	-5247	-379	554	-3166	-91	175	-104	7943	39715	7943	70592751
-14624	-5829	-5178	-397	515	-3247	-90	176	-104	7944	39720	7944	70592751
-14682	-5784	-5176	-422	461	-3336	-88	170	-102	7945	39725	7945	70592756
-14652	-5744	-5106	-438	419	-3426	-88	170	-102	7946	39730	7946	70592782
-14630	-5774	-5132	-472	379	-3521	-92	176	-100	7947	39735	7947	70592782
-14632	-5788	-5106	-493	344	-3597	-92	176	-100	7948	39740	7948	70592782
-14592	-5766	-5116	-500	297	-3686	-91	175	-109	7949	39745	7949	70592782
-14668	-5670	-5088	-534	248	-3770	-91	175	-109	7950	39750	7950	70592782
-14624	-5674	-5024	-577	215	-3854	-93	175	-101	7951	39755	7951	70592782
-14618	-5654	-5002	-610	166	-3934	-93	175	-101	7952	39760	7952	70592782
-14595	-5652	-4993	-646	120	-4016	-88	170	-106	7953	39765	7953	70592803
-14595	-5547	-5009	-658	61	-4093	-89	172	-105	7954	39770	7954	70592826
-14587	-5563	-4997	-697	-5	-4164	-91	179	-101	7955	39775	7955	70592826
-14626	-5543	-4917	-767	-61	-4227	-91	178	-102	7956	39780	7956	70592826
-14608	-5506	-4984	-806	-109	-4274	-92	174	-104	7957	39785	7957	70592826
-14640	-5480	-5006	-860	-164	-4334	-92	174	-104	7958	39790	7958	70592826
-14646	-5512	-4982	-910	-225	-4392	-84	172	-100	7959	39795	7959	70592826
-14564	-5398	-4962	-966	-272	-4432	-84	172	-100	7960	39800	7960	70592826
-14602	-5344	-5016	-1024	-317	-4469	-88	176	-100	7961	39805	7961	70592863
-14575	-5358	-4970	-1064	-391	-4513	-88	175	-101	7962	39810	7962	70592863
-14540	-5266	-4996	-1095	-437	-4541	-90	170	-104	7963	39815	7963	70592863
-14521	-5256	-4998	-1124	-493	-4568	-90	171	-104	7964	39820	7964	70592863
-14586	-5143	-4944	-1155	-540	-4593	-89	175	-105	7965	39825	7965	70592863
-14604	-5098	-5002	-1169	-582	-4609	-88	175	-105	7966	39830	7966	70592864
-14592	-5043	-5054	-1167	-619	-4615	-85	175	-103	7967	39835	7967	70592864
-14540	-4935	-5068	-1151	-659	-4614	-85	176	-102	7968	39840	7968	70592872
-14567	-4903	-5094	-1136	-685	-4612	-84	178	-100	7969	39845	7969	70592905
-14536	-4873	-5034	-1094	-718	-4604	-85	177	-100	7970	39850	7970	70592906
-14483	-4798	-4961	-1048	-742	-4593	-86	176	-100	7971	39855	7971	70592906
-14476	-4760	-4963	-994	-764	-4570	-84	175	-101	7972	39860	7972	70592906
-14481	-4686	-4960	-931	-794	-4531	-82	174	-102	7973	39865	7973	70592906
-14508	-4625	-4916	-861	-833	-4491	-81	173	-103	7974	39870	7974	70592906
-14550	-4612	-4926	-790	-870	-4444	-80	172	-104	7975	39875	7975	70592906
-14575	-4586	-5004	-711	-893	-4385	-81	174	-102	7976	39880	7976	70592912
-14610	-4574	-5017	-648	-920	-4326	-82	176	-100	7977	39885	7977	70592927
-14688	-4614	-5004	-604	-962	-4252	-84	174	-103	7978	39890	7978	70592937
-14717	-4622	-5020	-565	-1004	-4173	-86	172	-106	7979	39895	7979	70592937
-14710	-4647	-5046	-548	-1046	-4086	-83	176	-104	7980	39900	7980	70592937
-14738	-4655	-5057	-551	-1088	-3999	-81	179	-103	7981	39905	7981	70592937
-14818	-4634	-5092	-558	-1136	-3906	-81	179	-102	7982	39910	7982	70592937
-14898	-4620	-5194	-567	-1180	-3801	-82	178	-100	7983	39915	7983	70592937
-14917	-4610	-5245	-583	-1222	-3701	-82	177	-102	7984	39920	7984	70592949
-14954	-4587	-5226	-611	-1276	-3589	-83	175	-105	7985	39925	7985	70592969
-15005	-4543	-5250	-654	-1346	-3446	-86	177	-105	7986	39930	7986	70592975
-15071	-4540	-5301	-691	-1399	-3312	-88	178	-104	7987	39935	7987	70592975
-15064	-4520	-5314	-725	-1439	-3184	-81	177	-104	7988	39940	7988	70592975
-15081	-4505	-5349	-764	-1484	-3056	-76	176	-104	7989	39945	7989	70592975
-15139	-4550	-5353	-797	-1532	-2923	-81	177	-103	7990	39950	7990	70592976
-15164	-4534	-5379	-828	-1579	-2797	-85	177	-103	7991	39955	7991	70592981
-15171	-4523	-5398	-856	-1626	-2670	-83	173	-101	7992	39960	7992	70593004
-15199	-4543	-5414	-883	-1673	-2541	-81	171	-99	7993	39965	7993	70593017
-15174	-4522	-5396	-909	-1713	-2420	-80	177	-101	7994	39970	7994	70593017
-15108	-4449	-5404	-936	-1761	-2286	-79	181	-103	7995	39975	7995	70593018
-15092	-4436	-5414	-963	-1807	-2175	-77	179	-101	7996	39980	7996	70593018
-15148	-4401	-5404	-990	-1846	-2068	-76	178	-100	7997	39985	7997	70593018
-15064	-4461	-5456	-1014	-1887	-1969	-82	177	-99	7998	39990	7998	70593019
-15035	-4456	-5587	-1040	-1929	-1865	-83	177	-99	7999	39995	7999	70593044
-15055	-4504	-5589	-1075	-1947	-1770	-81	183	-93	8000	40000	8000	70593050
-14970	-4494	-5627	-1109	-1982	-1678	-80	184	-92	8001	40005	8001	70593051
-14959	-4523	-5649	-1142	-2025	-1590	-82	176	-97	8002	40010	8002	70593051
-14826	-4524	-5704	-1204	-2053	-1482	-82	174	-98	8003	40015	8003	70593051
-14930	-4548	-5830	-1258	-2080	-1420	-80	176	-98	8004	40020	8004	70593051
-14834	-4508	-5784	-1313	-2096	-1324	-80	176	-98	8005	40025	8005	70593051
-14857	-4531	-5874	-1355	-2111	-1265	-76	177	-102	8006	40030	8006	70593058
-14880	-4523	-5881	-1423	-2123	-1203	-75	177	-103	8007	40035	8007	70593083
-14810	-4534	-5884	-1478	-2139	-1133	-77	178	-101	8008	40040	8008	70593089
-14779	-4440	-5985	-1542	-2132	-1055	-78	178	-100	8009	40045	8009	70593089
-14770	-4459	-5996	-1594	-2125	-985	-77	179	-102	8010	40050	8010	70593089
-14774	-4444	-5972	-1629	-2106	-905	-77	179	-103	8011	40055	8011	70593090
-14754	-4392	-5962	-1668	-2097	-826	-76	184	-98	8012	40060	8012	70593090
-14740	-4298	-6026	-1676	-2064	-752	-76	184	-98	8013	40065	8013	70593090
-14662	-4292	-6102	-1660	-2043	-673	-75	181	-99	8014	40070	8014	70593116
-14672	-4234	-6072	-1638	-2006	-575	-75	181	-99	8015	40075	8015	70593126
-14658	-4180	-6164	-1584	-1946	-483	-70	178	-100	8016	40080	8016	70593126
-14646	-4130	-6148	-1523	-1903	-371	-70	178	-100	8017	40085	8017	70593126
-14580	-4116	-6056	-1434	-1854	-255	-76	186	-100	8018	40090	8018	70593127
-14594	-4080	-6142	-1331	-1793	-140	-76	186	-100	8019	40095	8019	70593127
-14572	-4027	-6173	-1187	-1711	13	-76	182	-92	8020	40100	8020	70593127
