-16407	-1990	-1414	930	160	1448	-405	-8	-121	8639	43195	8639	70596274
-16368	-1993	-1483	942	141	1508	-406	-4	-120	8640	43200	8640	70596275
-16420	-2055	-1544	927	138	1560	-406	-3	-120	8641	43205	8641	70596275
-16477	-2040	-1527	888	135	1608	-405	-1	-119	8642	43210	8642	70596276
-16434	-1948	-1459	840	117	1654	-404	-3	-121	8643	43215	8643	70596276
-16408	-1844	-1474	824	75	1710	-403	-5	-123	8644	43220	8644	70596276
-16459	-1710	-1509	844	20	1760	-403	-5	-124	8645	43225	8645	70596276
-16516	-1650	-1523	896	-30	1807	-403	-5	-125	8646	43230	8646	70596276
-16568	-1595	-1548	996	-51	1854	-403	-4	-122	8647	43235	8647	70596276
-16538	-1560	-1513	1133	-56	1902	-403	-3	-119	8648	43240	8648	70596276
-16522	-1579	-1580	1230	-79	1955	-404	-10	-120	8649	43245	8649	70596281
-16520	-1584	-1633	1314	-102	2010	-405	-15	-121	8650	43250	8650	70596284
-16475	-1624	-1615	1403	-135	2062	-404	-14	-123	8651	43255	8651	70596284
-16416	-1674	-1613	1469	-183	2115	-403	-13	-125	8652	43260	8652	70596284
-16385	-1726	-1630	1532	-226	2179	-403	-13	-123	8653	43265	8653	70596306
-16387	-1809	-1665	1609	-262	2248	-404	-12	-120	8654	43270	8654	70596339
-16388	-1793	-1729	1623	-307	2302	-404	-14	-122	8655	43275	8655	70596339
-16417	-1702	-1729	1577	-353	2362	-405	-17	-125	8656	43280	8656	70596340
-16461	-1606	-1615	1551	-415	2421	-402	-14	-126	8657	43285	8657	70596340
-16506	-1478	-1644	1588	-484	2481	-400	-12	-126	8658	43290	8658	70596340
-16573	-1393	-1718	1679	-545	2555	-403	-14	-127	8659	43295	8659	70596341
-16573	-1308	-1768	1771	-598	2638	-405	-15	-127	8660	43300	8660	70596345
-16490	-1190	-1716	1852	-657	2740	-403	-14	-129	8661	43305	8661	70596370
-16434	-1170	-1737	1958	-761	2840	-402	-14	-130	8662	43310	8662	70596386
-16449	-1160	-1809	2066	-869	2928	-406	-13	-131	8663	43315	8663	70596386
-16528	-1081	-1711	2187	-966	3027	-409	-13	-131	8664	43320	8664	70596386
-16536	-998	-1808	2347	-1065	3131	-405	-19	-130	8665	43325	8665	70596386
-16581	-976	-1854	2413	-1180	3272	-403	-23	-129	8666	43330	8666	70596386
-16578	-963	-1808	2386	-1317	3439	-402	-21	-130	8667	43335	8667	70596386
-16570	-826	-1885	2370	-1446	3611	-402	-20	-130	8668	43340	8668	70596386
-16623	-684	-1812	2391	-1549	3785	-400	-18	-133	8669	43345	8669	70596386
-16613	-663	-1624	2517	-1668	3960	-399	-17	-135	8670	43350	8670	70596386
-16699	-687	-1694	2748	-1817	4094	-398	-23	-133	8671	43355	8671	70596392
-16771	-657	-1732	2954	-1970	4214	-397	-27	-131	8672	43360	8672	70596415
-16788	-566	-1529	3070	-2118	4344	-395	-28	-136	8673	43365	8673	70596433
-16812	-538	-1602	3157	-2230	4452	-394	-28	-138	8674	43370	8674	70596437
-16755	-536	-1663	3271	-2348	4561	-397	-26	-136	8675	43375	8675	70596439
-16782	-125	-990	3137	-2467	4680	-398	-26	-136	8676	43380	8676	70596439
-16725	-130	-747	3382	-2582	4660	-397	-32	-137	8677	43385	8677	70596440
-16645	-393	-674	3843	-2730	4588	-397	-35	-137	8678	43390	8678	70596440
-16577	-676	-829	4155	-2880	4505	-397	-34	-138	8679	43395	8679	70596440
-16667	-825	-1043	4113	-2971	4434	-397	-33	-139	8680	43400	8680	70596441
-16725	-982	-1070	3883	-3009	4369	-389	-32	-141	8681	43405	8681	70596441
-16574	-980	-1060	3676	-3063	4294	-386	-32	-142	8682	43410	8682	70596441
-16634	-933	-1025	3464	-3151	4257	-392	-34	-142	8683	43415	8683	70596442
-16679	-978	-922	3273	-3216	4214	-394	-34	-142	8684	43420	8684	70596442
-16444	-1203	-812	3104	-3301	4146	-388	-35	-143	8685	43425	8685	70596443
-16522	-1195	-960	2968	-3397	4042	-387	-35	-143	8686	43430	8686	70596465
-16631	-1090	-962	2853	-3485	3965	-389	-43	-145	8687	43435	8687	70596470
-16714	-1114	-1002	2717	-3625	3917	-389	-45	-145	8688	43440	8688	70596470
-16700	-1212	-1100	2483	-3821	3881	-392	-42	-148	8689	43445	8689	70596470
-16732	-1247	-1270	2299	-3970	3887	-392	-42	-148	8690	43450	8690	70596470
-16848	-1280	-1392	2130	-4173	3909	-390	-44	-149	8691	43455	8691	70596470
-16742	-1316	-1504	1921	-4364	3913	-389	-45	-149	8692	43460	8692	70596470
-16918	-1450	-1516	1719	-4567	3935	-388	-41	-153	8693	43465	8693	70596500
-17095	-1482	-1493	1526	-4770	3948	-388	-40	-154	8694	43470	8694	70596508
-17051	-1735	-1597	1393	-4988	3976	-386	-40	-157	8695	43475	8695	70596508
-17091	-1867	-1582	1219	-5175	3964	-386	-40	-158	8696	43480	8696	70596508
-17280	-1894	-1538	1112	-5321	3938	-384	-43	-155	8697	43485	8697	70596508
-17376	-2070	-1464	1122	-5480	3934	-384	-44	-154	8698	43490	8698	70596508
-17580	-2156	-1456	1080	-5592	3873	-383	-37	-151	8699	43495	8699	70596508
-17654	-2138	-1078	893	-5626	3832	-383	-37	-151	8700	43500	8700	70596518
-17648	-2086	-960	737	-5629	3760	-386	-40	-152	8701	43505	8701	70596554
-17776	-2140	-702	612	-5616	3737	-386	-40	-152	8702	43510	8702	70596555
-17893	-2088	-602	521	-5591	3687	-387	-41	-155	8703	43515	8703	70596555
-18265	-2444	32	457	-5592	3564	-387	-41	-155	8704	43520	8704	70596556
-18691	-2610	530	306	-5640	3320	-380	-40	-153	8705	43525	8705	70596556
-19032	-2022	688	-133	-5614	3243	-378	-40	-152	8706	43530	8706	70596556
-19980	-2858	88	-134	-5313	3709	-385	-39	-159	8707	43535	8707	70596557
-19956	-5552	-1326	440	-4994	4024	-385	-39	-159	8708	43540	8708	70596557
-18866	-6844	-1188	377	-4909	3726	-385	-35	-149	8709	43545	8709	70596594
-17788	-6426	-302	-113	-5050	2933	-385	-35	-149	8710	43550	8710	70596594
-17440	-5884	-116	-250	-5214	2099	-382	-36	-148	8711	43555	8711	70596594
-18112	-5228	-492	-370	-5331	1452	-382	-36	-148	8712	43560	8712	70596594
-19068	-4014	-394	-850	-5352	1124	-381	-31	-149	8713	43565	8713	70596594
-18972	-3446	-328	-1207	-5269	1056	-381	-31	-149	8714	43570	8714	70596594
-18636	-3502	-239	-1223	-5168	1067	-380	-24	-150	8715	43575	8715	70596597
-18518	-3840	-236	-1099	-5106	1021	-380	-24	-150	8716	43580	8716	70596606
-18526	-4356	-346	-1004	-5043	847	-378	-20	-146	8717	43585	8717	70596633
-18482	-4484	-378	-975	-5030	579	-378	-20	-146	8718	43590	8718	70596634
-18534	-4146	-462	-897	-5037	301	-381	-17	-145	8719	43595	8719	70596634
-18612	-3950	-456	-662	-5055	42	-381	-17	-145	8720	43600	8720	70596635
-18822	-3620	-332	-294	-5108	-197	-377	-11	-135	8721	43605	8721	70596635
-18878	-3504	-124	213	-5156	-432	-377	-11	-135	8722	43610	8722	70596635
-18998	-3667	-34	776	-5200	-684	-376	-2	-142	8723	43615	8723	70596635
-19219	-3830	62	1173	-5235	-878	-375	0	-142	8724	43620	8724	70596636
-19670	-3936	87	1573	-5227	-1132	-372	8	-140	8725	43625	8725	70596643
-19834	-3819	489	1892	-5147	-1396	-372	10	-140	8726	43630	8726	70596672
-19572	-3648	907	2179	-5190	-1507	-374	16	-140	8727	43635	8727	70596672
-19413	-3313	1261	2515	-5286	-1595	-373	18	-140	8728	43640	8728	70596672
-18850	-3386	1488	2980	-5469	-1603	-370	26	-140	8729	43645	8729	70596673
-18890	-3468	1648	3600	-5676	-1781	-370	26	-140	8730	43650	8730	70596673
-18923	-3508	1750	4409	-5995	-2042	-360	38	-132	8731	43655	8731	70596673
-19020	-3419	1815	5087	-6213	-2308	-360	40	-133	8732	43660	8732	70596675
-19216	-3166	1948	5754	-6429	-2556	-358	46	-136	8733	43665	8733	70596689
-19144	-2972	1973	6439	-6642	-2761	-358	48	-135	8734	43670	8734	70596710
-19218	-2985	2052	7111	-6867	-2913	-359	55	-131	8735	43675	8735	70596710
-19386	-3040	2146	7656	-7079	-3049	-357	58	-131	8736	43680	8736	70596710
-19498	-3000	2266	8026	-7236	-3237	-348	68	-132	8737	43685	8737	70596710
-19394	-2924	2516	8290	-7372	-3434	-347	70	-133	8738	43690	8738	70596711
-19243	-2894	2596	8489	-7513	-3620	-342	76	-138	8739	43695	8739	70596711
-19076	-2787	2627	8622	-7660	-3825	-337	80	-137	8740	43700	8740	70596733
-18936	-2629	2753	8620	-7764	-3984	-330	86	-136	8741	43705	8741	70596766
-18848	-2498	2971	8543	-7860	-4118	-329	87	-135	8742	43710	8742	70596767
-18685	-2407	3010	8473	-7956	-4279	-325	91	-131	8743	43715	8743	70596767
-18434	-2340	2982	8349	-7992	-4450	-323	93	-131	8744	43720	8744	70596767
-18186	-2334	3061	8220	-8027	-4616	-317	101	-131	8745	43725	8745	70596767
-17998	-2514	3021	8115	-8058	-4764	-317	106	-131	8746	43730	8746	70596768
-17613	-2365	2855	7822	-8042	-4919	-315	125	-131	8747	43735	8747	70596768
-17408	-2233	2872	7437	-7990	-5121	-310	125	-130	8748	43740	8748	70596774
-17214	-2076	2830	7196	-7903	-5251	-303	125	-129	8749	43745	8749	70596794
-16952	-2107	2760	7071	-7815	-5353	-299	129	-127	8750	43750	8750	70596811
-16698	-2398	2639	6949	-7741	-5424	-294	136	-124	8751	43755	8751	70596812
-16373	-2235	2541	6623	-7623	-5601	-292	140	-124	8752	43760	8752	70596812
-16147	-1817	2470	6280	-7471	-5859	-289	147	-123	8753	43765	8753	70596812
-16068	-1767	2459	6099	-7376	-6000	-287	149	-121	8754	43770	8754	70596812
-15958	-1987	2389	5961	-7250	-6089	-282	152	-118	8755	43775	8755	70596813
-15853	-2291	2096	5606	-7042	-6202	-279	156	-116	8756	43780	8756	70596813
-15830	-2663	1917	4763	-6822	-6317	-269	167	-111	8757	43785	8757	70596821
-15767	-2535	1865	3795	-6589	-6384	-267	169	-111	8758	43790	8758	70596841
-15488	-1701	2056	2915	-6342	-6489	-265	173	-111	8759	43795	8759	70596851
-15428	-856	2257	2617	-6174	-6604	-263	178	-108	8760	43800	8760	70596852
-15330	-846	2278	2946	-5993	-6699	-260	186	-104	8761	43805	8761	70596852
-14775	-1733	2115	3201	-5712	-6804	-256	187	-104	8762	43810	8762	70596852
-14482	-2396	2158	2722	-5443	-6969	-251	189	-103	8763	43815	8763	70596852
-14459	-2325	2319	1749	-5192	-7188	-247	197	-99	8764	43820	8764	70596853
-14465	-1989	2364	1045	-4890	-7370	-242	204	-94	8765	43825	8765	70596853
-14346	-1743	2436	769	-4610	-7516	-238	202	-94	8766	43830	8766	70596853
-14154	-1569	2526	833	-4361	-7678	-236	200	-94	8767	43835	8767	70596853
-13963	-1432	2747	1176	-4117	-7857	-235	204	-91	8768	43840	8768	70596856
-13832	-1444	3133	1648	-3856	-8031	-233	211	-87	8769	43845	8769	70596873
-13779	-1696	3430	1891	-3581	-8159	-230	214	-83	8770	43850	8770	70596892
-13600	-1991	3745	1869	-3317	-8244	-226	218	-78	8771	43855	8771	70596892
-13327	-2239	4109	1626	-3063	-8355	-220	222	-80	8772	43860	8772	70596892
-13173	-2323	4405	1304	-2832	-8526	-214	226	-82	8773	43865	8773	70596892
-13073	-2343	4582	1074	-2613	-8702	-213	228	-79	8774	43870	8774	70596892
-12940	-2529	4636	932	-2379	-8870	-213	229	-77	8775	43875	8775	70596892
-12852	-2768	4611	767	-2168	-9044	-205	232	-73	8776	43880	8776	70596898
-12796	-2804	4656	474	-1962	-9261	-200	234	-70	8777	43885	8777	70596919
-12863	-2580	4741	119	-1754	-9495	-196	235	-65	8778	43890	8778	70596931
-12894	-2229	4879	-60	-1539	-9697	-194	236	-62	8779	43895	8779	70596931
-12868	-1956	5132	-8	-1305	-9856	-190	240	-61	8780	43900	8780	70596931
-12851	-1915	5408	180	-1085	-9996	-187	243	-61	8781	43905	8781	70596931
-12851	-1888	5640	358	-893	-10146	-184	248	-58	8782	43910	8782	70596932
-12816	-1777	5814	471	-731	-10302	-182	252	-56	8783	43915	8783	70596932
-12706	-1682	6030	530	-609	-10447	-178	256	-55	8784	43920	8784	70596937
-12632	-1603	6268	574	-504	-10588	-176	258	-54	8785	43925	8785	70596957
-12668	-1670	6361	591	-416	-10731	-168	262	-51	8786	43930	8786	70596968
-12610	-1689	6416	510	-329	-10870	-163	265	-49	8787	43935	8787	70596968
-12507	-1584	6505	323	-241	-11004	-159	264	-47	8788	43940	8788	70596968
-12463	-1534	6602	127	-149	-11185	-157	263	-45	8789	43945	8789	70596968
-12458	-1412	6627	53	-86	-11359	-147	269	-47	8790	43950	8790	70596968
-12511	-1206	6714	-16	-33	-11505	-144	270	-48	8791	43955	8791	70596968
-12500	-1016	6637	-76	8	-11631	-137	276	-39	8792	43960	8792	70596982
-12592	-828	6604	-93	73	-11749	-135	277	-37	8793	43965	8793	70597002
-12636	-643	6574	-43	116	-11824	-132	275	-36	8794	43970	8794	70597006
-12752	-470	6501	51	169	-11871	-130	274	-36	8795	43975	8795	70597006
-12978	-270	6527	125	232	-11907	-123	277	-37	8796	43980	8796	70597006
-13206	80	6692	184	288	-11922	-119	279	-37	8797	43985	8797	70597007
-13378	350	6879	414	362	-11879	-121	282	-36	8798	43990	8798	70597007
-13408	313	6944	772	409	-11788	-121	283	-35	8799	43995	8799	70597007
-13472	301	7058	1117	426	-11715	-108	286	-32	8800	44000	8800	70597040
-13653	355	7121	1665	473	-11670	-105	287	-31	8801	44005	8801	70597048
-13774	432	7445	2371	518	-11644	-100	295	-29	8802	44010	8802	70597048
-13872	597	7686	2971	533	-11588	-99	297	-29	8803	44015	8803	70597048
-14081	664	7932	3482	492	-11473	-93	295	-29	8804	44020	8804	70597048
-14230	749	8011	3896	452	-11316	-91	295	-29	8805	44025	8805	70597048
-14494	774	7986	4183	426	-11113	-85	295	-21	8806	44030	8806	70597048
-14684	724	7604	4482	454	-10977	-85	295	-21	8807	44035	8807	70597056
-14946	871	7779	4972	579	-10860	-75	297	-21	8808	44040	8808	70597084
-15058	1041	8436	5419	660	-10713	-73	297	-21	8809	44045	8809	70597091
-15043	938	8606	5895	628	-10485	-68	300	-23	8810	44050	8810	70597091
-15244	816	8223	6561	577	-10254	-67	301	-23	8811	44055	8811	70597092
-15470	1013	8145	7433	641	-10170	-60	300	-24	8812	44060	8812	70597092
-15520	1358	9100	8236	662	-10159	-58	300	-24	8813	44065	8813	70597093
-15378	1606	10052	8758	346	-9886	-50	300	-18	8814	44070	8814	70597093
-15658	1170	9826	8722	-96	-9392	-50	300	-18	8815	44075	8815	70597094
-15936	386	9468	8195	-478	-8895	-44	304	-16	8816	44080	8816	70597100
-16038	28	9212	7099	-801	-8454	-44	304	-16	8817	44085	8817	70597130
-15936	88	8886	5808	-1112	-8100	-37	303	-13	8818	44090	8818	70597130
-15706	96	8456	4761	-1403	-7767	-37	303	-13	8819	44095	8819	70597130
-15804	221	8028	4083	-1643	-7572	-31	309	-12	8820	44100	8820	70597130
-16162	241	7614	3416	-1853	-7317	-30	310	-12	8821	44105	8821	70597130
-16387	-298	7132	2962	-1999	-7056	-24	308	-11	8822	44110	8822	70597130
-16548	-314	6678	2442	-2131	-6837	-23	307	-11	8823	44115	8823	70597130
-16784	58	6614	2029	-2219	-6673	-19	307	-11	8824	44120	8824	70597179
-16514	410	6372	1816	-2314	-6416	-19	307	-11	8825	44125	8825	70597184
-16406	956	6242	1806	-2450	-6206	-12	304	-10	8826	44130	8826	70597184
-16556	1206	6300	2132	-2606	-6021	-12	304	-10	8827	44135	8827	70597184
-16748	1040	6164	2635	-2757	-5750	-17	307	-7	8828	44140	8828	70597184
-17094	1136	5872	3048	-2862	-5466	-17	307	-7	8829	44145	8829	70597186
-17158	1618	5528	3353	-2881	-5162	-4	306	-2	8830	44150	8830	70597186
-17345	1969	5523	3967	-2926	-4801	-3	306	-1	8831	44155	8831	70597187
-17494	1993	5227	4735	-2952	-4460	2	306	2	8832	44160	8832	70597191
-17483	1843	5116	5443	-2917	-4068	1	306	2	8833	44165	8833	70597208
-17426	1630	5256	5908	-2976	-3660	-3	307	1	8834	44170	8834	70597208
-17532	1404	4760	6491	-3073	-3167	-3	307	1	8835	44175	8835	70597208
-17600	726	4578	6900	-3060	-2723	5	307	3	8836	44180	8836	70597208
-17470	334	4396	6959	-3063	-2267	5	307	3	8837	44185	8837	70597208
-17502	814	4086	6920	-3104	-1941	6	316	4	8838	44190	8838	70597208
-17606	670	3850	7074	-3094	-1477	6	316	4	8839	44195	8839	70597208
-17573	82	3210	7449	-3084	-936	17	315	1	8840	44200	8840	70597225
-17485	-137	2916	7557	-3004	-575	17	315	2	8841	44205	8841	70597246
-17445	-173	2761	7511	-2934	-220	16	314	6	8842	44210	8842	70597246
-17512	-252	2524	7464	-2866	140	16	315	7	8843	44215	8843	70597246
-17555	-311	2209	7379	-2773	517	18	318	10	8844	44220	8844	70597247
-17484	-425	1939	7203	-2658	898	19	319	10	8845	44225	8845	70597247
-17497	-621	1761	6996	-2543	1250	23	323	9	8846	44230	8846	70597247
-17434	-694	1574	6887	-2437	1502	23	323	9	8847	44235	8847	70597248
-17398	-927	1205	6877	-2223	1822	25	321	11	8848	44240	8848	70597258
-17406	-865	1154	6730	-2053	2020	24	319	13	8849	44245	8849	70597280
-17430	-711	1082	6499	-1898	2231	19	313	19	8850	44250	8850	70597280
-17362	-510	1760	6118	-1799	2498	19	315	17	8851	44255	8851	70597280
-17471	-208	5719	5062	-2005	2743	21	323	11	8852	44260	8852	70597280
-18651	-2246	6850	2633	-2979	3014	22	322	11	8853	44265	8853	70597280
-17352	-7375	920	199	-3537	4139	24	318	10	8854	44270	8854	70597280
-17283	-11743	-5396	-3421	-3557	5298	24	319	12	8855	44275	8855	70597283
-18259	-10334	-10594	-6737	-2624	5049	26	322	20	8856	44280	8856	70597299
-17314	-5806	-10186	-9356	-1353	3979	23	323	18	8857	44285	8857	70597320
-16370	-4297	-8384	-9954	-578	3330	19	325	15	8858	44290	8858	70597320
-16321	-5867	-6866	-9686	69	3002	20	325	17	8859	44295	8859	70597320
-16678	-8419	-6144	-9721	575	2690	21	325	20	8860	44300	8860	70597320
-17040	-10284	-5616	-11384	1172	2452	22	326	13	8861	44305	8861	70597320
-17434	-11485	-5054	-13211	1665	2232	22	326	8	8862	44310	8862	70597324
-17882	-10134	-4546	-15512	1760	2066	21	327	8	8863	44315	8863	70597343
-17949	-9162	-4635	-17145	1960	1743	18	330	10	8864	44320	8864	70597362
-17789	-8059	-3615	-18748	2266	1134	16	331	9	8865	44325	8865	70597364
-18025	-7420	-1652	-19771	2429	688	13	333	7	8866	44330	8866	70597365
-18446	-7712	489	-20027	2484	520	15	333	7	8867	44335	8867	70597365
-18836	-8553	1798	-19768	2357	566	18	334	6	8868	44340	8868	70597366
-19076	-9097	2318	-19712	2145	627	19	337	6	8869	44345	8869	70597367
-19118	-8810	2554	-20059	1937	606	21	341	7	8870	44350	8870	70597375
-19076	-8098	2624	-20306	1784	574	18	339	5	8871	44355	8871	70597400
-18884	-7724	2686	-20174	1704	614	14	336	2	8872	44360	8872	70597419
-18576	-8045	2873	-19660	1664	701	15	338	2	8873	44365	8873	70597419
-18068	-8776	2881	-18857	1590	787	16	342	2	8874	44370	8874	70597419
-17517	-9353	2615	-17976	1479	821	15	342	2	8875	44375	8875	70597420
-17110	-9411	2522	-17107	1375	799	13	343	3	8876	44380	8876	70597420
-16948	-9097	2295	-16073	1358	753	12	343	1	8877	44385	8877	70597421
-16669	-9209	2229	-14909	1561	726	11	343	-3	8878	44390	8878	70597441
-16400	-9911	2708	-13618	1823	625	10	342	-5	8879	44395	8879	70597476
-16178	-10717	3249	-11785	1831	429	8	340	-8	8880	44400	8880	70597486
-15993	-11894	3813	-9321	1803	216	5	342	-11	8881	44405	8881	70597486
-16207	-13108	3963	-6831	1809	54	2	344	-14	8882	44410	8882	70597487
-16390	-13362	4040	-5040	1848	-164	6	345	-13	8883	44415	8883	70597487
-16436	-12974	4450	-3523	1898	-417	8	346	-12	8884	44420	8884	70597487
-16234	-12726	4978	-2029	1891	-598	8	342	-13	8885	44425	8885	70597488
-16063	-12747	5424	-428	1837	-745	7	337	-13	8886	44430	8886	70597488
-16079	-12862	5782	1231	1734	-895	5	341	-12	8887	44435	8887	70597488
-16092	-12784	6117	2649	1604	-997	3	347	-11	8888	44440	8888	70597493
-15937	-12358	6333	3931	1468	-1053	0	345	-12	8889	44445	8889	70597520
-15597	-11739	6404	4999	1242	-1103	-3	343	-13	8890	44450	8890	70597539
-15427	-11212	6392	5919	1033	-1164	3	344	-11	8891	44455	8891	70597539
-15249	-10964	6123	6720	805	-1155	7	345	-9	8892	44460	8892	70597540
-15044	-10500	5747	7259	575	-1104	4	344	-16	8893	44465	8893	70597540
-14844	-9702	5373	7607	363	-1061	2	344	-20	8894	44470	8894	70597540
-14674	-8964	5034	7928	188	-1014	3	341	-17	8895	44475	8895	70597540
-14490	-8353	4719	8230	70	-953	3	339	-15	8896	44480	8896	70597540
-14389	-7734	4392	8458	4	-915	4	339	-14	8897	44485	8897	70597540
-14267	-7077	4096	8598	-28	-877	5	339	-13	8898	44490	8898	70597540
-14199	-6565	4097	8626	-36	-862	3	344	-15	8899	44495	8899	70597540
-14149	-6264	4230	8636	-34	-825	2	346	-16	8900	44500	8900	70597540
-14090	-6058	4325	8615	-50	-795	2	345	-16	8901	44505	8901	70597540
-14161	-5801	4391	8475	-82	-776	2	344	-16	8902	44510	8902	70597551
-14303	-5605	4344	8237	-90	-740	3	342	-12	8903	44515	8903	70597569
-14334	-5636	4213	7876	-84	-672	3	341	-9	8904	44520	8904	70597577
-14237	-5634	4160	7258	-121	-625	9	342	-13	8905	44525	8905	70597577
-14266	-5555	4320	6345	-205	-567	13	343	-15	8906	44530	8906	70597577
-14486	-5363	4326	5574	-249	-574	7	345	-16	8907	44535	8907	70597577
-14372	-5619	4354	4849	-305	-552	6	346	-16	8908	44540	8908	70597577
-14542	-5646	4412	4053	-377	-510	3	341	-14	8909	44545	8909	70597577
-14626	-5557	4245	3157	-441	-461	2	340	-14	8910	44550	8910	70597577
-14589	-5400	4224	2310	-483	-385	5	342	-22	8911	44555	8911	70597577
-14573	-5255	4099	1625	-504	-329	6	342	-24	8912	44560	8912	70597577
-14667	-5380	3928	963	-531	-246	7	340	-19	8913	44565	8913	70597577
-14735	-5637	3722	87	-559	-110	7	339	-15	8914	44570	8914	70597618
-14723	-5533	3502	-687	-574	-79	6	341	-16	8915	44575	8915	70597632
-14709	-5730	3452	-1435	-561	21	6	342	-16	8916	44580	8916	70597633
-14844	-5628	3391	-2047	-579	-6	3	344	-13	8917	44585	8917	70597634
-14857	-5660	3413	-2582	-567	-5	2	344	-12	8918	44590	8918	70597635
-14948	-5705	3444	-3046	-547	3	4	344	-17	8919	44595	8919	70597635
-15086	-5906	3602	-3402	-528	7	4	344	-18	8920	44600	8920	70597636
-15117	-5978	3582	-3658	-513	14	5	340	-16	8921	44605	8921	70597640
-15251	-6024	3618	-3813	-501	14	5	339	-15	8922	44610	8922	70597663
-15474	-6186	3702	-3855	-484	13	7	339	-17	8923	44615	8923	70597669
-15546	-6350	3750	-3746	-465	-1	7	339	-17	8924	44620	8924	70597669
-15544	-6554	3742	-3530	-449	-14	-2	340	-18	8925	44625	8925	70597669
-15617	-6789	3710	-3311	-432	-38	-2	340	-18	8926	44630	8926	70597669
-15608	-6927	3811	-3013	-414	-61	6	342	-12	8927	44635	8927	70597669
-15588	-7113	3764	-2682	-402	-92	8	342	-10	8928	44640	8928	70597669
-15613	-7360	3799	-2320	-380	-132	8	342	-16	8929	44645	8929	70597669
-15574	-7462	3855	-1956	-367	-157	8	342	-18	8930	44650	8930	70597676
-15554	-7512	4000	-1511	-395	-201	4	346	-12	8931	44655	8931	70597705
-15522	-7610	4096	-1103	-395	-241	4	346	-12	8932	44660	8932	70597705
-15562	-7664	4192	-658	-414	-250	8	346	-10	8933	44665	8933	70597705
-15480	-7716	4212	-227	-436	-279	8	346	-10	8934	44670	8934	70597705
-15374	-7696	4270	159	-472	-304	6	350	-14	8935	44675	8935	70597705
-15290	-7516	4262	551	-513	-341	6	350	-14	8936	44680	8936	70597706
-15312	-7462	4152	926	-535	-353	3	345	-9	8937	44685	8937	70597706
-15198	-7290	4338	1270	-572	-390	3	345	-9	8938	44690	8938	70597706
-15244	-7104	4226	1602	-601	-424	6	346	-16	8939	44695	8939	70597706
-15178	-6894	4468	1937	-633	-438	6	346	-16	8940	44700	8940	70597745
-15192	-6796	4412	2247	-673	-420	2	344	-14	8941	44705	8941	70597745
-15072	-6690	4386	2546	-710	-414	2	344	-14	8942	44710	8942	70597746
-15138	-6622	4272	2772	-756	-412	-1	341	-11	8943	44715	8943	70597746
-15164	-6730	4146	2951	-769	-414	-1	341	-11	8944	44720	8944	70597747
-14958	-6776	4036	2991	-774	-414	5	345	-13	8945	44725	8945	70597759
-14934	-6594	3878	2963	-787	-442	5	345	-13	8946	44730	8946	70597759
-14894	-6534	3812	2853	-807	-464	2	340	-14	8947	44735	8947	70597760
-14878	-6427	3897	2742	-810	-498	3	340	-15	8948	44740	8948	70597782
-14854	-6400	3951	2676	-809	-524	5	339	-19	8949	44745	8949	70597783
-14858	-6284	3935	2582	-798	-550	4	338	-19	8950	44750	8950	70597783
-14842	-6180	3969	2462	-787	-562	1	333	-21	8951	44755	8951	70597783
-14882	-6018	3916	2351	-784	-564	1	333	-21	8952	44760	8952	70597783
-14878	-5884	4006	2244	-780	-554	3	343	-11	8953	44765	8953	70597783
-14908	-5778	4058	2141	-790	-550	3	343	-11	8954	44770	8954	70597783
-14816	-5812	3918	2045	-787	-536	5	343	-13	8955	44775	8955	70597795
-14804	-5868	3889	1867	-790	-520	5	343	-13	8956	44780	8956	70597820
-14761	-5786	3820	1708	-776	-512	5	343	-13	8957	44785	8957	70597821
-14753	-5674	3771	1522	-759	-504	4	343	-13	8958	44790	8958	70597822
-14664	-5628	3714	1342	-729	-495	1	343	-15	8959	44795	8959	70597827
-14679	-5568	3672	1154	-704	-489	2	343	-15	8960	44800	8960	70597827
-14795	-5547	3718	964	-669	-504	6	344	-14	8961	44805	8961	70597827
-14798	-5413	3790	759	-607	-491	5	344	-14	8962	44810	8962	70597833
-14809	-5298	3912	556	-568	-477	3	345	-15	8963	44815	8963	70597858
-14860	-5272	4047	401	-525	-461	3	344	-14	8964	44820	8964	70597858
-14923	-5292	4063	276	-490	-446	2	342	-10	8965	44825	8965	70597858
-14932	-5390	4130	169	-452	-422	4	342	-10	8966	44830	8966	70597858
-14959	-5452	4202	81	-425	-420	10	342	-12	8967	44835	8967	70597858
