-16554	-2814	-426	-956	-1779	1219	-403	-31	-147	11407	57035	11407	70610076
-16602	-2744	-402	-1003	-1660	1179	-402	-28	-148	11408	57040	11408	70610076
-16484	-2398	104	-1040	-1554	1144	-402	-28	-148	11409	57045	11409	70610076
-16362	1086	6548	-2005	-1297	1117	-412	-28	-142	11410	57050	11410	70610076
-15304	-2510	-1240	590	-1442	1359	-412	-28	-142	11411	57055	11411	70610087
-17682	-2078	-808	285	-1454	1020	-402	-28	-146	11412	57060	11412	70610114
-16534	-4912	-1684	316	-1425	1111	-402	-28	-146	11413	57065	11413	70610115
-16294	-4818	-1002	-676	-1297	790	-406	-30	-142	11414	57070	11414	70610115
-16831	-3680	-200	-2055	-1171	745	-406	-30	-142	11415	57075	11415	70610115
-16394	-2200	546	-2800	-1103	762	-408	-32	-144	11416	57080	11416	70610116
-16304	-1588	524	-2788	-1054	867	-408	-32	-144	11417	57085	11417	70610116
-16782	-1696	46	-2303	-1008	973	-407	-25	-131	11418	57090	11418	70610116
-17032	-1726	-126	-1979	-981	1063	-407	-25	-131	11419	57095	11419	70610171
-17086	-1462	-64	-1772	-974	1103	-411	-27	-139	11420	57100	11420	70610171
-17090	-1252	-100	-1555	-976	1124	-411	-27	-139	11421	57105	11421	70610172
-17042	-1392	-320	-1275	-916	1156	-408	-30	-138	11422	57110	11422	70610172
-16891	-1506	-391	-1033	-861	1134	-408	-29	-138	11423	57115	11423	70610172
-16814	-1690	-323	-900	-836	1107	-406	-26	-138	11424	57120	11424	70610173
-16710	-1764	-355	-758	-838	1093	-408	-26	-138	11425	57125	11425	70610173
-16680	-1980	-366	-609	-838	1098	-414	-28	-136	11426	57130	11426	70610174
-16707	-2315	-466	-576	-847	1115	-412	-28	-136	11427	57135	11427	70610174
-16607	-2346	-359	-718	-841	1134	-406	-28	-134	11428	57140	11428	70610175
-16520	-2273	-416	-844	-832	1140	-407	-28	-135	11429	57145	11429	70610180
-16432	-2336	-438	-906	-809	1146	-412	-28	-140	11430	57150	11430	70610202
-16492	-2519	-628	-1091	-814	1162	-411	-26	-140	11431	57155	11431	70610202
-16474	-2508	-527	-1355	-793	1153	-409	-19	-139	11432	57160	11432	70610202
-16538	-2370	-395	-1658	-777	1128	-409	-21	-138	11433	57165	11433	70610202
-16549	-2306	-341	-1881	-748	1120	-408	-28	-132	11434	57170	11434	70610202
-16504	-2391	-392	-2026	-719	1124	-410	-27	-132	11435	57175	11435	70610202
-16544	-2463	-364	-2238	-719	1110	-416	-24	-132	11436	57180	11436	70610204
-16590	-2543	-324	-2557	-716	1063	-416	-24	-132	11437	57185	11437	70610226
-16504	-2526	-114	-2948	-709	1015	-414	-22	-134	11438	57190	11438	70610285
-16567	-2432	-52	-3436	-723	962	-414	-23	-133	11439	57195	11439	70610286
-16519	-2144	41	-3962	-754	939	-415	-27	-129	11440	57200	11440	70610286
-16531	-2022	-2	-4300	-794	953	-414	-29	-126	11441	57205	11441	70610286
-16565	-2034	-120	-4531	-844	983	-412	-32	-122	11442	57210	11442	70610287
-16546	-2106	-218	-4720	-917	1017	-413	-31	-122	11443	57215	11443	70610288
-16586	-2123	-149	-5000	-1039	1064	-416	-26	-124	11444	57220	11444	70610288
-16619	-2087	-186	-5329	-1175	1097	-417	-25	-123	11445	57225	11445	70610289
-16567	-1904	-84	-5631	-1330	1147	-419	-23	-121	11446	57230	11446	70610290
-16444	-1680	-224	-5808	-1514	1239	-418	-23	-120	11447	57235	11447	70610299
-16466	-1676	-400	-5869	-1724	1339	-413	-23	-117	11448	57240	11448	70610319
-16477	-1850	-473	-5943	-1927	1413	-417	-24	-116	11449	57245	11449	70610319
-16527	-1926	-338	-6143	-2128	1467	-422	-26	-114	11450	57250	11450	70610319
-16544	-1792	-193	-6399	-2328	1538	-422	-28	-113	11451	57255	11451	70610319
-16542	-1632	-163	-6594	-2538	1636	-421	-31	-111	11452	57260	11452	70610319
-16577	-1586	-175	-6720	-2736	1751	-422	-29	-111	11453	57265	11453	70610319
-16568	-1649	-195	-6844	-2935	1878	-423	-25	-111	11454	57270	11454	70610331
-16525	-1683	-213	-6927	-3132	1980	-423	-24	-108	11455	57275	11455	70610353
-16525	-1763	-323	-6925	-3313	2081	-423	-23	-101	11456	57280	11456	70610360
-16643	-1784	-374	-6962	-3507	2197	-422	-22	-102	11457	57285	11457	70610360
-16633	-1668	-302	-7048	-3652	2274	-421	-21	-103	11458	57290	11458	70610360
-16609	-1592	-261	-7062	-3786	2361	-422	-23	-101	11459	57295	11459	70610360
-16599	-1526	-322	-6986	-3913	2444	-423	-25	-97	11460	57300	11460	70610360
-16624	-1462	-434	-6847	-4005	2514	-423	-23	-95	11461	57305	11461	70610361
-16693	-1390	-376	-6717	-4071	2553	-423	-21	-93	11462	57310	11462	70610361
-16755	-1352	-259	-6569	-4129	2590	-425	-25	-87	11463	57315	11463	70610361
-16750	-1329	-389	-6297	-4167	2649	-429	-31	-79	11464	57320	11464	70610361
-16710	-1338	-553	-5935	-4173	2696	-428	-27	-84	11465	57325	11465	70610361
-16740	-1296	-535	-5614	-4167	2705	-428	-24	-88	11466	57330	11466	70610361
-16762	-1314	-323	-5319	-4168	2705	-429	-25	-85	11467	57335	11467	70610366
-16738	-1286	-120	-5055	-4175	2723	-429	-25	-83	11468	57340	11468	70610369
-16698	-1226	-71	-4798	-4179	2770	-429	-27	-81	11469	57345	11469	70610369
-16678	-1144	-108	-4545	-4175	2831	-430	-30	-78	11470	57350	11470	70610375
-16697	-1059	-69	-4285	-4162	2875	-430	-30	-77	11471	57355	11471	70610389
-16668	-1156	9	-3975	-4147	2914	-430	-30	-76	11472	57360	11472	70610398
-16650	-1108	47	-3728	-4134	2922	-433	-28	-71	11473	57365	11473	70610398
-16664	-912	141	-3558	-4139	2931	-435	-27	-67	11474	57370	11474	70610398
-16613	-810	165	-3324	-4131	2966	-433	-29	-72	11475	57375	11475	70610398
-16578	-770	126	-3033	-4121	3005	-432	-30	-76	11476	57380	11476	70610398
-16569	-714	100	-2754	-4130	3040	-431	-29	-71	11477	57385	11477	70610398
-16616	-819	160	-2462	-4135	3075	-431	-29	-67	11478	57390	11478	70610405
-16714	-1078	184	-2164	-4142	3112	-430	-28	-71	11479	57395	11479	70610433
-16720	-1151	181	-1990	-4154	3145	-429	-27	-73	11480	57400	11480	70610450
-16655	-1057	197	-1882	-4175	3181	-432	-32	-69	11481	57405	11481	70610452
-16632	-948	236	-1759	-4223	3246	-434	-36	-66	11482	57410	11482	70610454
-16538	-885	184	-1603	-4285	3320	-433	-34	-67	11483	57415	11483	70610455
-16526	-807	99	-1414	-4363	3383	-433	-33	-67	11484	57420	11484	70610455
-16584	-862	60	-1253	-4436	3435	-435	-32	-68	11485	57425	11485	70610455
-16618	-1030	78	-1135	-4505	3468	-436	-32	-68	11486	57430	11486	70610461
-16691	-1033	193	-1093	-4601	3497	-432	-32	-68	11487	57435	11487	70610470
-16736	-852	270	-1065	-4704	3530	-430	-32	-68	11488	57440	11488	70610474
-16755	-694	274	-932	-4816	3603	-431	-34	-66	11489	57445	11489	70610474
-16824	-854	48	-738	-4896	3685	-431	-35	-65	11490	57450	11490	70610474
-16883	-996	5	-665	-4957	3733	-433	-32	-65	11491	57455	11491	70610474
-17019	-1073	250	-691	-5047	3782	-433	-31	-65	11492	57460	11492	70610474
-17085	-1028	472	-726	-5103	3798	-431	-30	-63	11493	57465	11493	70610474
-17154	-729	827	-827	-5168	3825	-430	-30	-62	11494	57470	11494	70610499
-17148	-476	1062	-808	-5236	3879	-431	-31	-62	11495	57475	11495	70610512
-17108	-274	1138	-673	-5263	3943	-432	-32	-62	11496	57480	11496	70610512
-17129	-129	1200	-522	-5279	4021	-433	-35	-65	11497	57485	11497	70610513
-17168	78	1221	-310	-5322	4083	-433	-37	-67	11498	57490	11498	70610513
-17152	78	1308	-54	-5356	4131	-429	-33	-65	11499	57495	11499	70610513
-17381	160	1244	212	-5356	4135	-428	-32	-64	11500	57500	11500	70610514
-17440	117	1236	501	-5358	4239	-434	-38	-66	11501	57505	11501	70610520
-17501	-17	1229	815	-5325	4273	-435	-39	-67	11502	57510	11502	70610544
-17479	-124	1157	1105	-5347	4309	-435	-37	-64	11503	57515	11503	70610550
-17700	-254	1183	1291	-5395	4346	-435	-37	-63	11504	57520	11504	70610550
-17766	-349	1216	1491	-5427	4364	-434	-38	-59	11505	57525	11505	70610550
-17960	-476	1062	1709	-5453	4426	-434	-38	-58	11506	57530	11506	70610550
-17907	-893	887	1870	-5433	4478	-431	-35	-60	11507	57535	11507	70610551
-18048	-1056	942	1995	-5447	4478	-430	-34	-60	11508	57540	11508	70610551
-18289	-1406	836	2151	-5496	4449	-435	-37	-62	11509	57545	11509	70610559
-18670	-1523	647	2291	-5532	4425	-436	-38	-62	11510	57550	11510	70610595
-18962	-1194	563	2326	-5527	4405	-429	-42	-64	11511	57555	11511	70610604
-19388	-430	760	2350	-5576	4407	-427	-43	-65	11512	57560	11512	70610604
-19986	425	479	2575	-5739	4509	-425	-43	-62	11513	57565	11513	70610604
-20764	1178	-370	3097	-5835	4614	-425	-43	-61	11514	57570	11514	70610604
-20938	1738	-630	3413	-5850	4644	-427	-41	-67	11515	57575	11515	70610604
-20960	1738	-582	3698	-6083	4760	-427	-41	-67	11516	57580	11516	70610604
-21216	1224	-974	4051	-6330	4850	-425	-43	-63	11517	57585	11517	70610632
-21270	942	-974	4119	-6557	4886	-425	-43	-63	11518	57590	11518	70610642
-21460	1084	-804	3944	-6798	4952	-424	-40	-66	11519	57595	11519	70610643
-21650	1174	-739	3815	-6961	5041	-424	-40	-66	11520	57600	11520	70610643
-21795	1022	-648	3702	-7091	5141	-418	-38	-66	11521	57605	11521	70610644
-22092	959	-538	3555	-7258	5171	-416	-38	-66	11522	57610	11522	70610644
-22720	876	-550	3481	-7381	5148	-415	-35	-71	11523	57615	11523	70610645
-23008	814	-618	3646	-7257	5039	-415	-35	-71	11524	57620	11524	70610645
-23148	714	-864	3889	-6980	5012	-404	-36	-68	11525	57625	11525	70610645
-24618	824	-2034	4639	-6272	4835	-404	-36	-68	11526	57630	11526	70610646
-26090	1074	-3358	7013	-4117	4255	-409	-31	-77	11527	57635	11527	70610655
-26094	1176	-3514	11250	-691	3379	-409	-31	-77	11528	57640	11528	70610679
-24528	1476	-3176	16022	2413	2561	-402	-34	-72	11529	57645	11529	70610679
-22590	1736	-2596	19800	3950	2476	-402	-34	-72	11530	57650	11530	70610679
-19416	2100	824	23471	3384	3240	-397	-35	-87	11531	57655	11531	70610679
-16960	1461	4364	25650	1333	4460	-395	-34	-87	11532	57660	11532	70610679
-15962	984	6392	26432	-1184	5707	-387	-31	-89	11533	57665	11533	70610679
-16538	-834	5984	26618	-3486	7042	-387	-31	-89	11534	57670	11534	70610679
-16448	-3596	5904	26219	-4411	7751	-378	-32	-104	11535	57675	11535	70610702
-15470	-5350	6272	24391	-5072	7651	-378	-32	-104	11536	57680	11536	70610719
-14570	-5958	6492	21388	-5577	7087	-363	-33	-111	11537	57685	11537	70610719
-14054	-5540	7204	17612	-5801	6275	-363	-33	-111	11538	57690	11538	70610719
-13980	-4978	7464	14319	-5879	5336	-354	-28	-112	11539	57695	11539	70610719
-13795	-3912	7148	11277	-5762	4286	-355	-28	-113	11540	57700	11540	70610720
-13461	-2184	6871	9350	-5541	3602	-358	-28	-118	11541	57705	11541	70610720
-13090	-729	6672	8302	-5268	3077	-356	-27	-117	11542	57710	11542	70610725
-13228	-1178	4756	8416	-4856	2559	-349	-25	-115	11543	57715	11543	70610751
-12922	-3535	1614	8876	-4201	1961	-349	-23	-116	11544	57720	11544	70610768
-12603	-5547	-293	8394	-3515	965	-348	-14	-118	11545	57725	11545	70610768
-12058	-7344	-1548	7560	-2797	-24	-348	-14	-118	11546	57730	11546	70610769
-10986	-8880	-1138	5717	-2126	-1197	-341	-7	-119	11547	57735	11547	70610769
-10314	-8916	529	2579	-1725	-2724	-341	-6	-117	11548	57740	11548	70610772
-10981	-8911	566	-91	-1461	-3989	-340	-4	-110	11549	57745	11549	70610786
-11600	-10198	-140	-2585	-1077	-4899	-340	-1	-111	11550	57750	11550	70610793
-11939	-11008	-1403	-5148	-482	-5834	-339	11	-113	11551	57755	11551	70610820
-12179	-11630	-2508	-7559	232	-6858	-340	13	-111	11552	57760	11552	70610821
-12198	-11366	-3095	-9947	1044	-7925	-343	21	-105	11553	57765	11553	70610821
-12283	-9964	-3220	-11911	1905	-9009	-343	23	-102	11554	57770	11554	70610821
-12667	-8371	-3244	-12996	2742	-9837	-341	31	-91	11555	57775	11555	70610821
-12750	-7203	-3008	-13189	3653	-10452	-340	34	-91	11556	57780	11556	70610822
-12944	-6420	-2715	-12479	4630	-10908	-336	44	-90	11557	57785	11557	70610824
-13364	-6156	-2610	-11705	5460	-11152	-337	49	-87	11558	57790	11558	70610838
-13628	-5910	-2619	-11266	6263	-11367	-338	58	-80	11559	57795	11559	70610857
-13798	-5156	-2358	-10892	7142	-11712	-338	60	-77	11560	57800	11560	70610857
-14103	-4393	-2050	-10217	7975	-12057	-337	69	-65	11561	57805	11561	70610857
-14474	-4102	-1927	-9273	8815	-12390	-339	73	-65	11562	57810	11562	70610857
-14770	-3178	-1562	-8269	9596	-12772	-347	87	-65	11563	57815	11563	70610857
-15118	-2658	-1234	-6920	10338	-13078	-344	91	-63	11564	57820	11564	70610857
-15429	-2024	-988	-5286	11097	-13496	-335	101	-57	11565	57825	11565	70610858
-15833	-1558	-752	-3803	11668	-13810	-335	104	-54	11566	57830	11566	70610858
-16481	-1315	-575	-2349	12186	-14051	-335	109	-49	11567	57835	11567	70610858
-17194	-1264	-296	-1112	12685	-14257	-336	115	-50	11568	57840	11568	70610858
-17828	-882	74	-171	13128	-14405	-337	125	-51	11569	57845	11569	70610861
-18381	-546	536	734	13478	-14473	-333	132	-51	11570	57850	11570	70610877
-18815	-440	1125	1608	13775	-14466	-328	142	-50	11571	57855	11571	70610893
-19200	-339	1783	2375	14039	-14451	-322	146	-50	11572	57860	11572	70610893
-19559	-372	2435	3245	14254	-14461	-313	153	-49	11573	57865	11573	70610893
-19814	-515	3252	4315	14398	-14510	-311	159	-50	11574	57870	11574	70610893
-19898	-732	4060	5546	14466	-14611	-308	168	-52	11575	57875	11575	70610893
-19832	-1052	4828	6881	14446	-14752	-305	172	-54	11576	57880	11576	70610893
-19784	-1513	5488	8251	14312	-14887	-301	177	-57	11577	57885	11577	70610905
-19832	-1984	6078	9510	14065	-15018	-299	184	-56	11578	57890	11578	70610926
-19959	-2355	6689	10540	13721	-15127	-295	195	-55	11579	57895	11579	70610930
-20010	-2684	7244	11265	13287	-15199	-291	199	-58	11580	57900	11580	70610930
-20019	-2821	7729	11579	12710	-15286	-286	204	-62	11581	57905	11581	70610931
-20275	-2733	8224	11460	12069	-15344	-277	211	-64	11582	57910	11582	70610931
-20526	-2639	8572	11072	11420	-15356	-271	215	-65	11583	57915	11583	70610931
-20465	-2332	8622	10437	10737	-15346	-263	222	-66	11584	57920	11584	70610937
-20255	-1752	8514	9767	10108	-15315	-257	227	-67	11585	57925	11585	70610955
-20132	-676	8498	9140	9453	-15303	-253	228	-71	11586	57930	11586	70610968
-20113	834	8432	8743	8697	-15281	-246	230	-76	11587	57935	11587	70610968
-20058	2071	8223	8873	7938	-15158	-240	233	-76	11588	57940	11588	70610969
-19959	3002	8117	9517	7115	-14904	-232	238	-76	11589	57945	11589	70610969
-19708	3757	7924	10524	6309	-14606	-229	243	-83	11590	57950	11590	70610970
-19545	3974	7928	11852	5563	-14308	-227	247	-87	11591	57955	11591	70610970
-19441	3665	8065	13274	4823	-13932	-213	251	-82	11592	57960	11592	70610975
-19231	3343	8248	14459	4077	-13549	-203	253	-79	11593	57965	11593	70610995
-18958	3048	8426	15480	3331	-13206	-196	260	-86	11594	57970	11594	70611006
-18608	2320	8640	16396	2585	-12782	-192	264	-90	11595	57975	11595	70611006
-18287	1481	8784	17088	1806	-12328	-181	261	-89	11596	57980	11596	70611007
-18073	821	8876	17462	1015	-11940	-173	259	-89	11597	57985	11597	70611007
-17942	359	9058	17530	225	-11585	-171	266	-91	11598	57990	11598	70611007
-17861	20	9122	17430	-541	-11233	-170	270	-92	11599	57995	11599	70611007
-17774	-351	9078	17220	-1279	-10847	-162	273	-96	11600	58000	11600	70611024
-17620	-566	9027	16889	-2025	-10492	-157	275	-99	11601	58005	11601	70611048
-17449	-607	8930	16498	-2762	-10180	-150	278	-97	11602	58010	11602	70611058
-17363	-581	8747	16137	-3448	-9876	-146	280	-96	11603	58015	11603	70611058
-17286	-431	8518	15783	-4093	-9589	-138	284	-97	11604	58020	11604	70611058
-17184	-86	8311	15414	-4729	-9282	-133	287	-97	11605	58025	11605	70611059
-17186	440	8082	15127	-5400	-8918	-126	285	-96	11606	58030	11606	70611059
-17226	720	7633	15019	-5960	-8554	-124	284	-96	11607	58035	11607	70611059
-17130	946	7328	14933	-6451	-8177	-113	292	-91	11608	58040	11608	70611077
-17011	1208	7015	14897	-6903	-7821	-110	294	-90	11609	58045	11609	70611082
-16961	1481	6612	14927	-7346	-7487	-100	293	-89	11610	58050	11610	70611082
-16967	1875	6409	14936	-7719	-7230	-97	293	-89	11611	58055	11611	70611082
-17038	2228	6176	15005	-8092	-6934	-95	295	-86	11612	58060	11612	70611082
-17127	2346	5868	15171	-8437	-6590	-94	296	-84	11613	58065	11613	70611082
-17188	2185	5419	15314	-8772	-6162	-85	298	-86	11614	58070	11614	70611082
-17086	1983	5131	15268	-9067	-5785	-82	298	-86	11615	58075	11615	70611088
-16981	1653	4880	15110	-9326	-5434	-76	300	-80	11616	58080	11616	70611113
-16898	1158	4622	14943	-9561	-5066	-74	300	-78	11617	58085	11617	70611119
-16786	639	4589	14624	-9768	-4739	-67	299	-74	11618	58090	11618	70611119
-16724	200	4581	14026	-10004	-4461	-65	299	-73	11619	58095	11619	70611119
-16765	-222	4312	13269	-10221	-4167	-56	303	-71	11620	58100	11620	70611119
-16831	-652	3945	12262	-10369	-3832	-54	304	-70	11621	58105	11621	70611119
-16745	-868	3936	10859	-10469	-3493	-51	306	-67	11622	58110	11622	70611119
-16590	-886	4060	9116	-10615	-3093	-50	306	-66	11623	58115	11623	70611157
-16487	-839	3872	8153	-10727	-2795	-51	309	-59	11624	58120	11624	70611157
-16392	-537	3548	7074	-10778	-2491	-51	309	-57	11625	58125	11625	70611157
-16352	-256	3327	5993	-10858	-2151	-41	311	-59	11626	58130	11626	70611158
-16541	-239	2954	5000	-10772	-1755	-39	311	-59	11627	58135	11627	70611158
-16457	-875	2147	3929	-10665	-1273	-35	310	-52	11628	58140	11628	70611158
-16205	-1048	1952	2636	-10524	-829	-34	310	-50	11629	58145	11629	70611159
-15985	-279	2078	1347	-10420	-527	-32	308	-47	11630	58150	11630	70611164
-15866	370	1912	336	-10380	-134	-32	308	-46	11631	58155	11631	70611194
-15882	348	1322	-183	-10094	203	-30	310	-50	11632	58160	11632	70611194
-15850	542	1060	-1166	-9865	443	-30	310	-50	11633	58165	11633	70611194
-15812	1220	1146	-2061	-9592	681	-27	307	-35	11634	58170	11634	70611194
-15702	1588	734	-2538	-9283	968	-27	307	-35	11635	58175	11635	70611194
-15552	1444	774	-2794	-8962	1326	-25	317	-35	11636	58180	11636	70611194
-15172	1134	641	-2980	-8677	1520	-25	317	-35	11637	58185	11637	70611194
-14944	454	561	-3219	-8410	1706	-27	312	-29	11638	58190	11638	70611200
-14848	-132	664	-3695	-8111	1819	-27	311	-27	11639	58195	11639	70611234
-15034	-514	778	-4098	-7862	1849	-16	320	-26	11640	58200	11640	70611241
-15184	-1374	532	-4428	-7554	1969	-16	320	-26	11641	58205	11641	70611241
-15136	-1502	490	-4893	-7211	2037	-15	317	-25	11642	58210	11642	70611241
-14944	-1130	824	-5587	-6930	2074	-15	317	-25	11643	58215	11643	70611241
-15092	-1022	1246	-5974	-6726	2115	-15	321	-15	11644	58220	11644	70611242
-15126	-1200	1544	-6095	-6508	2249	-15	321	-15	11645	58225	11645	70611242
-15228	-1574	1472	-6196	-6286	2328	-19	321	-15	11646	58230	11646	70611266
-15466	-1672	1354	-6273	-6058	2359	-19	321	-15	11647	58235	11647	70611271
-15647	-1530	1234	-6332	-5740	2380	-16	324	-12	11648	58240	11648	70611271
-15817	-1397	951	-6289	-5456	2431	-16	323	-11	11649	58245	11649	70611271
-15890	-1450	368	-6221	-5187	2478	-15	319	-7	11650	58250	11650	70611272
-16002	-1426	-90	-6174	-4871	2586	-15	319	-7	11651	58255	11651	70611272
-16046	-1284	-436	-6085	-4558	2682	-14	322	-12	11652	58260	11652	70611272
-16146	-1326	-810	-5897	-4232	2774	-14	322	-12	11653	58265	11653	70611279
-16106	-1688	-1182	-5712	-3862	2919	-14	322	-6	11654	58270	11654	70611308
-16058	-1932	-1352	-5753	-3469	3057	-14	322	-6	11655	58275	11655	70611308
-15972	-1928	-1178	-5987	-3053	3181	-14	326	-8	11656	58280	11656	70611308
-15986	-1862	-1199	-6049	-2776	3235	-14	325	-7	11657	58285	11657	70611308
-15879	-1908	-189	-6120	-2506	3257	-15	323	-5	11658	58290	11658	70611308
-15382	-2802	3571	-6024	-2412	3085	-14	323	-5	11659	58295	11659	70611308
-15691	-8211	-421	-5324	-2658	2282	-11	325	-7	11660	58300	11660	70611314
-17001	-10963	-8978	-7295	-2159	1401	-11	325	-7	11661	58305	11661	70611338
-16562	-9078	-12936	-12685	-1195	916	-11	327	-5	11662	58310	11662	70611338
-16711	-5228	-15333	-16796	-540	921	-11	328	-4	11663	58315	11663	70611339
-16226	-3410	-14676	-18579	152	1235	-12	332	0	11664	58320	11664	70611339
-14917	-5630	-11752	-17627	1223	1554	-13	333	-1	11665	58325	11665	70611339
-14785	-8636	-10834	-16216	2084	1462	-15	337	-7	11666	58330	11666	70611339
-15486	-10196	-10062	-16319	2892	1014	-14	336	-8	11667	58335	11667	70611341
-16882	-9781	-7753	-18049	3502	524	-12	330	-10	11668	58340	11668	70611354
-18680	-8351	-3914	-20406	3775	208	-12	331	-10	11669	58345	11669	70611374
-19423	-7444	129	-22358	3752	353	-13	337	-9	11670	58350	11670	70611374
-18834	-8470	3199	-23170	3619	827	-12	336	-10	11671	58355	11671	70611374
-19020	-9632	5681	-23696	3225	1195	-10	334	-12	11672	58360	11672	70611374
-19657	-9772	7546	-24653	2523	1505	-12	336	-14	11673	58365	11673	70611374
-19710	-9805	7819	-25543	1930	1782	-14	340	-16	11674	58370	11674	70611374
-19346	-9445	7050	-26366	1316	1888	-16	340	-14	11675	58375	11675	70611390
-18941	-8174	5717	-26573	839	1615	-19	341	-11	11676	58380	11676	70611415
-19010	-7329	3826	-25955	609	1180	-20	341	-11	11677	58385	11677	70611416
-19034	-9680	1069	-25184	328	1575	-22	340	-10	11678	58390	11678	70611416
-18154	-8679	86	-25977	236	1810	-21	341	-9	11679	58395	11679	70611416
-18567	-5390	-983	-25864	369	1753	-19	343	-7	11680	58400	11680	70611416
-19664	-5169	-3235	-22813	1501	3045	-20	342	-9	11681	58405	11681	70611419
-17424	-20499	-6003	-13518	3150	3167	-22	338	-14	11682	58410	11682	70611437
-18067	-23405	-7890	-9703	2949	797	-22	340	-16	11683	58415	11683	70611453
-18664	-17738	-3601	-12481	2424	-482	-22	344	-18	11684	58420	11684	70611453
-18527	-12254	-1680	-12534	2369	-850	-23	343	-16	11685	58425	11685	70611454
-18304	-7351	-482	-9398	2314	-1301	-25	341	-13	11686	58430	11686	70611454
-18580	-5637	1965	-5954	2312	-1600	-24	341	-15	11687	58435	11687	70611454
-18177	-6116	2807	-2374	2533	-1952	-23	341	-17	11688	58440	11688	70611455
-17620	-5980	2781	417	2616	-2217	-22	343	-16	11689	58445	11689	70611465
-17118	-5120	2277	2698	2431	-2362	-20	346	-14	11690	58450	11690	70611485
-16560	-4438	1570	4736	2114	-2367	-20	344	-16	11691	58455	11691	70611490
-16202	-4409	530	6064	1765	-2106	-20	342	-18	11692	58460	11692	70611490
-16124	-4713	-568	6299	1558	-1610	-20	344	-18	11693	58465	11693	70611490
-15950	-4496	-739	5402	1465	-1129	-20	346	-18	11694	58470	11694	70611490
-15738	-3855	-214	4172	1381	-769	-20	344	-19	11695	58475	11695	70611491
-15647	-3672	500	3140	1296	-476	-19	341	-21	11696	58480	11696	70611491
-15441	-4084	1344	2176	1193	-302	-18	344	-21	11697	58485	11697	70611519
-15384	-4568	2072	1203	1060	-302	-16	346	-20	11698	58490	11698	70611566
-15204	-4888	2328	182	868	-302	-15	345	-23	11699	58495	11699	70611579
-15131	-5118	2465	-962	626	-245	-15	345	-25	11700	58500	11700	70611579
-15122	-5221	2514	-2093	436	-196	-12	342	-23	11701	58505	11701	70611580
-15014	-5317	2486	-3010	315	-148	-10	340	-22	11702	58510	11702	70611580
-14893	-5214	2446	-3736	211	-114	-12	342	-22	11703	58515	11703	70611580
-14970	-4752	2354	-3934	102	-181	-14	346	-22	11704	58520	11704	70611586
-15216	-4198	2348	-3405	3	-357	-13	344	-20	11705	58525	11705	70611604
-15425	-3666	2410	-2736	-41	-480	-11	341	-17	11706	58530	11706	70611618
-15623	-3416	2246	-2166	24	-481	-13	339	-14	11707	58535	11707	70611618
-15710	-3264	2164	-1708	133	-459	-14	338	-12	11708	58540	11708	70611619
-15809	-3236	2134	-1230	271	-434	-14	339	-17	11709	58545	11709	70611619
-15841	-3430	2030	-648	421	-429	-14	340	-20	11710	58550	11710	70611619
-15849	-3845	1950	24	581	-438	-13	342	-19	11711	58555	11711	70611619
-15820	-4259	1920	773	719	-448	-13	343	-19	11712	58560	11712	70611619
-15840	-4661	1899	1631	827	-475	-12	340	-22	11713	58565	11713	70611619
-15853	-5347	1865	2677	923	-516	-12	338	-24	11714	58570	11714	70611619
-15895	-6011	1643	3495	999	-551	-16	339	-23	11715	58575	11715	70611619
-15892	-6414	1428	4317	1051	-644	-18	340	-22	11716	58580	11716	70611619
