-16481	-512	4446	574	-565	595	-19	153	131	12371	61855	12371	70614904
-16497	-493	4454	555	-619	614	-16	154	132	12372	61860	12372	70614920
-16520	-419	4386	553	-648	627	-20	151	132	12373	61865	12373	70614936
-16477	-338	4320	584	-638	631	-27	147	133	12374	61870	12374	70614937
-16495	-296	4361	659	-579	634	-26	150	134	12375	61875	12375	70614937
-16542	-272	4452	730	-495	631	-24	152	134	12376	61880	12376	70614937
-16483	-318	4562	790	-436	633	-28	150	134	12377	61885	12377	70614938
-16393	-326	4686	851	-440	648	-30	148	134	12378	61890	12378	70614938
-16403	-374	4793	926	-514	670	-26	149	135	12379	61895	12379	70614950
-16402	-417	4729	1012	-607	687	-24	150	136	12380	61900	12380	70614968
-16398	-438	4637	1071	-630	694	-24	152	135	12381	61905	12381	70614974
-16418	-468	4592	1113	-611	698	-25	154	134	12382	61910	12382	70614974
-16422	-529	4684	1158	-581	702	-23	156	135	12383	61915	12383	70614974
-16342	-576	4637	1208	-538	693	-22	156	136	12384	61920	12384	70614975
-16362	-490	4513	1224	-516	682	-22	156	141	12385	61925	12385	70614975
-16387	-489	4535	1264	-488	669	-22	156	142	12386	61930	12386	70614975
-16374	-532	4528	1328	-473	668	-24	151	137	12387	61935	12387	70615002
-16373	-500	4654	1425	-481	673	-24	150	136	12388	61940	12388	70615009
-16388	-455	4654	1532	-491	676	-24	152	136	12389	61945	12389	70615009
-16333	-539	4579	1648	-511	683	-24	152	136	12390	61950	12390	70615009
-16388	-501	4463	1747	-536	694	-24	155	131	12391	61955	12391	70615009
-16384	-436	4472	1809	-543	703	-24	156	130	12392	61960	12392	70615009
-16406	-354	4458	1808	-541	714	-23	155	131	12393	61965	12393	70615009
-16376	-302	4626	1810	-576	727	-23	155	131	12394	61970	12394	70615016
-16478	-310	4588	1777	-632	743	-24	156	134	12395	61975	12395	70615037
-16394	-258	4658	1770	-678	760	-24	156	134	12396	61980	12396	70615037
-16500	-222	4552	1765	-728	781	-24	152	138	12397	61985	12397	70615037
-16500	-254	4678	1808	-739	817	-24	152	138	12398	61990	12398	70615037
-16496	-240	4634	1883	-711	826	-24	152	134	12399	61995	12399	70615037
-16446	-274	4658	1977	-688	860	-24	152	134	12400	62000	12400	70615049
-16355	-323	4795	2042	-706	889	-29	155	137	12401	62005	12401	70615077
-16336	-335	4756	2032	-746	917	-28	155	136	12402	62010	12402	70615077
-16280	-422	4843	1987	-795	950	-25	157	133	12403	62015	12403	70615077
-16310	-524	4834	1921	-829	981	-24	157	132	12404	62020	12404	70615077
-16342	-502	4821	1866	-824	994	-19	155	129	12405	62025	12405	70615077
-16374	-546	4768	1879	-807	998	-21	154	130	12406	62030	12406	70615084
-16380	-568	4882	1898	-776	1006	-28	152	134	12407	62035	12407	70615108
-16384	-597	4985	1856	-750	1006	-29	152	135	12408	62040	12408	70615116
-16373	-533	5042	1835	-752	1002	-32	150	136	12409	62045	12409	70615116
-16460	-568	5009	1832	-751	1016	-28	151	138	12410	62050	12410	70615116
-16480	-581	4904	1833	-721	1036	-21	153	141	12411	62055	12411	70615116
-16413	-490	4912	1843	-662	1048	-22	152	139	12412	62060	12412	70615116
-16442	-444	4896	1916	-599	1063	-28	148	130	12413	62065	12413	70615119
-16356	-518	4974	2064	-612	1071	-27	149	131	12414	62070	12414	70615132
-16360	-516	4803	2222	-701	1079	-21	153	133	12415	62075	12415	70615154
-16360	-450	4784	2335	-813	1087	-21	154	133	12416	62080	12416	70615154
-16395	-449	4762	2430	-911	1110	-20	156	134	12417	62085	12417	70615154
-16433	-478	4740	2515	-934	1121	-23	156	134	12418	62090	12418	70615154
-16422	-442	4735	2568	-893	1143	-27	155	133	12419	62095	12419	70615154
-16400	-367	4760	2618	-824	1158	-25	156	135	12420	62100	12420	70615154
-16367	-385	4779	2692	-785	1167	-23	157	137	12421	62105	12421	70615154
-16292	-404	4877	2770	-794	1179	-25	156	135	12422	62110	12422	70615158
-16264	-391	4920	2844	-855	1187	-28	154	132	12423	62115	12423	70615177
-16196	-355	5034	2906	-992	1203	-28	153	134	12424	62120	12424	70615196
-16091	-300	5145	2885	-1271	1242	-27	151	137	12425	62125	12425	70615196
-16106	-341	5329	2768	-1634	1294	-24	153	132	12426	62130	12426	70615196
-16195	-326	5329	2654	-1857	1322	-22	154	128	12427	62135	12427	70615196
-16253	-278	5336	2510	-1884	1310	-26	155	129	12428	62140	12428	70615196
-16249	-229	5429	2371	-1766	1274	-28	156	130	12429	62145	12429	70615197
-16176	-163	5422	2342	-1611	1229	-30	154	129	12430	62150	12430	70615219
-16117	-45	5294	2459	-1484	1184	-31	153	129	12431	62155	12431	70615234
-16058	14	5205	2644	-1436	1148	-30	154	133	12432	62160	12432	70615234
-16028	-22	5078	2803	-1471	1118	-29	155	135	12433	62165	12433	70615234
-15949	-37	4969	2907	-1554	1085	-27	159	134	12434	62170	12434	70615234
-15960	-87	4860	2933	-1553	1056	-26	160	134	12435	62175	12435	70615234
-15909	-95	4815	2921	-1402	1013	-31	152	134	12436	62180	12436	70615234
-15673	-65	4940	2908	-1171	984	-32	150	134	12437	62185	12437	70615234
-15471	14	4929	2820	-1013	976	-27	153	132	12438	62190	12438	70615240
-15280	134	4969	2670	-959	977	-26	154	132	12439	62195	12439	70615265
-15128	246	5091	2564	-998	965	-28	156	133	12440	62200	12440	70615272
-15164	458	5160	2509	-1079	927	-29	157	133	12441	62205	12441	70615272
-15182	752	5232	2476	-1187	823	-34	160	130	12442	62210	12442	70615272
-15316	1126	5438	2443	-1280	714	-34	160	130	12443	62215	12443	70615272
-15586	1508	5528	2437	-1373	570	-30	152	134	12444	62220	12444	70615273
-15804	1876	5566	2530	-1280	399	-30	152	134	12445	62225	12445	70615273
-16038	2234	5534	2746	-1108	226	-29	149	133	12446	62230	12446	70615311
-16066	2404	5634	3016	-842	59	-29	149	133	12447	62235	12447	70615311
-15954	2494	5690	3209	-590	-86	-29	149	131	12448	62240	12448	70615312
-15876	2694	5810	3238	-352	-214	-29	149	131	12449	62245	12449	70615312
-15768	2816	5902	3131	-138	-277	-22	158	128	12450	62250	12450	70615312
-15772	2900	5908	3104	-20	-289	-25	158	130	12451	62255	12451	70615312
-15812	2896	5684	3244	15	-256	-35	159	137	12452	62260	12452	70615313
-15983	2768	5432	3485	-3	-225	-33	157	135	12453	62265	12453	70615325
-16209	2542	5145	3757	-38	-195	-25	151	129	12454	62270	12454	70615349
-16331	2264	4946	4033	-65	-156	-27	152	129	12455	62275	12455	70615349
-16462	2019	4738	4204	-81	-119	-35	155	127	12456	62280	12456	70615349
-16521	1711	4766	4210	-39	-67	-35	156	128	12457	62285	12457	70615349
-16653	1305	4895	4088	61	-14	-36	160	130	12458	62290	12458	70615349
-16718	1102	4983	3886	228	0	-34	158	132	12459	62295	12459	70615349
-16798	1051	5072	3740	414	5	-30	154	134	12460	62300	12460	70615349
-16902	1115	5008	3720	589	19	-28	156	132	12461	62305	12461	70615381
-16980	1142	4875	3799	768	34	-24	160	128	12462	62310	12462	70615428
-17014	1212	4841	3855	957	56	-26	159	128	12463	62315	12463	70615429
-17018	1354	4864	3829	1140	95	-28	158	128	12464	62320	12464	70615429
-17014	1454	4798	3691	1292	151	-27	159	126	12465	62325	12465	70615429
-16966	1604	4749	3408	1384	211	-26	160	122	12466	62330	12466	70615429
-16894	1891	4794	3034	1422	267	-26	161	127	12467	62335	12467	70615429
-16811	2229	5056	2801	1394	325	-26	162	132	12468	62340	12468	70615435
-16733	2459	5160	2814	1331	386	-29	161	128	12469	62345	12469	70615456
-16690	2392	5032	2968	1255	455	-31	161	125	12470	62350	12470	70615468
-16621	2192	4836	3057	1182	515	-34	160	123	12471	62355	12471	70615468
-16587	2065	4576	2953	1139	564	-36	160	122	12472	62360	12472	70615468
-16558	1946	4327	2725	1118	613	-34	159	122	12473	62365	12473	70615468
-16494	1825	4208	2483	1101	681	-30	158	122	12474	62370	12474	70615468
-16487	1681	4208	2334	1033	792	-31	161	124	12475	62375	12475	70615469
-16449	1418	4131	2225	873	938	-31	163	125	12476	62380	12476	70615469
-16491	1162	4028	1956	704	1069	-30	162	125	12477	62385	12477	70615469
-16620	905	3951	1580	543	1194	-29	159	126	12478	62390	12478	70615469
-16704	654	3836	1104	450	1308	-29	160	128	12479	62395	12479	70615469
-16760	383	3804	544	443	1381	-29	161	129	12480	62400	12480	70615469
-16770	149	3740	-17	487	1415	-31	160	127	12481	62405	12481	70615475
-16695	41	3748	-542	541	1420	-33	159	125	12482	62410	12482	70615479
-16598	146	3873	-1030	536	1413	-31	161	128	12483	62415	12483	70615479
-16573	432	4012	-1500	393	1401	-30	162	130	12484	62420	12484	70615479
-16754	770	4029	-1799	235	1400	-28	161	124	12485	62425	12485	70615504
-16868	1062	4060	-2023	188	1383	-27	161	123	12486	62430	12486	70615510
-16993	1494	3958	-2253	295	1352	-29	157	125	12487	62435	12487	70615512
-17063	1769	4031	-2485	452	1350	-30	156	126	12488	62440	12488	70615512
-16892	2040	4238	-2611	549	1356	-31	162	127	12489	62445	12489	70615512
-16846	2176	4407	-2476	546	1378	-31	163	127	12490	62450	12490	70615512
-16812	2230	4420	-2179	498	1407	-37	161	126	12491	62455	12491	70615513
-16748	2062	4206	-1892	517	1423	-38	160	126	12492	62460	12492	70615520
-16576	2106	4274	-1765	594	1412	-28	160	130	12493	62465	12493	70615548
-16294	2042	4458	-1598	601	1413	-28	160	130	12494	62470	12494	70615548
-16132	2162	4582	-1362	506	1403	-36	162	126	12495	62475	12495	70615548
-16150	2258	4556	-1119	395	1395	-36	162	126	12496	62480	12496	70615548
-16160	2376	4454	-919	377	1350	-31	157	123	12497	62485	12497	70615548
-16192	2448	4316	-749	481	1255	-31	157	123	12498	62490	12498	70615548
-16176	2544	4222	-604	645	1148	-28	160	122	12499	62495	12499	70615548
-16118	2634	4210	-452	815	1033	-28	160	122	12500	62500	12500	70615548
-16024	2620	4418	-304	955	927	-33	165	121	12501	62505	12501	70615555
-15886	2718	4637	-219	989	862	-32	165	122	12502	62510	12502	70615582
-15743	2648	4852	-105	919	836	-29	163	125	12503	62515	12503	70615585
-15760	2533	4996	32	783	815	-30	163	124	12504	62520	12504	70615585
-15800	2387	5009	107	639	805	-34	162	120	12505	62525	12505	70615585
-15777	2232	5072	54	517	785	-34	161	121	12506	62530	12506	70615586
-15810	2075	5136	-45	401	763	-35	159	125	12507	62535	12507	70615586
-15797	1921	5024	-47	258	767	-34	160	124	12508	62540	12508	70615588
-15989	1668	4833	75	49	779	-30	162	120	12509	62545	12509	70615606
-16150	1396	4628	140	-106	805	-33	161	122	12510	62550	12510	70615622
-16284	1167	4347	51	-181	827	-38	160	126	12511	62555	12511	70615623
-16497	978	4201	-215	-164	828	-35	162	125	12512	62560	12512	70615623
-16609	843	4057	-591	-67	816	-31	165	123	12513	62565	12513	70615623
-16610	734	3952	-935	56	795	-31	165	125	12514	62570	12514	70615623
-16639	654	3900	-1198	177	767	-32	164	128	12515	62575	12515	70615623
-16640	676	3887	-1407	262	745	-31	162	125	12516	62580	12516	70615638
-16541	664	4015	-1630	279	723	-29	159	121	12517	62585	12517	70615660
-16478	600	4120	-1907	199	726	-30	158	124	12518	62590	12518	70615660
-16562	542	4215	-2161	45	736	-30	158	126	12519	62595	12519	70615661
-16699	500	4244	-2354	-102	749	-31	158	125	12520	62600	12520	70615661
-16844	429	4091	-2465	-156	754	-32	158	124	12521	62605	12521	70615661
-16910	295	3843	-2535	-127	747	-31	161	123	12522	62610	12522	70615662
-16914	289	3688	-2594	-52	740	-31	163	123	12523	62615	12523	70615666
-16863	222	3585	-2615	8	739	-34	161	125	12524	62620	12524	70615686
-16841	182	3399	-2593	31	737	-36	160	126	12525	62625	12525	70615697
-16789	208	3207	-2584	74	722	-36	160	123	12526	62630	12526	70615697
-16707	236	3091	-2636	145	691	-36	160	122	12527	62635	12527	70615698
-16644	383	3155	-2781	228	663	-27	161	124	12528	62640	12528	70615698
-16467	634	3246	-2932	299	627	-25	161	125	12529	62645	12529	70615698
-16396	910	3354	-2998	319	616	-34	159	126	12530	62650	12530	70615698
-16356	1257	3469	-2977	302	625	-36	158	126	12531	62655	12531	70615704
-16425	1511	3456	-2901	296	628	-31	163	125	12532	62660	12532	70615725
-16484	1765	3510	-2809	317	623	-28	166	124	12533	62665	12533	70615736
-16554	2089	3723	-2691	375	616	-34	163	124	12534	62670	12534	70615736
-16545	2320	4007	-2546	424	610	-36	162	124	12535	62675	12535	70615736
-16400	2440	4142	-2400	385	623	-34	162	129	12536	62680	12536	70615736
-16289	2441	4204	-2204	310	644	-34	162	130	12537	62685	12537	70615736
-16209	2348	4086	-1963	223	679	-33	163	126	12538	62690	12538	70615736
-16191	2291	3849	-1687	162	704	-33	163	125	12539	62695	12539	70615766
-16185	2226	3854	-1420	101	715	-31	162	121	12540	62700	12540	70615774
-16266	2234	3876	-1183	23	717	-30	162	120	12541	62705	12541	70615774
-16234	2250	3794	-914	-71	707	-34	166	128	12542	62710	12542	70615774
-16238	2302	3736	-718	-97	696	-34	166	128	12543	62715	12543	70615775
-16144	2310	3682	-601	-50	655	-30	158	122	12544	62720	12544	70615775
-16122	2300	3618	-500	-43	630	-30	158	122	12545	62725	12545	70615775
-16020	2276	3610	-403	-61	609	-30	162	122	12546	62730	12546	70615782
-15986	2226	3714	-283	-78	555	-30	162	122	12547	62735	12547	70615811
-15906	2118	3648	-197	-82	492	-34	164	122	12548	62740	12548	70615811
-15914	2118	3784	-170	-101	428	-34	164	122	12549	62745	12549	70615811
-15902	2130	3860	-185	-160	384	-42	164	122	12550	62750	12550	70615811
-15836	2157	3788	-193	-241	322	-40	165	122	12551	62755	12551	70615811
-15845	2072	3808	-189	-322	288	-34	168	120	12552	62760	12552	70615811
-15878	2067	3971	-179	-420	260	-34	167	121	12553	62765	12553	70615813
-15976	2091	4051	-134	-541	248	-36	162	126	12554	62770	12554	70615826
-16008	2108	4216	9	-664	227	-35	162	126	12555	62775	12555	70615852
-16039	1973	4306	181	-770	150	-33	163	127	12556	62780	12556	70615852
-16295	1833	4244	325	-889	122	-33	163	126	12557	62785	12557	70615853
-16507	1634	4080	443	-985	180	-34	162	124	12558	62790	12558	70615854
-16387	1714	4218	559	-865	262	-33	161	122	12559	62795	12559	70615854
-16281	1534	4255	920	-724	318	-32	160	118	12560	62800	12560	70615855
-16519	1177	4160	1014	-794	186	-30	162	120	12561	62805	12561	70615869
-16414	1418	4230	596	-864	116	-28	166	122	12562	62810	12562	70615890
-16426	1499	4143	557	-823	75	-29	163	124	12563	62815	12563	70615890
-16344	1453	4116	672	-737	44	-30	158	126	12564	62820	12564	70615890
-16206	1464	4106	709	-640	22	-30	161	126	12565	62825	12565	70615890
-16140	1536	4071	735	-599	9	-31	165	127	12566	62830	12566	70615890
-16141	1470	4044	815	-618	10	-33	168	127	12567	62835	12567	70615890
-16167	1609	4149	808	-615	4	-34	170	126	12568	62840	12568	70615895
-16161	1788	4218	801	-599	5	-31	166	124	12569	62845	12569	70615921
-16248	1755	4132	932	-593	12	-29	163	123	12570	62850	12570	70615937
-16270	1710	3944	1067	-560	15	-31	165	122	12571	62855	12571	70615937
-16221	1926	3909	1085	-481	-2	-33	167	121	12572	62860	12572	70615938
-16184	2079	4101	1136	-413	-12	-35	169	123	12573	62865	12573	70615938
-16262	2061	4121	1266	-406	12	-36	170	124	12574	62870	12574	70615938
-16337	1991	4107	1367	-418	18	-29	168	126	12575	62875	12575	70615938
-16460	1803	4082	1437	-417	14	-24	166	128	12576	62880	12576	70615938
-16527	1842	4240	1447	-365	-21	-32	171	125	12577	62885	12577	70615968
-16595	1910	4135	1514	-316	-46	-34	172	124	12578	62890	12578	70615977
-16602	1893	3908	1657	-249	-88	-32	165	123	12579	62895	12579	70615977
-16650	1862	3868	1737	-130	-115	-31	163	123	12580	62900	12580	70615977
-16665	1837	3924	1800	-22	-118	-33	165	123	12581	62905	12581	70615977
-16654	1998	4059	1943	105	-131	-37	165	126	12582	62910	12582	70615977
-16639	2206	4210	2105	237	-147	-42	165	130	12583	62915	12583	70615978
-16742	2240	4026	2403	304	-128	-43	165	131	12584	62920	12584	70615978
-16784	1956	3908	2715	359	-66	-30	170	120	12585	62925	12585	70615978
-16634	2084	3846	2967	492	-75	-30	170	120	12586	62930	12586	70615978
-16636	2162	3800	3193	575	-93	-34	166	122	12587	62935	12587	70615984
-16920	1912	3566	3608	495	21	-34	166	122	12588	62940	12588	70616015
-17248	1876	3672	3834	426	72	-28	168	124	12589	62945	12589	70616015
-17172	2152	3726	4011	503	95	-28	168	124	12590	62950	12590	70616016
-17034	2462	3594	4209	560	76	-34	170	126	12591	62955	12591	70616016
-17316	2662	3492	4477	501	17	-34	170	126	12592	62960	12592	70616016
-17832	2118	3294	4739	399	130	-32	160	114	12593	62965	12593	70616016
-17836	2030	3384	4902	572	268	-32	160	114	12594	62970	12594	70616017
-17238	2232	3326	4946	967	237	-32	168	116	12595	62975	12595	70616053
-17032	2300	3256	5008	1199	134	-32	168	116	12596	62980	12596	70616053
-17014	2462	3280	5538	1126	206	-39	167	123	12597	62985	12597	70616054
-17424	1884	3506	6319	1168	156	-39	167	123	12598	62990	12598	70616054
-17236	1888	3014	6660	1258	143	-37	167	119	12599	62995	12599	70616054
-17076	2386	3000	6450	1390	26	-37	167	119	12600	63000	12600	70616054
-17069	2507	3325	6971	1407	-18	-33	167	121	12601	63005	12601	70616056
-17242	1946	3774	7583	1397	44	-34	166	120	12602	63010	12602	70616069
-17233	1722	3860	7485	1407	95	-37	161	117	12603	63015	12603	70616095
-17005	2174	3732	6846	1421	112	-38	162	116	12604	63020	12604	70616096
-16934	2552	3738	6397	1386	115	-40	168	112	12605	63025	12605	70616096
-17062	2372	3718	6119	1314	190	-37	167	112	12606	63030	12606	70616097
-17080	2334	3956	5716	1294	328	-27	165	111	12607	63035	12607	70616097
-16749	2214	4408	5509	1388	453	-29	166	112	12608	63040	12608	70616097
-16233	1840	5218	5408	1318	628	-36	168	114	12609	63045	12609	70616097
-16000	1475	5915	5247	938	746	-37	169	113	12610	63050	12610	70616109
-16042	1113	6401	4962	414	808	-39	171	111	12611	63055	12611	70616126
-16007	752	6402	4546	-42	822	-37	169	109	12612	63060	12612	70616126
-15815	515	6054	3980	-355	786	-35	167	107	12613	63065	12613	70616126
-15680	476	5329	3446	-614	729	-32	167	109	12614	63070	12614	70616126
-15805	634	4457	2988	-823	675	-27	167	113	12615	63075	12615	70616127
-15979	962	3739	2530	-918	640	-31	167	114	12616	63080	12616	70616127
-16094	1482	3298	2020	-829	625	-36	168	116	12617	63085	12617	70616128
-16069	1977	3222	1620	-684	653	-33	169	115	12618	63090	12618	70616149
-16026	2214	3134	1311	-673	706	-31	169	115	12619	63095	12619	70616164
-16161	2415	2895	926	-778	774	-38	165	111	12620	63100	12620	70616164
-16359	2689	2591	495	-830	827	-42	162	108	12621	63105	12621	70616164
-16418	2992	2552	180	-750	859	-40	169	106	12622	63110	12622	70616165
-16406	3233	2512	42	-641	899	-39	173	105	12623	63115	12623	70616165
-16444	3350	2561	-39	-578	942	-37	169	109	12624	63120	12624	70616187
-16608	3406	2814	-128	-557	966	-36	166	112	12625	63125	12625	70616201
-16773	3348	3144	-158	-508	964	-39	165	115	12626	63130	12626	70616201
-16814	3199	3604	-119	-457	939	-40	164	116	12627	63135	12627	70616201
-16844	2837	3784	-20	-502	899	-35	164	113	12628	63140	12628	70616201
-16879	2485	3542	139	-569	817	-34	164	112	12629	63145	12629	70616201
-16739	2125	3252	306	-510	709	-36	166	113	12630	63150	12630	70616201
-16436	1790	3223	472	-368	572	-37	167	113	12631	63155	12631	70616209
-16117	1583	3521	575	-296	458	-34	169	111	12632	63160	12632	70616235
-15860	1450	3807	731	-384	367	-33	169	111	12633	63165	12633	70616241
-15576	1394	4050	931	-590	303	-37	167	117	12634	63170	12634	70616241
-15468	1438	4056	953	-706	282	-37	167	117	12635	63175	12635	70616241
-15466	1588	3948	769	-776	281	-35	167	115	12636	63180	12636	70616241
-15334	1854	3936	610	-805	293	-35	167	115	12637	63185	12637	70616241
-15274	2002	3754	628	-848	315	-40	168	114	12638	63190	12638	70616241
-15366	2108	3928	741	-973	342	-40	168	114	12639	63195	12639	70616250
-15532	2168	4118	859	-1127	392	-36	166	116	12640	63200	12640	70616278
-15744	2180	4268	981	-1247	435	-36	166	116	12641	63205	12641	70616278
-15810	2168	4162	994	-1334	462	-35	169	107	12642	63210	12642	70616279
-15966	2162	4061	853	-1417	485	-36	169	109	12643	63215	12643	70616279
-15956	2094	3966	745	-1464	500	-41	169	115	12644	63220	12644	70616279
-16088	2072	3826	753	-1525	514	-41	168	115	12645	63225	12645	70616279
-16175	1901	3612	826	-1572	517	-39	163	115	12646	63230	12646	70616289
-16383	1878	3367	817	-1552	523	-38	164	114	12647	63235	12647	70616327
-16458	1973	3384	735	-1462	517	-36	166	112	12648	63240	12648	70616328
-16475	2024	3443	625	-1392	494	-36	166	112	12649	63245	12649	70616328
-16590	2120	3614	509	-1379	490	-37	167	111	12650	63250	12650	70616329
-16731	2148	3659	412	-1400	487	-38	168	114	12651	63255	12651	70616329
-16760	2175	3678	353	-1421	493	-39	169	119	12652	63260	12652	70616330
-16848	2218	3596	209	-1428	488	-39	167	117	12653	63265	12653	70616330
-16828	2116	3598	-2	-1396	476	-37	161	111	12654	63270	12654	70616337
-16696	1986	3408	-278	-1353	463	-38	161	111	12655	63275	12655	70616361
-16578	1935	3336	-601	-1351	445	-40	162	112	12656	63280	12656	70616367
-16552	2017	3273	-977	-1387	438	-39	163	112	12657	63285	12657	70616368
-16496	2040	3110	-1301	-1416	434	-35	167	113	12658	63290	12658	70616368
-16434	2067	2967	-1550	-1434	439	-37	165	115	12659	63295	12659	70616368
-16398	2192	2831	-1762	-1464	435	-39	163	117	12660	63300	12660	70616368
-16410	2386	2525	-1983	-1482	422	-39	164	116	12661	63305	12661	70616369
-16487	2534	2357	-2187	-1437	402	-40	166	114	12662	63310	12662	70616380
-16544	2782	2363	-2350	-1322	369	-38	169	116	12663	63315	12663	70616401
-16558	3039	2444	-2411	-1200	324	-36	174	118	12664	63320	12664	70616406
-16545	3195	2525	-2362	-1094	283	-35	172	117	12665	63325	12665	70616407
-16558	3307	2430	-2276	-988	239	-33	169	115	12666	63330	12666	70616407
-16505	3362	2346	-2192	-847	196	-36	165	117	12667	63335	12667	70616407
-16492	3404	2321	-2089	-712	160	-39	161	119	12668	63340	12668	70616407
-16570	3388	2338	-1947	-597	121	-38	163	117	12669	63345	12669	70616407
-16514	3291	2368	-1797	-470	82	-37	165	115	12670	63350	12670	70616407
-16469	3289	2457	-1708	-349	59	-35	168	117	12671	63355	12671	70616407
-16407	3374	2658	-1610	-282	51	-34	170	118	12672	63360	12672	70616407
-16333	3341	2905	-1379	-285	52	-32	166	117	12673	63365	12673	70616428
-16258	3230	3027	-1066	-307	60	-31	163	117	12674	63370	12674	70616443
-16209	3110	3100	-814	-300	57	-35	162	116	12675	63375	12675	70616443
-16138	2977	3126	-603	-241	43	-38	162	116	12676	63380	12676	70616443
-16114	2886	2948	-378	-190	14	-38	167	116	12677	63385	12677	70616443
-16117	2750	2813	-74	-167	-6	-38	168	116	12678	63390	12678	70616444
-16044	2576	2710	210	-109	-21	-38	165	114	12679	63395	12679	70616444
-15831	2426	2844	347	-9	-39	-38	164	114	12680	63400	12680	70616457
-15724	2460	3144	423	36	-49	-37	166	113	12681	63405	12681	70616476
-15859	2412	3532	511	-79	-34	-37	167	113	12682	63410	12682	70616480
-16314	2286	3927	592	-309	-24	-37	165	115	12683	63415	12683	70616481
-16896	2166	4176	676	-500	-63	-37	165	115	12684	63420	12684	70616481
-17302	1980	4188	875	-445	-174	-36	170	114	12685	63425	12685	70616481
-17398	1578	4102	1166	-288	-300	-36	170	114	12686	63430	12686	70616482
-17048	1204	3722	1406	-187	-398	-33	169	115	12687	63435	12687	70616482
-16856	710	3536	1535	-168	-494	-33	169	115	12688	63440	12688	70616506
-16604	532	3372	1513	-136	-556	-34	166	120	12689	63445	12689	70616516
-16386	438	3440	1421	-96	-622	-34	166	120	12690	63450	12690	70616517
-16198	560	3486	1346	-96	-656	-41	165	115	12691	63455	12691	70616517
-16172	792	3646	1270	-218	-643	-41	165	115	12692	63460	12692	70616517
-16346	979	3694	1140	-419	-576	-39	171	113	12693	63465	12693	70616517
-16483	1197	3524	958	-511	-502	-39	170	113	12694	63470	12694	70616519
-16520	1485	3346	737	-526	-415	-38	166	114	12695	63475	12695	70616534
-16539	1662	3466	489	-506	-341	-38	166	115	12696	63480	12696	70616559
-16578	1880	3470	254	-451	-299	-38	164	118	12697	63485	12697	70616559
-16548	2162	3495	110	-414	-252	-38	165	117	12698	63490	12698	70616560
-16490	2240	3684	39	-423	-201	-37	167	115	12699	63495	12699	70616560
