-16687	591	-1257	-1919	943	237	-513	79	-133	14229	71145	14229	70624201
-16679	589	-1244	-1890	986	227	-514	76	-133	14230	71150	14230	70624201
-16700	574	-1277	-1872	1035	207	-515	71	-133	14231	71155	14231	70624202
-16733	601	-1273	-1874	1052	193	-520	73	-133	14232	71160	14232	70624202
-16703	626	-1243	-1879	1045	174	-523	75	-133	14233	71165	14233	70624203
-16667	605	-1227	-1887	1043	164	-522	75	-135	14234	71170	14234	70624224
-16659	594	-1215	-1906	1024	145	-521	75	-137	14235	71175	14235	70624238
-16687	584	-1243	-1931	1001	116	-521	73	-136	14236	71180	14236	70624238
-16708	566	-1300	-1955	1002	99	-521	71	-135	14237	71185	14237	70624238
-16699	565	-1354	-1980	1008	83	-520	73	-138	14238	71190	14238	70624238
-16631	559	-1433	-2019	1013	40	-520	74	-140	14239	71195	14239	70624238
-16674	586	-1532	-2054	1031	2	-519	75	-134	14240	71200	14240	70624239
-16645	525	-1576	-2090	1039	-44	-519	75	-133	14241	71205	14241	70624239
-16639	462	-1585	-2125	1042	-76	-521	78	-135	14242	71210	14242	70624268
-16699	412	-1583	-2154	1027	-95	-521	79	-135	14243	71215	14243	70624283
-16741	436	-1544	-2166	1023	-134	-516	76	-140	14244	71220	14244	70624285
-16759	420	-1496	-2162	1029	-171	-515	75	-141	14245	71225	14245	70624285
-16780	368	-1534	-2159	1033	-192	-518	73	-136	14246	71230	14246	70624285
-16818	302	-1599	-2147	1053	-205	-519	73	-135	14247	71235	14247	70624286
-16852	336	-1640	-2126	1094	-246	-525	73	-137	14248	71240	14248	70624286
-16812	328	-1666	-2086	1151	-282	-525	73	-137	14249	71245	14249	70624294
-16814	244	-1706	-2060	1211	-301	-522	72	-138	14250	71250	14250	70624370
-16884	198	-1776	-2042	1283	-328	-522	72	-138	14251	71255	14251	70624370
-16904	178	-1748	-2037	1365	-358	-523	83	-139	14252	71260	14252	70624370
-16698	180	-1664	-2055	1439	-405	-523	83	-139	14253	71265	14253	70624370
-16658	80	-1736	-2081	1507	-430	-518	76	-138	14254	71270	14254	70624370
-16696	98	-1794	-2131	1556	-452	-518	76	-138	14255	71275	14255	70624370
-16668	44	-1694	-2198	1595	-501	-519	75	-137	14256	71280	14256	70624370
-16614	88	-1798	-2260	1617	-533	-519	75	-137	14257	71285	14257	70624370
-16642	-22	-1746	-2326	1612	-574	-521	75	-133	14258	71290	14258	70624370
-16572	-8	-1754	-2403	1578	-614	-521	75	-133	14259	71295	14259	70624377
-16628	-54	-1832	-2462	1543	-649	-520	72	-134	14260	71300	14260	70624408
-16580	-6	-1770	-2499	1489	-666	-520	72	-134	14261	71305	14261	70624408
-16638	22	-1816	-2531	1442	-691	-520	78	-136	14262	71310	14262	70624408
-16600	-4	-1864	-2535	1406	-690	-520	78	-136	14263	71315	14263	70624408
-16602	76	-1900	-2540	1373	-684	-519	77	-137	14264	71320	14264	70624409
-16633	131	-1881	-2520	1358	-678	-519	76	-138	14265	71325	14265	70624409
-16630	178	-1847	-2485	1356	-645	-519	73	-141	14266	71330	14266	70624409
-16669	243	-1858	-2462	1358	-614	-518	74	-141	14267	71335	14267	70624409
-16638	317	-1868	-2442	1358	-569	-514	76	-140	14268	71340	14268	70624409
-16553	388	-1928	-2411	1332	-521	-515	76	-140	14269	71345	14269	70624410
-16486	462	-1865	-2364	1293	-475	-518	78	-138	14270	71350	14270	70624414
-16460	571	-1816	-2296	1252	-421	-517	78	-138	14271	71355	14271	70624421
-16445	648	-1805	-2206	1203	-357	-514	80	-138	14272	71360	14272	70624444
-16375	736	-1745	-2105	1126	-287	-516	80	-136	14273	71365	14273	70624444
-16283	802	-1794	-2020	1069	-239	-520	80	-134	14274	71370	14274	70624444
-16274	845	-1838	-1943	1019	-192	-517	79	-138	14275	71375	14275	70624444
-16258	926	-1859	-1880	975	-140	-513	77	-143	14276	71380	14276	70624444
-16229	960	-1904	-1838	942	-101	-515	77	-140	14277	71385	14277	70624444
-16262	975	-1908	-1816	913	-63	-518	78	-136	14278	71390	14278	70624444
-16298	1013	-1867	-1783	889	-32	-518	76	-140	14279	71395	14279	70624444
-16331	1025	-1890	-1754	875	-5	-518	72	-146	14280	71400	14280	70624444
-16322	1001	-1893	-1730	874	19	-518	74	-144	14281	71405	14281	70624444
-16318	965	-1831	-1688	854	46	-518	78	-138	14282	71410	14282	70624444
-16351	937	-1821	-1651	836	61	-517	78	-139	14283	71415	14283	70624456
-16353	922	-1828	-1614	825	74	-515	77	-141	14284	71420	14284	70624478
-16411	857	-1718	-1578	817	70	-517	79	-143	14285	71425	14285	70624484
-16504	793	-1649	-1551	807	66	-521	83	-145	14286	71430	14286	70624484
-16589	720	-1605	-1526	819	64	-521	82	-143	14287	71435	14287	70624484
-16600	658	-1628	-1496	836	56	-521	81	-141	14288	71440	14288	70624484
-16628	556	-1646	-1447	856	46	-522	79	-140	14289	71445	14289	70624489
-16656	473	-1649	-1404	894	48	-522	76	-138	14290	71450	14290	70624524
-16687	385	-1690	-1364	919	52	-520	78	-140	14291	71455	14291	70624545
-16709	358	-1713	-1320	929	45	-519	79	-141	14292	71460	14292	70624547
-16733	307	-1694	-1284	926	37	-518	80	-136	14293	71465	14293	70624547
-16755	224	-1691	-1259	918	26	-518	80	-132	14294	71470	14294	70624548
-16808	180	-1670	-1256	911	21	-519	80	-137	14295	71475	14295	70624548
-16800	140	-1669	-1256	887	16	-520	80	-140	14296	71480	14296	70624548
-16806	151	-1657	-1257	865	13	-521	79	-138	14297	71485	14297	70624548
-16848	172	-1738	-1260	863	17	-521	79	-137	14298	71490	14298	70624549
-16806	55	-1791	-1265	885	12	-515	80	-143	14299	71495	14299	70624575
-16788	53	-1806	-1282	903	12	-514	80	-144	14300	71500	14300	70624590
-16781	78	-1741	-1300	927	18	-516	84	-142	14301	71505	14301	70624593
-16745	100	-1722	-1329	955	12	-517	85	-141	14302	71510	14302	70624593
-16691	141	-1751	-1355	961	14	-519	78	-140	14303	71515	14303	70624593
-16669	131	-1720	-1378	957	12	-520	76	-140	14304	71520	14304	70624593
-16621	177	-1712	-1406	952	-1	-521	82	-134	14305	71525	14305	70624594
-16642	196	-1685	-1418	960	-9	-521	83	-133	14306	71530	14306	70624594
-16676	190	-1638	-1404	970	-18	-519	83	-139	14307	71535	14307	70624594
-16604	226	-1710	-1393	982	-34	-519	83	-141	14308	71540	14308	70624594
-16650	270	-1751	-1365	993	-50	-517	79	-140	14309	71545	14309	70624618
-16640	307	-1727	-1341	1014	-50	-516	78	-140	14310	71550	14310	70624624
-16608	298	-1662	-1314	1036	-59	-521	78	-143	14311	71555	14311	70624624
-16567	251	-1704	-1298	1046	-67	-522	78	-144	14312	71560	14312	70624624
-16569	304	-1627	-1278	1055	-76	-515	79	-143	14313	71565	14313	70624624
-16554	326	-1626	-1271	1051	-103	-513	79	-143	14314	71570	14314	70624624
-16592	332	-1692	-1258	1059	-129	-522	76	-136	14315	71575	14315	70624624
-16622	336	-1780	-1246	1082	-155	-522	76	-136	14316	71580	14316	70624625
-16644	338	-1758	-1251	1093	-178	-520	78	-142	14317	71585	14317	70624625
-16668	266	-1782	-1249	1108	-184	-520	78	-142	14318	71590	14318	70624625
-16642	254	-1820	-1252	1128	-205	-516	80	-140	14319	71595	14319	70624625
-16680	216	-1776	-1232	1128	-224	-516	80	-140	14320	71600	14320	70624625
-16724	156	-1812	-1172	1155	-227	-520	76	-140	14321	71605	14321	70624625
-16686	162	-1798	-1130	1177	-233	-520	76	-140	14322	71610	14322	70624642
-16720	115	-1874	-1060	1206	-237	-522	78	-140	14323	71615	14323	70624679
-16678	106	-1827	-1005	1238	-238	-522	79	-140	14324	71620	14324	70624679
-16584	90	-1790	-940	1285	-251	-522	82	-140	14325	71625	14325	70624679
-16534	64	-1729	-866	1318	-253	-521	81	-139	14326	71630	14326	70624680
-16486	-10	-1758	-785	1352	-242	-517	79	-137	14327	71635	14327	70624680
-16361	4	-1769	-689	1368	-252	-517	79	-138	14328	71640	14328	70624680
-16330	-39	-1660	-589	1361	-277	-517	79	-143	14329	71645	14329	70624680
-16277	46	-1594	-476	1314	-292	-516	79	-142	14330	71650	14330	70624687
-16215	50	-1590	-361	1243	-308	-512	80	-140	14331	71655	14331	70624718
-16173	78	-1463	-246	1136	-338	-512	79	-141	14332	71660	14332	70624733
-16163	174	-1387	-139	1010	-361	-512	74	-144	14333	71665	14333	70624734
-16076	245	-1354	-27	874	-385	-512	75	-144	14334	71670	14334	70624734
-16079	331	-1330	60	749	-408	-514	80	-146	14335	71675	14335	70624735
-16014	424	-1301	124	621	-418	-515	80	-145	14336	71680	14336	70624735
-16000	536	-1264	186	479	-422	-520	82	-140	14337	71685	14337	70624737
-16143	561	-1223	241	341	-397	-520	82	-141	14338	71690	14338	70624752
-16081	599	-1180	306	229	-360	-520	82	-146	14339	71695	14339	70624798
-16101	672	-1172	380	111	-297	-520	82	-144	14340	71700	14340	70624798
-16134	698	-1174	460	20	-223	-521	83	-141	14341	71705	14341	70624798
-16181	762	-1173	556	-55	-138	-519	79	-141	14342	71710	14342	70624799
-16173	782	-1143	673	-116	-53	-516	74	-140	14343	71715	14343	70624799
-16214	786	-1162	815	-150	44	-515	77	-143	14344	71720	14344	70624799
-16296	823	-1237	971	-169	143	-514	82	-148	14345	71725	14345	70624799
-16352	890	-1259	1137	-184	250	-516	81	-146	14346	71730	14346	70624800
-16392	939	-1259	1317	-173	349	-520	80	-144	14347	71735	14347	70624802
-16397	991	-1311	1524	-135	445	-517	82	-146	14348	71740	14348	70624811
-16368	1087	-1394	1730	-84	523	-513	83	-147	14349	71745	14349	70624827
-16350	1205	-1584	1903	-1	569	-517	82	-148	14350	71750	14350	70624831
-16344	1275	-1797	2038	135	579	-519	81	-149	14351	71755	14351	70624831
-16293	1338	-1916	2136	280	578	-515	82	-147	14352	71760	14352	70624831
-16194	1422	-2019	2210	406	573	-513	83	-145	14353	71765	14353	70624831
-16098	1455	-2062	2270	488	543	-514	82	-144	14354	71770	14354	70624831
-16044	1488	-2015	2343	496	500	-515	81	-143	14355	71775	14355	70624832
-15986	1583	-1988	2444	404	467	-514	78	-144	14356	71780	14356	70624832
-16048	1624	-1921	2592	203	436	-514	76	-144	14357	71785	14357	70624832
-16169	1593	-1750	2787	-85	421	-514	80	-145	14358	71790	14358	70624832
-16291	1548	-1625	2998	-442	450	-514	82	-146	14359	71795	14359	70624832
-16491	1571	-1638	3240	-821	496	-516	81	-141	14360	71800	14360	70624837
-16733	1538	-1700	3515	-1156	545	-518	80	-138	14361	71805	14361	70624857
-16885	1452	-1742	3777	-1380	626	-519	76	-144	14362	71810	14362	70624870
-16965	1380	-1880	4001	-1448	707	-520	74	-148	14363	71815	14363	70624871
-17051	1237	-2059	4182	-1338	784	-522	74	-150	14364	71820	14364	70624871
-17032	1152	-2312	4256	-1098	844	-522	74	-150	14365	71825	14365	70624871
-16961	1090	-2485	4261	-838	922	-523	81	-148	14366	71830	14366	70624872
-17010	1048	-2669	4180	-571	1007	-523	83	-147	14367	71835	14367	70624872
-16996	1077	-2922	4019	-301	1081	-519	84	-148	14368	71840	14368	70624930
-17022	1091	-3141	3804	-38	1138	-518	84	-148	14369	71845	14369	70624947
-17108	1004	-3435	3514	231	1177	-520	78	-144	14370	71850	14370	70624948
-17109	878	-3554	3183	494	1177	-521	77	-143	14371	71855	14371	70624948
-17117	878	-3802	2794	776	1147	-519	83	-144	14372	71860	14372	70624948
-17220	830	-4020	2262	1108	1080	-518	84	-144	14373	71865	14373	70624948
-17218	706	-4118	1803	1368	974	-520	80	-146	14374	71870	14374	70624948
-17174	568	-4192	1311	1599	841	-520	80	-146	14375	71875	14375	70624948
-17158	448	-4360	793	1762	684	-514	82	-150	14376	71880	14376	70624975
-17208	338	-4362	303	1876	518	-514	82	-150	14377	71885	14377	70624975
-17222	98	-4370	-132	1923	342	-516	86	-154	14378	71890	14378	70624975
-17316	-10	-4380	-492	1892	196	-516	86	-154	14379	71895	14379	70624975
-17414	-104	-4194	-807	1804	66	-522	80	-152	14380	71900	14380	70624975
-17530	-346	-4006	-1043	1689	-71	-522	80	-152	14381	71905	14381	70624975
-17580	-416	-3788	-1209	1553	-137	-521	87	-155	14382	71910	14382	70624975
-17652	-504	-3502	-1295	1401	-166	-521	87	-155	14383	71915	14383	70624976
-17752	-674	-3346	-1330	1227	-177	-518	84	-148	14384	71920	14384	70624976
-17880	-746	-3144	-1378	1077	-126	-518	84	-148	14385	71925	14385	70624976
-17884	-844	-2966	-1443	934	-59	-523	87	-151	14386	71930	14386	70624976
-17772	-684	-2940	-1507	778	53	-523	87	-151	14387	71935	14387	70624976
-17796	-530	-2762	-1595	617	169	-519	85	-147	14388	71940	14388	70624976
-17698	-348	-2540	-1704	501	302	-519	85	-147	14389	71945	14389	70625009
-17602	-30	-2482	-1844	431	452	-522	82	-148	14390	71950	14390	70625012
-17445	259	-2404	-1974	429	600	-522	81	-148	14391	71955	14391	70625012
-17224	557	-2349	-2114	481	737	-520	78	-146	14392	71960	14392	70625012
-16974	830	-2427	-2243	577	857	-521	79	-147	14393	71965	14393	70625012
-16708	1000	-2390	-2373	715	959	-525	81	-149	14394	71970	14394	70625012
-16422	1268	-2487	-2504	887	1047	-525	82	-149	14395	71975	14395	70625012
-16169	1478	-2512	-2627	1073	1118	-523	87	-147	14396	71980	14396	70625015
-15965	1645	-2521	-2735	1253	1178	-522	88	-148	14397	71985	14397	70625029
-15668	1786	-2608	-2839	1417	1205	-520	90	-152	14398	71990	14398	70625049
-15532	1910	-2634	-2910	1511	1220	-521	86	-150	14399	71995	14399	70625049
-15390	2047	-2656	-2966	1575	1211	-522	80	-146	14400	72000	14400	70625049
-15298	2082	-2681	-2999	1619	1169	-522	80	-147	14401	72005	14401	70625049
-15249	2106	-2658	-3027	1641	1094	-523	81	-149	14402	72010	14402	70625050
-15216	2131	-2669	-3058	1624	974	-522	82	-149	14403	72015	14403	70625050
-15227	2076	-2686	-3090	1588	826	-520	84	-150	14404	72020	14404	70625054
-15176	2012	-2734	-3119	1531	668	-522	81	-149	14405	72025	14405	70625071
-15180	1954	-2787	-3149	1437	493	-525	77	-147	14406	72030	14406	70625088
-15234	1794	-2779	-3179	1337	305	-523	79	-148	14407	72035	14407	70625088
-15276	1706	-2803	-3223	1210	126	-519	83	-149	14408	72040	14408	70625088
-15330	1658	-2844	-3296	1065	-33	-523	83	-149	14409	72045	14409	70625088
-15472	1553	-2853	-3384	919	-183	-528	82	-150	14410	72050	14410	70625088
-15589	1405	-2840	-3484	780	-295	-524	82	-149	14411	72055	14411	70625088
-15686	1305	-2795	-3581	661	-380	-519	81	-147	14412	72060	14412	70625114
-15786	1270	-2781	-3669	583	-442	-519	81	-148	14413	72065	14413	70625154
-15899	1209	-2778	-3743	547	-478	-518	82	-150	14414	72070	14414	70625158
-16041	1171	-2797	-3799	560	-493	-522	80	-154	14415	72075	14415	70625158
-16103	1147	-2794	-3826	611	-481	-524	78	-156	14416	72080	14416	70625159
-16136	1185	-2812	-3835	694	-461	-520	80	-150	14417	72085	14417	70625159
-16139	1170	-2878	-3838	796	-445	-518	82	-146	14418	72090	14418	70625159
-16140	1181	-2914	-3833	918	-430	-520	83	-148	14419	72095	14419	70625159
-16123	1215	-3015	-3818	1053	-426	-521	83	-149	14420	72100	14420	70625167
-16094	1198	-3054	-3800	1173	-441	-520	82	-152	14421	72105	14421	70625173
-16090	1214	-3054	-3775	1279	-467	-520	82	-154	14422	72110	14422	70625173
-16023	1225	-3097	-3738	1363	-514	-514	84	-151	14423	72115	14423	70625173
-15966	1252	-3082	-3681	1389	-592	-512	84	-150	14424	72120	14424	70625173
-15936	1191	-3074	-3640	1354	-687	-517	82	-152	14425	72125	14425	70625174
-15901	1172	-3101	-3631	1266	-796	-518	82	-152	14426	72130	14426	70625174
-15891	1089	-3030	-3625	1147	-918	-526	82	-154	14427	72135	14427	70625174
-15927	1006	-3090	-3622	1004	-1035	-528	82	-154	14428	72140	14428	70625174
-16037	832	-3094	-3612	855	-1172	-516	81	-152	14429	72145	14429	70625185
-16124	629	-3140	-3615	698	-1308	-513	81	-151	14430	72150	14430	70625206
-16174	417	-3110	-3627	545	-1456	-517	83	-152	14431	72155	14431	70625211
-16220	201	-3116	-3628	384	-1596	-518	84	-152	14432	72160	14432	70625211
-16308	4	-3122	-3624	219	-1704	-518	82	-150	14433	72165	14433	70625211
-16341	-183	-3176	-3589	44	-1799	-518	82	-150	14434	72170	14434	70625211
-16469	-374	-3070	-3551	-124	-1896	-518	87	-148	14435	72175	14435	70625211
-16586	-508	-3056	-3534	-274	-1966	-518	88	-148	14436	72180	14436	70625211
-16678	-606	-2996	-3541	-431	-2014	-516	82	-150	14437	72185	14437	70625249
-16634	-598	-3007	-3581	-556	-2053	-516	80	-150	14438	72190	14438	70625260
-16690	-541	-2897	-3642	-643	-2083	-520	86	-151	14439	72195	14439	70625260
-16662	-458	-2880	-3766	-715	-2084	-521	87	-151	14440	72200	14440	70625260
-16606	-384	-2750	-3925	-732	-2084	-520	86	-152	14441	72205	14441	70625260
-16624	-216	-2612	-4105	-732	-2061	-520	86	-152	14442	72210	14442	70625261
-16574	-78	-2552	-4301	-710	-2006	-513	83	-147	14443	72215	14443	70625261
-16570	82	-2508	-4494	-641	-1983	-513	83	-147	14444	72220	14444	70625279
-16516	256	-2460	-4680	-560	-1924	-514	84	-150	14445	72225	14445	70625297
-16562	368	-2586	-4837	-479	-1866	-514	84	-150	14446	72230	14446	70625297
-16498	522	-2540	-4966	-401	-1807	-522	86	-144	14447	72235	14447	70625297
-16508	609	-2522	-5088	-308	-1747	-520	86	-145	14448	72240	14448	70625297
-16513	684	-2514	-5171	-244	-1702	-512	88	-150	14449	72245	14449	70625297
-16453	752	-2515	-5251	-191	-1676	-512	88	-150	14450	72250	14450	70625297
-16435	776	-2675	-5347	-141	-1653	-514	86	-148	14451	72255	14451	70625301
-16492	801	-2742	-5432	-102	-1629	-514	86	-148	14452	72260	14452	70625322
-16451	854	-2685	-5499	-62	-1620	-516	88	-150	14453	72265	14453	70625338
-16425	831	-2714	-5563	-34	-1605	-516	88	-149	14454	72270	14454	70625338
-16352	824	-2753	-5633	-7	-1592	-515	87	-147	14455	72275	14455	70625338
-16271	744	-2782	-5682	4	-1582	-516	87	-147	14456	72280	14456	70625338
-16292	615	-2798	-5730	-6	-1582	-519	89	-145	14457	72285	14457	70625338
-16233	568	-2796	-5777	-9	-1584	-518	89	-145	14458	72290	14458	70625338
-16216	473	-2650	-5820	-24	-1597	-513	87	-147	14459	72295	14459	70625338
-16144	393	-2623	-5860	-65	-1609	-512	86	-146	14460	72300	14460	70625339
-16062	289	-2650	-5889	-95	-1621	-508	82	-144	14461	72305	14461	70625340
-16020	190	-2630	-5914	-151	-1649	-510	83	-144	14462	72310	14462	70625349
-15978	92	-2569	-5968	-209	-1678	-516	88	-142	14463	72315	14463	70625367
-15985	5	-2541	-6045	-274	-1718	-515	89	-144	14464	72320	14464	70625367
-15917	-133	-2530	-6163	-346	-1771	-513	91	-149	14465	72325	14465	70625367
-15909	-187	-2559	-6282	-409	-1814	-511	89	-147	14466	72330	14466	70625367
-15904	-248	-2560	-6400	-476	-1847	-507	85	-145	14467	72335	14467	70625367
-15945	-282	-2586	-6529	-550	-1869	-509	86	-143	14468	72340	14468	70625367
-15950	-326	-2651	-6667	-611	-1886	-511	87	-141	14469	72345	14469	70625385
-16009	-360	-2631	-6810	-656	-1919	-509	86	-142	14470	72350	14470	70625412
-16061	-371	-2652	-6953	-672	-1946	-507	85	-143	14471	72355	14471	70625414
-16107	-370	-2696	-7081	-678	-1960	-507	85	-142	14472	72360	14472	70625415
-16141	-373	-2666	-7213	-686	-1972	-507	85	-141	14473	72365	14473	70625416
-16203	-430	-2632	-7327	-689	-1975	-509	90	-142	14474	72370	14474	70625417
-16284	-453	-2639	-7385	-708	-1965	-511	93	-143	14475	72375	14475	70625422
-16322	-400	-2454	-7381	-752	-1955	-513	91	-143	14476	72380	14476	70625436
-16350	-325	-2305	-7328	-838	-1931	-515	89	-143	14477	72385	14477	70625443
-16432	-252	-2279	-7233	-973	-1889	-512	87	-142	14478	72390	14478	70625443
-16576	-236	-2168	-7120	-1151	-1836	-510	86	-142	14479	72395	14479	70625443
-16748	-235	-2042	-7013	-1333	-1774	-510	90	-142	14480	72400	14480	70625443
-16879	-190	-2005	-6915	-1467	-1709	-510	92	-142	14481	72405	14481	70625443
-16942	-172	-2100	-6812	-1531	-1652	-509	92	-142	14482	72410	14482	70625448
-16972	-206	-2108	-6725	-1499	-1625	-508	92	-142	14483	72415	14483	70625470
-16950	-219	-2116	-6669	-1374	-1625	-506	84	-140	14484	72420	14484	70625484
-16890	-193	-2138	-6641	-1201	-1651	-505	79	-139	14485	72425	14485	70625484
-16812	-173	-2196	-6626	-1029	-1675	-504	85	-140	14486	72430	14486	70625485
-16726	-186	-2208	-6622	-899	-1712	-503	89	-141	14487	72435	14487	70625485
-16620	-146	-2243	-6621	-824	-1768	-505	92	-142	14488	72440	14488	70625486
-16533	-144	-2262	-6614	-813	-1824	-506	94	-142	14489	72445	14489	70625486
-16456	-120	-2147	-6620	-838	-1872	-503	91	-136	14490	72450	14490	70625490
-16419	-128	-2176	-6649	-888	-1917	-502	90	-134	14491	72455	14491	70625517
-16369	-30	-2115	-6665	-937	-1956	-508	88	-140	14492	72460	14492	70625524
-16296	47	-2061	-6688	-989	-1990	-509	87	-141	14493	72465	14493	70625525
-16285	54	-2044	-6713	-1033	-2008	-508	88	-139	14494	72470	14494	70625525
-16283	185	-2018	-6726	-1068	-1998	-508	88	-138	14495	72475	14495	70625525
-16360	292	-1967	-6771	-1092	-1996	-507	90	-137	14496	72480	14496	70625525
-16382	339	-1892	-6824	-1117	-1974	-507	91	-137	14497	72485	14497	70625525
-16552	392	-1844	-6890	-1133	-1938	-504	86	-144	14498	72490	14498	70625533
-16594	452	-1810	-6949	-1134	-1924	-504	86	-144	14499	72495	14499	70625562
-16736	542	-1736	-7000	-1108	-1899	-505	87	-131	14500	72500	14500	70625562
-16782	632	-1748	-7013	-1051	-1865	-505	87	-131	14501	72505	14501	70625562
-16748	586	-1658	-7017	-978	-1853	-506	86	-138	14502	72510	14502	70625563
-16760	622	-1634	-6992	-888	-1834	-506	86	-138	14503	72515	14503	70625563
-16726	572	-1494	-6947	-816	-1830	-502	94	-136	14504	72520	14504	70625563
-16680	590	-1376	-6900	-779	-1828	-502	94	-136	14505	72525	14505	70625564
-16679	620	-1231	-6844	-804	-1825	-504	96	-136	14506	72530	14506	70625636
-16754	720	-1198	-6801	-860	-1817	-504	96	-136	14507	72535	14507	70625661
-16854	686	-1036	-6733	-933	-1789	-501	87	-135	14508	72540	14508	70625661
-16960	782	-930	-6652	-1024	-1735	-501	87	-135	14509	72545	14509	70625661
-17102	824	-956	-6553	-1093	-1648	-498	98	-134	14510	72550	14510	70625662
-17300	892	-898	-6448	-1141	-1547	-498	98	-134	14511	72555	14511	70625662
-17416	1014	-1092	-6345	-1118	-1419	-496	90	-130	14512	72560	14512	70625662
-17466	1108	-1046	-6265	-1053	-1299	-496	90	-130	14513	72565	14513	70625662
-17604	1182	-946	-6194	-970	-1160	-499	91	-131	14514	72570	14514	70625672
-17728	1256	-800	-6062	-971	-980	-500	91	-132	14515	72575	14515	70625700
-17916	1301	-602	-5919	-1045	-822	-503	91	-135	14516	72580	14516	70625700
-18085	1335	-468	-5731	-1167	-626	-503	89	-136	14517	72585	14517	70625700
-18289	1392	-306	-5488	-1306	-385	-503	81	-141	14518	72590	14518	70625700
-18360	1505	-318	-5196	-1425	-132	-503	82	-140	14519	72595	14519	70625700
-18392	1553	-441	-4903	-1440	122	-502	88	-136	14520	72600	14520	70625700
-18426	1693	-548	-4651	-1309	357	-501	90	-136	14521	72605	14521	70625701
-18211	1699	-719	-4484	-981	555	-496	96	-134	14522	72610	14522	70625701
-17849	1703	-950	-4395	-441	701	-499	93	-132	14523	72615	14523	70625701
-17454	1647	-1154	-4382	106	785	-504	88	-128	14524	72620	14524	70625701
-17065	1591	-1311	-4400	637	815	-502	87	-130	14525	72625	14525	70625701
-16737	1496	-1435	-4425	1095	800	-500	86	-134	14526	72630	14526	70625709
-16420	1300	-1558	-4443	1431	744	-499	88	-134	14527	72635	14527	70625722
-16195	1004	-1666	-4432	1618	649	-497	91	-133	14528	72640	14528	70625722
-15982	699	-1779	-4395	1671	534	-498	92	-132	14529	72645	14529	70625722
-15834	432	-1861	-4339	1616	396	-499	93	-131	14530	72650	14530	70625722
-15754	135	-1936	-4288	1487	242	-497	93	-131	14531	72655	14531	70625722
-15690	-164	-2062	-4242	1322	73	-494	92	-130	14532	72660	14532	70625722
-15678	-383	-2134	-4206	1148	-103	-498	92	-131	14533	72665	14533	70625732
-15681	-600	-2210	-4191	947	-278	-503	91	-133	14534	72670	14534	70625750
-15785	-878	-2281	-4187	699	-437	-503	90	-132	14535	72675	14535	70625752
-15879	-1062	-2294	-4202	408	-570	-504	88	-130	14536	72680	14536	70625752
-15992	-1174	-2273	-4252	86	-686	-504	88	-131	14537	72685	14537	70625753
-16147	-1314	-2207	-4332	-242	-781	-503	87	-133	14538	72690	14538	70625753
-16343	-1385	-2173	-4451	-587	-856	-502	90	-133	14539	72695	14539	70625754
-16510	-1370	-2086	-4588	-871	-902	-500	92	-132	14540	72700	14540	70625755
-16651	-1367	-2036	-4726	-1056	-907	-498	91	-134	14541	72705	14541	70625759
-16698	-1287	-1973	-4878	-1204	-897	-497	91	-135	14542	72710	14542	70625779
-16727	-1101	-1863	-5043	-1302	-873	-497	91	-133	14543	72715	14543	70625791
-16792	-879	-1714	-5211	-1349	-835	-497	91	-131	14544	72720	14544	70625792
-16824	-687	-1592	-5371	-1357	-788	-502	89	-133	14545	72725	14545	70625792
-16788	-433	-1434	-5505	-1323	-710	-505	87	-135	14546	72730	14546	70625792
-16725	-180	-1260	-5609	-1262	-610	-500	88	-131	14547	72735	14547	70625792
-16723	217	-1245	-5679	-1186	-481	-496	88	-128	14548	72740	14548	70625793
-16602	563	-1082	-5711	-1107	-324	-501	91	-126	14549	72745	14549	70625793
-16605	941	-896	-5715	-1028	-157	-502	92	-126	14550	72750	14550	70625793
-16528	1246	-788	-5663	-920	2	-498	96	-127	14551	72755	14551	70625793
-16528	1580	-743	-5577	-794	159	-497	97	-127	14552	72760	14552	70625794
-16475	1818	-656	-5454	-667	300	-499	93	-129	14553	72765	14553	70625836
-16350	2014	-530	-5294	-524	396	-500	92	-130	14554	72770	14554	70625855
-16354	2106	-474	-5082	-358	465	-500	92	-128	14555	72775	14555	70625857
-16446	2252	-428	-4801	-168	500	-500	92	-128	14556	72780	14556	70625857
