-17158	-328	-2604	-3103	-2378	-176	25562	228	34	14556	72780	14556	70625827
-17170	-634	-2302	-2936	-2664	-231	25563	228	34	14557	72785	14557	70625830
-17270	-916	-2002	-2725	-2868	-247	25564	229	33	14558	72790	14558	70625830
-17262	-1282	-1954	-2567	-2895	-274	25565	229	33	14559	72795	14559	70625831
-17110	-1462	-1642	-2546	-2698	-284	25566	228	32	14560	72800	14560	70625831
-16920	-1599	-1424	-2606	-2414	-275	25567	227	32	14561	72805	14561	70625831
-16731	-1558	-1329	-2636	-2071	-240	25568	222	34	14562	72810	14562	70625831
-16569	-1452	-1234	-2583	-1692	-162	25569	222	33	14563	72815	14563	70625831
-16494	-1306	-1236	-2460	-1270	-49	25570	220	30	14564	72820	14564	70625837
-16384	-1114	-1146	-2291	-793	90	25571	221	32	14565	72825	14565	70625861
-16312	-1030	-1096	-2105	-307	215	25572	224	40	14566	72830	14566	70625867
-16283	-1002	-1003	-1867	132	332	25573	226	39	14567	72835	14567	70625867
-16284	-1062	-948	-1583	513	410	25574	230	34	14568	72840	14568	70625867
-16349	-1074	-921	-1369	790	432	25575	226	36	14569	72845	14569	70625867
-16377	-1081	-854	-1188	1038	392	25576	221	39	14570	72850	14570	70625867
-16343	-1072	-818	-988	1223	315	25577	222	38	14571	72855	14571	70625869
-16330	-1123	-759	-688	1311	229	25578	228	32	14572	72860	14572	70625884
-16394	-1149	-837	-343	1261	136	25579	227	33	14573	72865	14573	70625907
-16579	-1147	-806	-22	1124	61	25580	224	36	14574	72870	14574	70625907
-16732	-1038	-784	244	1028	-26	25581	224	35	14575	72875	14575	70625907
-16861	-1082	-916	447	1004	-141	25582	223	29	14576	72880	14576	70625907
-16900	-1134	-1004	567	950	-257	25583	223	31	14577	72885	14577	70625907
-16867	-1190	-974	581	791	-344	25584	222	34	14578	72890	14578	70625907
-16846	-1250	-873	496	486	-409	25585	223	35	14579	72895	14579	70625915
-16868	-1300	-795	340	75	-451	25586	224	36	14580	72900	14580	70625933
-16906	-1357	-774	182	-366	-471	25587	228	35	14581	72905	14581	70625943
-16977	-1444	-767	70	-722	-482	25588	233	33	14582	72910	14582	70625943
-17038	-1571	-738	6	-921	-484	25589	231	32	14583	72915	14583	70625944
-16995	-1674	-597	58	-951	-489	25591	227	31	14584	72920	14584	70625944
-16902	-1752	-397	260	-882	-479	25592	228	32	14585	72925	14585	70625945
-16838	-1796	-303	482	-829	-439	25593	228	32	14586	72930	14586	70625945
-16693	-1810	-194	692	-807	-384	25594	226	34	14587	72935	14587	70625950
-16633	-1783	-104	846	-800	-334	25595	224	36	14588	72940	14588	70625968
-16660	-1740	-98	962	-764	-289	25595	223	36	14589	72945	14589	70625983
-16665	-1683	-199	1080	-663	-257	25596	222	36	14590	72950	14590	70625983
-16610	-1580	-345	1214	-521	-251	25597	224	36	14591	72955	14591	70625984
-16528	-1444	-512	1368	-396	-251	25598	226	36	14592	72960	14592	70625985
-16514	-1325	-830	1523	-330	-246	25600	227	35	14593	72965	14593	70625993
-16560	-1266	-1194	1631	-323	-246	25601	227	33	14594	72970	14594	70625999
-16633	-1245	-1456	1718	-317	-241	25602	226	35	14595	72975	14595	70626006
-16715	-1218	-1756	1819	-281	-233	25603	226	36	14596	72980	14596	70626018
-16854	-1256	-1990	1911	-242	-231	25604	225	35	14597	72985	14597	70626022
-17014	-1300	-2029	1948	-184	-240	25605	225	35	14598	72990	14598	70626022
-17082	-1310	-2004	1920	-74	-268	25606	226	34	14599	72995	14599	70626022
-17101	-1334	-1932	1854	56	-298	25607	226	34	14600	73000	14600	70626022
-17097	-1345	-1950	1804	247	-329	25608	223	34	14601	73005	14601	70626022
-16959	-1355	-1776	1808	412	-351	25609	222	34	14602	73010	14602	70626052
-16854	-1385	-1718	1820	438	-344	25610	226	30	14603	73015	14603	70626060
-16722	-1432	-1566	1857	338	-325	25611	227	29	14604	73020	14604	70626060
-16544	-1455	-1518	1931	167	-291	25612	220	35	14605	73025	14605	70626060
-16471	-1528	-1676	1990	-7	-250	25613	218	36	14606	73030	14606	70626060
-16431	-1611	-1805	1998	-67	-211	25614	220	33	14607	73035	14607	70626061
-16466	-1646	-1863	1999	-25	-189	25615	221	31	14608	73040	14608	70626061
-16427	-1650	-1725	2042	101	-191	25616	221	31	14609	73045	14609	70626061
-16349	-1784	-1673	2098	194	-205	25617	221	31	14610	73050	14610	70626085
-16280	-1880	-1640	2140	212	-198	25618	224	33	14611	73055	14611	70626098
-16340	-2011	-1589	2141	208	-191	25619	225	33	14612	73060	14612	70626100
-16310	-2162	-1578	2121	233	-207	25620	221	34	14613	73065	14613	70626101
-16338	-2266	-1647	2128	313	-218	25621	220	34	14614	73070	14614	70626101
-16313	-2303	-1499	2178	373	-242	25622	225	26	14615	73075	14615	70626101
-16349	-2382	-1519	2251	372	-251	25623	226	24	14616	73080	14616	70626101
-16458	-2357	-1544	2364	395	-262	25624	225	30	14617	73085	14617	70626101
-16552	-2442	-1420	2486	601	-271	25625	225	31	14618	73090	14618	70626165
-16456	-2502	-1402	2490	872	-298	25626	224	32	14619	73095	14619	70626166
-16436	-2402	-1160	2351	1051	-318	25627	224	32	14620	73100	14620	70626166
-16370	-2506	-1232	2161	1007	-311	25628	222	32	14621	73105	14621	70626166
-16422	-2392	-1248	1934	831	-270	25629	222	32	14622	73110	14622	70626167
-16508	-2450	-1330	1754	644	-262	25630	219	25	14623	73115	14623	70626168
-16744	-2546	-1354	1685	573	-250	25631	219	25	14624	73120	14624	70626169
-16738	-2600	-1392	1670	642	-256	25632	224	32	14625	73125	14625	70626169
-16666	-2666	-1518	1637	695	-284	25633	224	32	14626	73130	14626	70626169
-16682	-2718	-1672	1560	672	-310	25634	219	29	14627	73135	14627	70626189
-16692	-2752	-1832	1425	579	-335	25635	219	29	14628	73140	14628	70626189
-16824	-2780	-1842	1211	497	-374	25636	221	29	14629	73145	14629	70626190
-16890	-2614	-1782	1030	422	-406	25637	221	29	14630	73150	14630	70626190
-16958	-2588	-1666	994	361	-436	25638	229	31	14631	73155	14631	70626190
-16906	-2424	-1594	1079	295	-466	25639	229	31	14632	73160	14632	70626190
-16812	-2482	-1358	1179	215	-477	25640	226	28	14633	73165	14633	70626190
-16700	-2470	-1408	1203	131	-472	25641	226	28	14634	73170	14634	70626190
-16694	-2422	-1476	1001	30	-459	25642	224	28	14635	73175	14635	70626192
-16725	-2372	-1360	729	-21	-453	25643	223	27	14636	73180	14636	70626204
-16838	-2332	-1351	463	5	-462	25644	221	25	14637	73185	14637	70626228
-16909	-2342	-1217	300	178	-482	25645	222	25	14638	73190	14638	70626228
-16804	-2252	-1031	411	462	-505	25646	225	25	14639	73195	14639	70626228
-16654	-2258	-809	772	695	-522	25647	225	25	14640	73200	14640	70626228
-16538	-2315	-672	1169	801	-503	25648	225	27	14641	73205	14641	70626228
-16513	-2223	-810	1433	748	-459	25649	225	27	14642	73210	14642	70626228
-16437	-2159	-791	1401	577	-417	25650	224	26	14643	73215	14643	70626242
-16382	-2063	-794	1209	380	-383	25651	224	26	14644	73220	14644	70626272
-16492	-1963	-886	955	152	-349	25652	222	24	14645	73225	14645	70626278
-16532	-1885	-958	761	30	-335	25653	222	25	14646	73230	14646	70626278
-16597	-1826	-992	635	49	-342	25654	222	30	14647	73235	14647	70626278
-16692	-1766	-1146	555	153	-369	25655	223	29	14648	73240	14648	70626278
-16620	-1799	-1221	533	268	-393	25656	226	26	14649	73245	14649	70626278
-16546	-1855	-1243	547	317	-406	25657	226	26	14650	73250	14650	70626278
-16553	-1974	-1233	563	277	-411	25658	225	25	14651	73255	14651	70626288
-16592	-2023	-1207	596	233	-415	25659	224	25	14652	73260	14652	70626316
-16538	-2097	-1256	682	172	-416	25660	222	26	14653	73265	14653	70626316
-16523	-2119	-1138	846	42	-412	25661	225	26	14654	73270	14654	70626316
-16513	-2010	-922	1121	-156	-384	25662	229	25	14655	73275	14655	70626316
-16535	-1963	-811	1485	-374	-348	25663	225	25	14656	73280	14656	70626316
-16542	-2002	-829	1831	-543	-321	25664	220	24	14657	73285	14657	70626316
-16539	-2065	-931	2037	-648	-304	25665	221	25	14658	73290	14658	70626316
-16545	-2144	-1014	2059	-701	-296	25667	222	26	14659	73295	14659	70626316
-16524	-2206	-1154	1947	-734	-289	25668	222	25	14660	73300	14660	70626316
-16552	-2278	-1251	1816	-776	-284	25669	222	24	14661	73305	14661	70626321
-16632	-2369	-1386	1680	-815	-288	25669	223	24	14662	73310	14662	70626336
-16682	-2474	-1441	1523	-817	-297	25670	224	24	14663	73315	14663	70626352
-16660	-2518	-1322	1369	-791	-302	25671	224	25	14664	73320	14664	70626352
-16656	-2542	-1297	1246	-799	-297	25672	225	27	14665	73325	14665	70626352
-16662	-2592	-1352	1145	-839	-296	25673	224	25	14666	73330	14666	70626353
-16698	-2585	-1391	1051	-874	-292	25674	223	21	14667	73335	14667	70626353
-16661	-2607	-1383	973	-913	-279	25676	224	23	14668	73340	14668	70626358
-16601	-2626	-1488	933	-969	-256	25677	224	24	14669	73345	14669	70626383
-16644	-2631	-1500	911	-1015	-231	25678	226	23	14670	73350	14670	70626398
-16715	-2639	-1545	882	-1027	-216	25679	228	22	14671	73355	14671	70626400
-16691	-2628	-1624	824	-991	-201	25680	227	23	14672	73360	14672	70626401
-16617	-2644	-1705	729	-905	-211	25681	226	24	14673	73365	14673	70626403
-16548	-2687	-1826	640	-804	-215	25682	224	25	14674	73370	14674	70626403
-16505	-2641	-1960	587	-738	-212	25683	222	26	14675	73375	14675	70626404
-16461	-2552	-1992	589	-697	-223	25684	224	25	14676	73380	14676	70626414
-16463	-2446	-1920	624	-714	-216	25685	224	24	14677	73385	14677	70626425
-16487	-2373	-2013	684	-748	-205	25686	222	25	14678	73390	14678	70626427
-16470	-2397	-1918	719	-744	-202	25687	221	25	14679	73395	14679	70626427
-16425	-2407	-2043	724	-691	-197	25688	220	24	14680	73400	14680	70626427
-16404	-2368	-2049	721	-604	-194	25689	219	23	14681	73405	14681	70626427
-16386	-2368	-1954	727	-509	-192	25690	224	24	14682	73410	14682	70626427
-16396	-2352	-1887	736	-447	-188	25691	227	25	14683	73415	14683	70626427
-16446	-2422	-1860	727	-373	-185	25692	220	21	14684	73420	14684	70626437
-16415	-2468	-1804	691	-278	-193	25693	218	20	14685	73425	14685	70626447
-16390	-2501	-1694	631	-188	-214	25694	221	18	14686	73430	14686	70626450
-16322	-2495	-1702	540	-153	-217	25695	222	18	14687	73435	14687	70626450
-16375	-2519	-1747	464	-195	-234	25696	220	18	14688	73440	14688	70626450
-16387	-2560	-1684	395	-245	-239	25697	220	18	14689	73445	14689	70626450
-16397	-2611	-1768	319	-306	-250	25698	222	21	14690	73450	14690	70626451
-16430	-2643	-1757	258	-360	-267	25699	222	22	14691	73455	14691	70626457
-16496	-2698	-1697	225	-375	-288	25700	222	24	14692	73460	14692	70626482
-16536	-2712	-1764	216	-344	-328	25701	222	24	14693	73465	14693	70626488
-16506	-2758	-1738	207	-317	-343	25702	222	18	14694	73470	14694	70626488
-16546	-2824	-1774	195	-297	-369	25703	222	18	14695	73475	14695	70626488
-16552	-2826	-1714	168	-318	-373	25704	228	16	14696	73480	14696	70626488
-16584	-2888	-1660	152	-342	-376	25705	228	16	14697	73485	14697	70626488
-16542	-2866	-1723	175	-390	-369	25706	226	25	14698	73490	14698	70626521
-16569	-2849	-1738	209	-394	-358	25707	225	27	14699	73495	14699	70626535
-16580	-2889	-1837	222	-402	-354	25708	224	21	14700	73500	14700	70626537
-16596	-2796	-1780	166	-372	-369	25709	224	20	14701	73505	14701	70626537
-16652	-2782	-1708	60	-360	-356	25710	224	24	14702	73510	14702	70626537
-16622	-2672	-1686	-59	-305	-359	25711	224	24	14703	73515	14703	70626537
-16668	-2696	-1730	-158	-217	-365	25712	219	23	14704	73520	14704	70626537
-16620	-2674	-1850	-216	-168	-352	25713	219	23	14705	73525	14705	70626546
-16576	-2612	-1828	-280	-133	-344	25714	221	21	14706	73530	14706	70626573
-16656	-2600	-1936	-346	-113	-335	25715	221	21	14707	73535	14707	70626574
-16694	-2648	-1974	-411	-104	-330	25716	227	19	14708	73540	14708	70626574
-16714	-2586	-2050	-466	-64	-337	25717	227	19	14709	73545	14709	70626574
-16759	-2483	-2157	-472	74	-339	25718	222	20	14710	73550	14710	70626574
-16688	-2393	-2278	-438	214	-350	25719	222	21	14711	73555	14711	70626575
-16607	-2374	-2274	-376	284	-342	25720	224	26	14712	73560	14712	70626575
-16594	-2370	-2299	-366	301	-313	25721	224	25	14713	73565	14713	70626581
-16607	-2362	-2196	-395	303	-281	25722	224	20	14714	73570	14714	70626605
-16648	-2390	-2093	-452	364	-247	25723	223	20	14715	73575	14715	70626613
-16630	-2372	-1986	-529	501	-241	25724	219	19	14716	73580	14716	70626613
-16650	-2380	-1808	-632	728	-239	25725	219	19	14717	73585	14717	70626613
-16542	-2430	-1612	-676	943	-244	25726	217	19	14718	73590	14718	70626613
-16437	-2466	-1525	-689	1062	-246	25727	218	19	14719	73595	14719	70626614
-16285	-2408	-1353	-677	1064	-244	25728	220	20	14720	73600	14720	70626616
-16254	-2415	-1357	-613	930	-232	25729	220	20	14721	73605	14721	70626630
-16312	-2256	-1209	-432	762	-232	25730	219	19	14722	73610	14722	70626650
-16340	-2234	-1118	-146	693	-251	25731	219	20	14723	73615	14723	70626650
-16386	-2178	-1147	133	678	-265	25732	218	24	14724	73620	14724	70626651
-16273	-2174	-1286	287	645	-284	25733	218	23	14725	73625	14725	70626651
-16251	-2188	-1417	274	562	-309	25734	217	21	14726	73630	14726	70626651
-16247	-2150	-1498	137	443	-328	25735	219	20	14727	73635	14727	70626651
-16341	-2132	-1587	39	363	-340	25736	223	19	14728	73640	14728	70626665
-16399	-2166	-1580	52	359	-352	25737	223	20	14729	73645	14729	70626687
-16367	-2200	-1628	199	392	-361	25738	224	22	14730	73650	14730	70626687
-16373	-2171	-1632	376	389	-367	25739	225	22	14731	73655	14731	70626687
-16342	-2225	-1621	526	322	-374	25740	227	21	14732	73660	14732	70626688
-16337	-2220	-1582	626	206	-370	25741	226	19	14733	73665	14733	70626688
-16341	-2269	-1524	694	58	-351	25743	224	16	14734	73670	14734	70626688
-16363	-2317	-1522	735	-20	-336	25744	224	17	14735	73675	14735	70626689
-16401	-2340	-1456	763	-55	-330	25744	224	18	14736	73680	14736	70626708
-16445	-2362	-1374	795	-103	-330	25745	224	18	14737	73685	14737	70626737
-16455	-2414	-1387	824	-166	-326	25746	223	17	14738	73690	14738	70626739
-16430	-2523	-1463	832	-234	-322	25747	222	18	14739	73695	14739	70626740
-16460	-2577	-1491	821	-310	-322	25748	220	20	14740	73700	14740	70626741
-16501	-2535	-1555	800	-372	-320	25749	220	20	14741	73705	14741	70626742
-16508	-2555	-1597	795	-432	-314	25750	219	21	14742	73710	14742	70626743
-16511	-2613	-1665	802	-540	-312	25752	217	21	14743	73715	14743	70626745
-16560	-2731	-1765	790	-638	-321	25753	214	20	14744	73720	14744	70626746
-16568	-2763	-1926	750	-699	-330	25754	215	20	14745	73725	14745	70626754
-16648	-2763	-1953	693	-740	-335	25755	216	20	14746	73730	14746	70626760
-16698	-2726	-2030	651	-741	-339	25756	219	22	14747	73735	14747	70626761
-16684	-2690	-2050	644	-723	-339	25757	221	23	14748	73740	14748	70626761
-16666	-2739	-1985	661	-707	-324	25758	220	21	14749	73745	14749	70626761
-16685	-2831	-2043	673	-720	-311	25759	220	20	14750	73750	14750	70626767
-16699	-2903	-2195	629	-710	-289	25760	221	21	14751	73755	14751	70626791
-16664	-2861	-2167	541	-674	-275	25761	221	21	14752	73760	14752	70626798
-16650	-2858	-2035	457	-673	-259	25762	213	23	14753	73765	14753	70626798
-16600	-2799	-2090	403	-688	-246	25763	211	23	14754	73770	14754	70626799
-16640	-2743	-2113	357	-697	-229	25764	216	21	14755	73775	14755	70626799
-16639	-2678	-2035	302	-674	-219	25765	220	20	14756	73780	14756	70626799
-16627	-2578	-2050	247	-622	-222	25766	220	19	14757	73785	14757	70626800
-16586	-2527	-2068	216	-579	-222	25767	220	18	14758	73790	14758	70626806
-16563	-2491	-2089	200	-514	-240	25768	219	17	14759	73795	14759	70626829
-16572	-2459	-2153	145	-414	-251	25769	218	16	14760	73800	14760	70626835
-16545	-2427	-2086	62	-314	-274	25770	220	21	14761	73805	14761	70626836
-16535	-2366	-2106	-26	-208	-296	25771	220	22	14762	73810	14762	70626836
-16550	-2339	-2039	-37	-126	-317	25772	221	16	14763	73815	14763	70626836
-16493	-2331	-1986	25	-102	-337	25773	221	15	14764	73820	14764	70626836
-16428	-2284	-1829	141	-96	-337	25774	222	19	14765	73825	14765	70626836
-16384	-2237	-1755	244	-138	-336	25775	222	20	14766	73830	14766	70626883
-16382	-2239	-1775	325	-207	-322	25776	224	18	14767	73835	14767	70626896
-16330	-2246	-1804	388	-305	-295	25777	224	18	14768	73840	14768	70626897
-16302	-2394	-1750	395	-357	-293	25778	225	15	14769	73845	14769	70626897
-16320	-2554	-1870	388	-381	-295	25779	225	15	14770	73850	14770	70626898
-16342	-2604	-1806	402	-408	-297	25780	221	15	14771	73855	14771	70626898
-16352	-2666	-1838	418	-420	-298	25781	221	15	14772	73860	14772	70626898
-16332	-2675	-1934	436	-434	-311	25782	219	17	14773	73865	14773	70626932
-16379	-2743	-1919	438	-453	-316	25783	218	18	14774	73870	14774	70626955
-16454	-2837	-1872	416	-471	-329	25784	217	16	14775	73875	14775	70626960
-16438	-2864	-1878	373	-489	-353	25785	217	15	14776	73880	14776	70626960
-16458	-2840	-1590	382	-464	-352	25786	214	22	14777	73885	14777	70626960
-16542	-2748	-1674	448	-407	-366	25787	214	22	14778	73890	14778	70626960
-16510	-2714	-1670	523	-389	-370	25788	222	20	14779	73895	14779	70626961
-16462	-2724	-1746	557	-379	-361	25789	222	20	14780	73900	14780	70626961
-16458	-2648	-1562	561	-431	-363	25790	226	18	14781	73905	14781	70627002
-16504	-2682	-1538	531	-471	-367	25791	226	18	14782	73910	14782	70627002
-16460	-2668	-1588	515	-490	-363	25792	218	10	14783	73915	14783	70627003
-16504	-2658	-1638	508	-500	-357	25793	218	10	14784	73920	14784	70627003
-16469	-2675	-1745	488	-562	-336	25794	220	16	14785	73925	14785	70627003
-16521	-2758	-1807	404	-603	-336	25795	220	17	14786	73930	14786	70627003
-16522	-2712	-1826	282	-607	-340	25796	221	21	14787	73935	14787	70627003
-16522	-2648	-1861	184	-577	-346	25797	222	20	14788	73940	14788	70627004
-16543	-2645	-1882	144	-559	-350	25798	224	18	14789	73945	14789	70627004
-16499	-2617	-1917	150	-542	-362	25799	223	18	14790	73950	14790	70627004
-16382	-2584	-1880	163	-545	-372	25800	219	15	14791	73955	14791	70627005
-16356	-2592	-1976	163	-576	-371	25801	219	15	14792	73960	14792	70627005
-16415	-2562	-2023	133	-644	-373	25802	224	20	14793	73965	14793	70627006
-16449	-2462	-1928	141	-682	-365	25803	223	19	14794	73970	14794	70627008
-16476	-2452	-1876	193	-689	-358	25804	218	14	14795	73975	14795	70627008
-16503	-2462	-1844	273	-638	-359	25805	218	15	14796	73980	14796	70627009
-16474	-2393	-1822	342	-592	-349	25806	219	19	14797	73985	14797	70627011
-16487	-2388	-1857	401	-580	-334	25807	219	19	14798	73990	14798	70627022
-16548	-2458	-1939	418	-586	-330	25808	221	21	14799	73995	14799	70627040
-16604	-2469	-1930	397	-556	-323	25809	221	20	14800	74000	14800	70627040
-16531	-2420	-1824	336	-539	-322	25810	220	14	14801	74005	14801	70627040
-16501	-2440	-1842	276	-542	-313	25811	222	19	14802	74010	14802	70627041
-16478	-2447	-1850	226	-575	-300	25812	226	26	14803	74015	14803	70627041
-16486	-2533	-1914	185	-622	-284	25813	225	23	14804	74020	14804	70627041
-16503	-2617	-1976	161	-653	-285	25814	224	18	14805	74025	14805	70627046
-16484	-2640	-2050	143	-674	-288	25815	223	21	14806	74030	14806	70627063
-16547	-2624	-2022	150	-702	-291	25816	221	25	14807	74035	14807	70627078
-16593	-2628	-1993	172	-712	-301	25817	223	24	14808	74040	14808	70627078
-16575	-2650	-1981	195	-692	-323	25818	226	22	14809	74045	14809	70627078
-16562	-2637	-2002	226	-637	-353	25819	225	21	14810	74050	14810	70627078
-16504	-2635	-1981	275	-593	-374	25820	223	19	14811	74055	14811	70627078
