-16691	268	-2160	-1737	-94	184	-512	84	-148	2150	10750	2150	70698861
-16635	235	-2159	-1728	-50	185	-512	83	-145	2151	10755	2151	70698861
-16643	270	-2190	-1727	-1	181	-511	81	-139	2152	10760	2152	70698861
-16652	200	-2220	-1742	48	189	-512	82	-139	2153	10765	2153	70698861
-16628	118	-2138	-1748	68	204	-514	84	-138	2154	10770	2154	70698861
-16615	97	-2196	-1766	76	205	-514	83	-139	2155	10775	2155	70698861
-16635	64	-2220	-1766	79	219	-513	81	-145	2156	10780	2156	70698863
-16573	-9	-2236	-1766	69	227	-512	81	-144	2157	10785	2157	70698878
-16591	2	-2182	-1756	70	235	-510	80	-140	2158	10790	2158	70698898
-16634	-56	-2199	-1749	56	247	-512	84	-142	2159	10795	2159	70698898
-16670	-68	-2223	-1743	33	251	-514	90	-144	2160	10800	2160	70698898
-16684	-44	-2310	-1731	22	258	-515	87	-144	2161	10805	2161	70698898
-16781	-47	-2289	-1729	33	267	-516	82	-144	2162	10810	2162	70698899
-16837	-70	-2214	-1728	66	267	-515	84	-146	2163	10815	2163	70698899
-16833	-68	-2227	-1733	122	261	-514	88	-148	2164	10820	2164	70698903
-16778	-49	-2201	-1750	187	263	-513	87	-147	2165	10825	2165	70698924
-16730	-5	-2182	-1763	233	263	-511	85	-145	2166	10830	2166	70698938
-16670	32	-2180	-1780	276	258	-514	82	-140	2167	10835	2167	70698938
-16684	70	-2133	-1810	311	253	-516	80	-136	2168	10840	2168	70698939
-16736	59	-2144	-1843	353	239	-517	79	-139	2169	10845	2169	70698939
-16763	72	-2151	-1880	407	229	-517	79	-141	2170	10850	2170	70698939
-16722	50	-2121	-1901	472	223	-516	79	-142	2171	10855	2171	70698939
-16660	46	-2168	-1922	537	219	-515	79	-143	2172	10860	2172	70698961
-16680	42	-2237	-1937	592	206	-515	83	-143	2173	10865	2173	70698976
-16718	29	-2204	-1950	645	189	-515	85	-143	2174	10870	2174	70698976
-16683	-21	-2122	-1952	675	175	-517	83	-142	2175	10875	2175	70698976
-16672	-36	-2151	-1954	699	166	-518	82	-142	2176	10880	2176	70698976
-16638	-19	-2234	-1952	713	161	-512	83	-143	2177	10885	2177	70698976
-16646	-17	-2243	-1937	706	147	-508	84	-144	2178	10890	2178	70698976
-16649	-58	-2224	-1918	682	145	-511	83	-146	2179	10895	2179	70698981
-16642	-72	-2178	-1895	645	150	-513	83	-147	2180	10900	2180	70699002
-16650	-44	-2152	-1871	610	155	-511	80	-143	2181	10905	2181	70699013
-16658	-32	-2238	-1878	581	184	-510	78	-140	2182	10910	2182	70699013
-16638	-24	-2202	-1892	564	188	-512	84	-142	2183	10915	2183	70699014
-16635	-17	-2212	-1904	561	185	-513	85	-143	2184	10920	2184	70699014
-16622	37	-2285	-1928	562	206	-514	81	-141	2185	10925	2185	70699014
-16591	31	-2272	-1954	583	219	-514	80	-140	2186	10930	2186	70699014
-16602	48	-2254	-1977	608	227	-517	80	-142	2187	10935	2187	70699021
-16617	88	-2234	-2012	631	228	-518	80	-142	2188	10940	2188	70699045
-16577	56	-2248	-2032	649	224	-515	77	-144	2189	10945	2189	70699051
-16545	107	-2222	-2048	659	241	-514	76	-144	2190	10950	2190	70699052
-16518	116	-2178	-2065	665	227	-515	87	-151	2191	10955	2191	70699052
-16556	118	-2282	-2063	666	226	-515	87	-151	2192	10960	2192	70699053
-16512	152	-2172	-2047	661	225	-516	88	-140	2193	10965	2193	70699053
-16538	98	-2188	-2023	655	223	-516	88	-140	2194	10970	2194	70699053
-16500	164	-2192	-2014	649	227	-513	87	-143	2195	10975	2195	70699070
-16510	122	-2204	-1973	633	212	-513	87	-143	2196	10980	2196	70699089
-16406	178	-2202	-1952	622	212	-511	83	-143	2197	10985	2197	70699089
-16458	172	-2112	-1916	592	215	-511	83	-143	2198	10990	2198	70699089
-16488	176	-2178	-1877	564	210	-515	81	-145	2199	10995	2199	70699090
-16464	114	-2186	-1851	532	213	-515	81	-145	2200	11000	2200	70699090
-16488	158	-2152	-1833	493	203	-516	84	-142	2201	11005	2201	70699090
-16586	218	-2120	-1805	484	213	-516	84	-142	2202	11010	2202	70699091
-16636	160	-2134	-1780	469	216	-512	86	-144	2203	11015	2203	70699117
-16674	208	-2118	-1753	472	213	-512	86	-144	2204	11020	2204	70699126
-16602	124	-2078	-1719	464	232	-519	85	-143	2205	11025	2205	70699126
-16656	132	-2048	-1694	493	248	-519	85	-143	2206	11030	2206	70699126
-16630	158	-2024	-1661	525	254	-517	85	-145	2207	11035	2207	70699126
-16651	131	-1974	-1596	547	261	-517	85	-146	2208	11040	2208	70699126
-16601	130	-1930	-1543	548	280	-517	87	-149	2209	11045	2209	70699128
-16614	159	-1926	-1487	515	286	-516	86	-148	2210	11050	2210	70699142
-16611	231	-1936	-1418	454	309	-512	84	-144	2211	11055	2211	70699172
-16581	190	-1870	-1349	407	336	-513	83	-143	2212	11060	2212	70699172
-16614	197	-1860	-1266	364	356	-515	81	-141	2213	11065	2213	70699172
-16630	202	-1836	-1192	337	367	-515	82	-141	2214	11070	2214	70699172
-16590	254	-1885	-1092	339	393	-517	87	-141	2215	11075	2215	70699172
-16550	299	-1861	-963	390	412	-518	86	-141	2216	11080	2216	70699172
-16496	314	-1824	-830	453	443	-520	84	-140	2217	11085	2217	70699179
-16421	384	-1807	-695	509	465	-518	83	-141	2218	11090	2218	70699198
-16394	412	-1673	-564	556	483	-514	82	-142	2219	11095	2219	70699210
-16437	504	-1667	-422	579	511	-516	85	-141	2220	11100	2220	70699210
-16410	609	-1653	-274	584	531	-519	89	-139	2221	11105	2221	70699210
-16374	639	-1610	-131	593	556	-518	89	-141	2222	11110	2222	70699210
-16340	636	-1591	86	605	589	-513	89	-147	2223	11115	2223	70699210
-16317	680	-1479	356	618	627	-515	85	-148	2224	11120	2224	70699210
-16291	709	-1383	591	633	662	-518	80	-150	2225	11125	2225	70699210
-16261	730	-1316	829	632	701	-514	82	-147	2226	11130	2226	70699229
-16222	799	-1237	1059	609	738	-509	85	-143	2227	11135	2227	70699257
-16206	900	-1228	1277	566	781	-511	85	-144	2228	11140	2228	70699257
-16192	955	-1261	1481	518	827	-514	84	-146	2229	11145	2229	70699257
-16176	1024	-1277	1651	447	855	-512	84	-147	2230	11150	2230	70699257
-16127	1140	-1280	1780	386	885	-508	84	-148	2231	11155	2231	70699257
-16101	1268	-1406	1877	341	925	-513	87	-147	2232	11160	2232	70699258
-16074	1347	-1496	1919	329	929	-517	89	-145	2233	11165	2233	70699258
-15991	1421	-1599	1906	348	931	-515	87	-146	2234	11170	2234	70699280
-15832	1547	-1646	1857	383	912	-514	86	-146	2235	11175	2235	70699295
-15693	1654	-1720	1788	436	869	-517	87	-147	2236	11180	2236	70699295
-15568	1755	-1815	1700	502	808	-519	87	-147	2237	11185	2237	70699295
-15383	1840	-1894	1601	565	744	-518	86	-149	2238	11190	2238	70699295
-15236	1944	-1934	1498	603	677	-518	86	-150	2239	11195	2239	70699295
-15212	2062	-1982	1405	615	595	-520	85	-151	2240	11200	2240	70699295
-15188	2135	-2156	1304	591	492	-521	85	-151	2241	11205	2241	70699305
-15176	2221	-2351	1206	570	400	-521	85	-148	2242	11210	2242	70699330
-15182	2179	-2415	1131	590	330	-521	85	-147	2243	11215	2243	70699336
-15205	2186	-2561	1069	618	245	-515	87	-145	2244	11220	2244	70699336
-15217	2132	-2665	1014	649	164	-513	87	-145	2245	11225	2245	70699336
-15275	2082	-2690	971	681	93	-518	88	-148	2246	11230	2246	70699336
-15434	2055	-2710	940	689	34	-522	88	-150	2247	11235	2247	70699336
-15655	1981	-2724	925	656	3	-522	87	-149	2248	11240	2248	70699336
-16021	1925	-2766	906	590	7	-522	86	-148	2249	11245	2249	70699336
-16253	1752	-2911	878	505	18	-514	83	-151	2250	11250	2250	70699337
-16544	1558	-3032	822	401	53	-512	82	-152	2251	11255	2251	70699345
-16912	1424	-3006	750	281	87	-519	86	-148	2252	11260	2252	70699369
-17162	1219	-3096	657	188	114	-521	87	-147	2253	11265	2253	70699375
-17396	1028	-3266	556	119	138	-521	90	-147	2254	11270	2254	70699375
-17671	867	-3256	469	70	165	-521	91	-147	2255	11275	2255	70699375
-17843	690	-3321	412	27	208	-521	85	-150	2256	11280	2256	70699375
-18030	506	-3314	380	-20	293	-521	83	-151	2257	11285	2257	70699376
-18128	334	-3354	401	-65	352	-512	86	-150	2258	11290	2258	70699376
-18268	204	-3232	468	-98	431	-512	86	-150	2259	11295	2259	70699401
-18226	150	-3168	566	-127	519	-515	89	-153	2260	11300	2260	70699411
-18120	-42	-3194	672	-139	586	-515	89	-153	2261	11305	2261	70699411
-18038	-160	-3232	721	-162	635	-515	87	-147	2262	11310	2262	70699411
-18034	-154	-3100	758	-145	662	-515	87	-147	2263	11315	2263	70699411
-17884	-196	-3190	761	-86	667	-516	88	-152	2264	11320	2264	70699411
-17720	-202	-3158	749	11	665	-516	88	-152	2265	11325	2265	70699411
-17517	-119	-3281	715	146	665	-516	86	-154	2266	11330	2266	70699413
-17368	-106	-3168	677	273	653	-516	86	-153	2267	11335	2267	70699428
-17168	-4	-3259	615	401	642	-516	86	-150	2268	11340	2268	70699448
-17008	38	-3354	556	507	640	-516	86	-150	2269	11345	2269	70699448
-16922	206	-3364	445	602	651	-515	81	-147	2270	11350	2270	70699448
-16716	348	-3544	309	652	657	-515	81	-147	2271	11355	2271	70699448
-16698	526	-3526	149	656	708	-522	84	-148	2272	11360	2272	70699449
-16696	704	-3624	-11	624	751	-522	84	-148	2273	11365	2273	70699449
-16548	858	-3687	-243	540	838	-518	82	-152	2274	11370	2274	70699456
-16469	1040	-3709	-445	438	922	-518	83	-152	2275	11375	2275	70699486
-16405	1207	-3651	-648	328	1013	-517	87	-153	2276	11380	2276	70699486
-16370	1330	-3654	-847	222	1083	-517	87	-154	2277	11385	2277	70699486
-16426	1463	-3638	-1031	112	1160	-518	88	-156	2278	11390	2278	70699486
-16369	1642	-3581	-1211	20	1221	-519	87	-155	2279	11395	2279	70699486
-16386	1744	-3469	-1354	-42	1278	-521	85	-153	2280	11400	2280	70699486
-16381	1832	-3411	-1469	-82	1350	-520	85	-153	2281	11405	2281	70699488
-16388	1950	-3241	-1539	-109	1385	-517	87	-151	2282	11410	2282	70699504
-16369	2030	-3134	-1581	-104	1434	-519	86	-150	2283	11415	2283	70699523
-16347	2115	-3058	-1582	-93	1469	-523	85	-149	2284	11420	2284	70699523
-16259	2156	-2970	-1563	-59	1481	-521	86	-149	2285	11425	2285	70699523
-16177	2236	-2882	-1517	-11	1494	-519	87	-149	2286	11430	2286	70699523
-16101	2359	-2846	-1448	41	1497	-520	87	-150	2287	11435	2287	70699524
-15960	2393	-2773	-1373	86	1489	-522	88	-152	2288	11440	2288	70699524
-15837	2399	-2727	-1298	159	1471	-522	89	-152	2289	11445	2289	70699540
-15645	2394	-2670	-1227	257	1436	-522	90	-152	2290	11450	2290	70699566
-15516	2384	-2679	-1159	355	1391	-523	89	-151	2291	11455	2291	70699566
-15387	2336	-2742	-1111	422	1360	-524	88	-150	2292	11460	2292	70699567
-15237	2266	-2760	-1066	466	1324	-522	88	-150	2293	11465	2293	70699567
-15115	2193	-2701	-1014	487	1270	-519	87	-151	2294	11470	2294	70699567
-15022	2146	-2665	-965	483	1204	-519	85	-151	2295	11475	2295	70699567
-14978	2068	-2677	-932	441	1139	-518	82	-150	2296	11480	2296	70699567
-14982	2000	-2717	-916	377	1078	-518	83	-149	2297	11485	2297	70699580
-14994	1908	-2852	-915	304	1020	-518	84	-148	2298	11490	2298	70699599
-15050	1820	-2923	-922	197	947	-519	87	-150	2299	11495	2299	70699600
-15195	1704	-2955	-931	102	870	-520	90	-152	2300	11500	2300	70699600
-15365	1590	-3053	-935	33	812	-521	87	-151	2301	11505	2301	70699600
-15538	1544	-3144	-952	-17	752	-521	85	-151	2302	11510	2302	70699600
-15707	1498	-3208	-966	-39	702	-520	85	-151	2303	11515	2303	70699600
-15848	1436	-3230	-986	-43	662	-519	85	-151	2304	11520	2304	70699605
-16023	1374	-3266	-1010	-30	629	-521	83	-153	2305	11525	2305	70699626
-16162	1332	-3277	-1025	3	594	-522	82	-154	2306	11530	2306	70699637
-16240	1304	-3243	-1049	51	547	-522	84	-151	2307	11535	2307	70699638
-16313	1264	-3322	-1068	100	502	-522	84	-150	2308	11540	2308	70699638
-16408	1174	-3235	-1076	156	444	-520	84	-152	2309	11545	2309	70699638
-16474	1196	-3266	-1085	207	390	-520	84	-152	2310	11550	2310	70699638
-16369	1169	-3261	-1076	257	318	-524	86	-150	2311	11555	2311	70699638
-16380	1146	-3182	-1070	314	237	-525	87	-149	2312	11560	2312	70699669
-16353	1121	-3238	-1064	364	136	-524	89	-151	2313	11565	2313	70699677
-16288	1087	-3214	-1061	425	21	-524	90	-152	2314	11570	2314	70699677
-16213	1104	-3202	-1072	490	-99	-522	84	-146	2315	11575	2315	70699678
-16152	1070	-3173	-1089	541	-215	-522	82	-144	2316	11580	2316	70699678
-16068	1033	-3180	-1097	561	-337	-524	84	-147	2317	11585	2317	70699678
-16000	1050	-3206	-1115	554	-460	-524	84	-148	2318	11590	2318	70699678
-15990	1056	-3114	-1123	500	-574	-520	85	-152	2319	11595	2319	70699684
-15984	1088	-3127	-1114	407	-671	-519	85	-153	2320	11600	2320	70699709
-16028	1018	-3091	-1121	271	-743	-523	84	-155	2321	11605	2321	70699715
-16150	1020	-3066	-1127	109	-813	-524	84	-156	2322	11610	2322	70699715
-16252	988	-3067	-1134	-30	-877	-526	81	-153	2323	11615	2323	70699716
-16350	994	-3054	-1127	-168	-908	-526	80	-152	2324	11620	2324	70699716
-16404	998	-3114	-1116	-215	-950	-526	82	-154	2325	11625	2325	70699716
-16390	970	-3042	-1121	-208	-987	-526	82	-154	2326	11630	2326	70699717
-16388	916	-2898	-1154	-176	-988	-522	88	-154	2327	11635	2327	70699731
-16426	912	-2832	-1200	-142	-1000	-522	88	-154	2328	11640	2328	70699753
-16356	1012	-2748	-1284	-138	-1016	-525	85	-149	2329	11645	2329	70699753
-16428	1012	-2850	-1377	-143	-1006	-525	85	-149	2330	11650	2330	70699753
-16322	1006	-2736	-1483	-144	-1007	-524	92	-152	2331	11655	2331	70699754
-16370	1036	-2808	-1616	-157	-1003	-524	92	-152	2332	11660	2332	70699754
-16324	989	-2842	-1771	-163	-1025	-521	79	-151	2333	11665	2333	70699754
-16289	905	-2796	-1911	-154	-1062	-520	80	-151	2334	11670	2334	70699761
-16336	834	-2773	-2037	-164	-1114	-516	86	-152	2335	11675	2335	70699787
-16364	760	-2864	-2142	-171	-1174	-517	85	-151	2336	11680	2336	70699787
-16413	622	-2838	-2229	-177	-1256	-519	81	-147	2337	11685	2337	70699787
-16424	493	-2869	-2291	-170	-1349	-520	82	-148	2338	11690	2338	70699787
-16469	410	-2788	-2346	-171	-1442	-524	84	-150	2339	11695	2339	70699787
-16424	332	-2728	-2393	-177	-1533	-524	84	-150	2340	11700	2340	70699788
-16450	239	-2774	-2436	-178	-1637	-523	89	-151	2341	11705	2341	70699788
-16419	167	-2724	-2496	-174	-1718	-522	89	-150	2342	11710	2342	70699793
-16419	68	-2723	-2555	-163	-1787	-516	88	-148	2343	11715	2343	70699821
-16392	-4	-2776	-2621	-142	-1842	-516	87	-148	2344	11720	2344	70699847
-16345	-48	-2795	-2715	-87	-1873	-514	84	-146	2345	11725	2345	70699848
-16386	-94	-2837	-2787	-5	-1905	-514	85	-147	2346	11730	2346	70699848
-16431	-108	-2896	-2848	87	-1909	-515	89	-151	2347	11735	2347	70699849
-16388	-156	-3018	-2900	177	-1891	-517	89	-150	2348	11740	2348	70699849
-16317	-62	-3062	-2947	263	-1868	-521	89	-147	2349	11745	2349	70699863
-16349	-12	-3123	-2997	313	-1838	-523	88	-148	2350	11750	2350	70699893
-16351	4	-3119	-3049	332	-1796	-525	87	-149	2351	11755	2351	70699908
-16372	91	-3124	-3108	337	-1751	-525	87	-147	2352	11760	2352	70699909
-16365	140	-3157	-3186	345	-1711	-526	86	-144	2353	11765	2353	70699909
-16362	185	-3237	-3289	362	-1680	-525	86	-144	2354	11770	2354	70699910
-16355	173	-3253	-3402	395	-1651	-524	86	-144	2355	11775	2355	70699910
-16365	179	-3240	-3505	457	-1630	-521	86	-146	2356	11780	2356	70699911
-16385	247	-3256	-3600	545	-1621	-517	85	-149	2357	11785	2357	70699929
-16342	257	-3271	-3663	643	-1618	-519	86	-149	2358	11790	2358	70699947
-16334	246	-3282	-3707	722	-1625	-521	87	-149	2359	11795	2359	70699947
-16313	230	-3284	-3749	804	-1643	-517	86	-149	2360	11800	2360	70699947
-16243	232	-3355	-3777	870	-1655	-515	85	-149	2361	11805	2361	70699947
-16262	220	-3360	-3801	918	-1686	-514	84	-147	2362	11810	2362	70699947
-16264	207	-3322	-3821	955	-1731	-514	84	-146	2363	11815	2363	70699947
-16230	229	-3330	-3832	989	-1769	-515	85	-145	2364	11820	2364	70699947
-16215	281	-3345	-3842	1033	-1809	-516	86	-144	2365	11825	2365	70699947
-16171	300	-3406	-3845	1079	-1860	-518	88	-144	2366	11830	2366	70699947
-16111	349	-3412	-3859	1116	-1887	-520	90	-144	2367	11835	2367	70699947
-16115	376	-3396	-3894	1152	-1906	-516	85	-148	2368	11840	2368	70699947
-16140	474	-3440	-3949	1178	-1925	-514	82	-150	2369	11845	2369	70699947
-16146	558	-3454	-4014	1188	-1936	-514	83	-148	2370	11850	2370	70699957
-16162	606	-3428	-4090	1187	-1934	-514	84	-146	2371	11855	2371	70699964
-16195	631	-3483	-4168	1204	-1920	-516	84	-147	2372	11860	2372	70699965
-16242	672	-3550	-4250	1247	-1907	-518	84	-148	2373	11865	2373	70699965
-16239	764	-3531	-4352	1291	-1889	-520	84	-150	2374	11870	2374	70699988
-16323	840	-3547	-4472	1288	-1856	-520	84	-150	2375	11875	2375	70699995
-16439	910	-3472	-4587	1237	-1801	-518	90	-152	2376	11880	2376	70699995
-16576	1031	-3362	-4676	1121	-1731	-517	91	-153	2377	11885	2377	70699995
-16695	1160	-3172	-4732	957	-1624	-514	88	-147	2378	11890	2378	70699995
-16920	1234	-3196	-4764	775	-1498	-513	87	-145	2379	11895	2379	70699995
-17016	1307	-3124	-4789	636	-1362	-515	89	-144	2380	11900	2380	70699995
-17090	1405	-3070	-4804	542	-1223	-516	90	-144	2381	11905	2381	70700002
-17142	1394	-2972	-4790	505	-1084	-511	85	-149	2382	11910	2382	70700043
-17112	1472	-2854	-4748	563	-1008	-511	85	-149	2383	11915	2383	70700044
-17018	1420	-2922	-4698	637	-946	-522	86	-144	2384	11920	2384	70700044
-16984	1284	-2732	-4654	723	-891	-522	86	-144	2385	11925	2385	70700044
-16896	1204	-2658	-4619	801	-900	-516	86	-152	2386	11930	2386	70700045
-16723	1151	-2648	-4582	835	-903	-516	86	-152	2387	11935	2387	70700045
-16598	1036	-2558	-4537	876	-899	-511	86	-150	2388	11940	2388	70700045
-16470	892	-2557	-4498	930	-938	-510	86	-150	2389	11945	2389	70700045
-16359	720	-2522	-4472	987	-984	-514	85	-154	2390	11950	2390	70700066
-16158	586	-2572	-4449	1086	-1037	-515	85	-155	2391	11955	2391	70700081
-16124	462	-2540	-4432	1197	-1087	-509	93	-147	2392	11960	2392	70700082
-15980	372	-2652	-4446	1275	-1145	-509	93	-147	2393	11965	2393	70700082
-15956	198	-2728	-4471	1333	-1180	-519	81	-143	2394	11970	2394	70700082
-15968	80	-2774	-4519	1355	-1216	-519	81	-143	2395	11975	2395	70700082
-16044	-98	-2924	-4566	1356	-1244	-514	86	-152	2396	11980	2396	70700083
-16084	-240	-2816	-4648	1310	-1239	-514	86	-152	2397	11985	2397	70700083
-16262	-360	-2868	-4732	1159	-1220	-513	89	-145	2398	11990	2398	70700083
-16583	-452	-2899	-4846	899	-1176	-513	90	-146	2399	11995	2399	70700097
-16936	-572	-2929	-4939	630	-1115	-515	93	-151	2400	12000	2400	70700119
-17304	-703	-2824	-5048	347	-1032	-515	92	-150	2401	12005	2401	70700119
-17737	-712	-2714	-5168	66	-939	-514	88	-144	2402	12010	2402	70700120
-18162	-734	-2555	-5267	-210	-823	-514	88	-144	2403	12015	2403	70700120
-18657	-761	-2337	-5332	-441	-692	-514	86	-146	2404	12020	2404	70700120
-19149	-770	-2059	-5373	-636	-545	-514	86	-146	2405	12025	2405	70700120
-19614	-738	-1806	-5370	-734	-389	-512	86	-148	2406	12030	2406	70700121
-19913	-741	-1680	-5308	-695	-239	-513	86	-148	2407	12035	2407	70700121
-20188	-626	-1581	-5160	-496	-77	-516	86	-146	2408	12040	2408	70700135
-20163	-497	-1492	-5011	-201	48	-514	87	-145	2409	12045	2409	70700155
-19923	-412	-1427	-4858	185	140	-512	88	-144	2410	12050	2410	70700155
-19571	-317	-1445	-4725	597	199	-514	90	-145	2411	12055	2411	70700155
-19172	-110	-1508	-4621	989	231	-517	93	-147	2412	12060	2412	70700155
-18542	106	-1569	-4530	1448	244	-517	92	-146	2413	12065	2413	70700155
-17902	395	-1615	-4473	1863	253	-517	87	-141	2414	12070	2414	70700155
-17162	742	-1754	-4458	2220	266	-517	87	-143	2415	12075	2415	70700158
-16414	1092	-1814	-4458	2490	319	-515	87	-147	2416	12080	2416	70700182
-15790	1363	-1928	-4469	2643	365	-514	87	-149	2417	12085	2417	70700206
-15204	1635	-2001	-4515	2710	413	-513	87	-151	2418	12090	2418	70700207
-14624	1908	-2022	-4567	2703	465	-515	85	-151	2419	12095	2419	70700207
-14113	2150	-2042	-4610	2637	503	-517	81	-151	2420	12100	2420	70700207
-13706	2374	-2058	-4634	2490	511	-515	83	-151	2421	12105	2421	70700207
-13436	2530	-2141	-4642	2255	518	-513	87	-151	2422	12110	2422	70700207
-13334	2635	-2161	-4626	1953	517	-514	88	-150	2423	12115	2423	70700215
-13357	2753	-2201	-4559	1548	504	-516	90	-148	2424	12120	2424	70700239
-13555	2758	-2262	-4434	1088	484	-513	91	-147	2425	12125	2425	70700254
-13818	2650	-2221	-4274	653	469	-511	91	-147	2426	12130	2426	70700257
-14270	2449	-2198	-4083	205	459	-507	87	-146	2427	12135	2427	70700257
-14748	2211	-2178	-3881	-223	428	-504	84	-146	2428	12140	2428	70700258
-15264	1999	-2168	-3677	-586	376	-511	84	-145	2429	12145	2429	70700258
-15788	1742	-2160	-3505	-867	297	-516	84	-144	2430	12150	2430	70700258
-16299	1381	-2102	-3393	-1071	209	-515	85	-142	2431	12155	2431	70700258
-16930	977	-2067	-3346	-1227	116	-515	85	-141	2432	12160	2432	70700258
-17417	701	-1932	-3363	-1301	22	-511	86	-145	2433	12165	2433	70700258
-17886	372	-1829	-3418	-1296	-74	-510	86	-146	2434	12170	2434	70700280
-18193	175	-1764	-3483	-1227	-150	-515	87	-145	2435	12175	2435	70700285
-18470	16	-1706	-3564	-1100	-226	-517	87	-145	2436	12180	2436	70700285
-18685	-134	-1654	-3655	-900	-309	-516	86	-147	2437	12185	2437	70700285
-18759	-221	-1560	-3740	-630	-375	-516	86	-148	2438	12190	2438	70700285
-18661	-250	-1496	-3822	-298	-420	-518	87	-147	2439	12195	2439	70700285
-18461	-160	-1397	-3896	64	-449	-519	87	-147	2440	12200	2440	70700285
-18184	24	-1248	-3950	491	-465	-512	86	-143	2441	12205	2441	70700285
-17840	232	-1189	-3932	838	-441	-510	86	-142	2442	12210	2442	70700327
-17501	362	-1158	-3842	1098	-384	-513	89	-142	2443	12215	2443	70700337
-17074	586	-1125	-3719	1298	-303	-514	90	-142	2444	12220	2444	70700337
-16621	761	-1188	-3577	1430	-208	-513	89	-141	2445	12225	2445	70700337
-16261	958	-1155	-3420	1480	-109	-513	89	-141	2446	12230	2446	70700337
-15917	1099	-1217	-3270	1451	-10	-515	87	-139	2447	12235	2447	70700338
-15560	1268	-1393	-3107	1362	70	-515	87	-139	2448	12240	2448	70700338
-15282	1368	-1468	-2939	1211	162	-515	83	-147	2449	12245	2449	70700345
-15088	1498	-1472	-2816	1044	225	-515	83	-147	2450	12250	2450	70700397
-15078	1486	-1608	-2689	876	303	-516	82	-144	2451	12255	2451	70700397
-15014	1538	-1692	-2585	715	348	-516	82	-144	2452	12260	2452	70700398
-15132	1538	-1808	-2487	555	372	-512	84	-148	2453	12265	2453	70700398
-15240	1526	-1900	-2415	402	385	-512	84	-148	2454	12270	2454	70700398
-15396	1400	-1962	-2336	282	356	-516	86	-140	2455	12275	2455	70700398
-15628	1362	-1952	-2286	159	309	-516	86	-140	2456	12280	2456	70700398
-15820	1256	-1982	-2246	34	270	-510	82	-148	2457	12285	2457	70700398
-16110	1042	-1955	-2231	-91	201	-510	81	-148	2458	12290	2458	70700433
-16280	932	-2000	-2226	-183	134	-512	78	-148	2459	12295	2459	70700442
-16498	770	-1924	-2236	-283	64	-512	78	-148	2460	12300	2460	70700442
