-13600	-9117	-1360	1088	631	1271	-42	186	-83	1545	7725	1545	70695857
-13652	-9200	-1400	1063	593	1236	-42	186	-84	1546	7730	1546	70695867
-13640	-9254	-1440	1063	577	1200	-39	187	-77	1547	7735	1547	70695868
-13632	-9336	-1446	1065	599	1181	-39	187	-77	1548	7740	1548	70695868
-13714	-9320	-1490	1055	589	1180	-42	188	-78	1549	7745	1549	70695868
-13746	-9198	-1442	1078	589	1183	-42	188	-78	1550	7750	1550	70695868
-13656	-9242	-1498	1087	567	1188	-41	187	-79	1551	7755	1551	70695868
-13724	-9172	-1414	1099	562	1177	-41	187	-79	1552	7760	1552	70695868
-13658	-9142	-1482	1128	555	1178	-46	182	-84	1553	7765	1553	70695890
-13641	-9105	-1522	1168	562	1181	-46	182	-84	1554	7770	1554	70695899
-13568	-9094	-1584	1214	560	1191	-41	185	-77	1555	7775	1555	70695901
-13610	-9046	-1642	1268	543	1191	-41	185	-77	1556	7780	1556	70695901
-13594	-9090	-1618	1331	543	1178	-40	186	-84	1557	7785	1557	70695901
-13576	-9110	-1672	1375	534	1157	-40	186	-84	1558	7790	1558	70695901
-13598	-9166	-1894	1403	536	1160	-48	186	-82	1559	7795	1559	70695901
-13622	-9292	-1762	1428	522	1153	-48	186	-82	1560	7800	1560	70695910
-13558	-9200	-1882	1429	502	1149	-41	187	-75	1561	7805	1561	70695941
-13576	-9188	-1994	1454	500	1138	-41	187	-75	1562	7810	1562	70695941
-13558	-9397	-2050	1422	487	1107	-40	190	-80	1563	7815	1563	70695941
-13667	-9392	-2175	1380	472	1070	-41	190	-80	1564	7820	1564	70695941
-13673	-9354	-2138	1339	466	1056	-45	191	-81	1565	7825	1565	70695942
-13641	-9354	-2260	1287	446	1050	-44	191	-81	1566	7830	1566	70695942
-13625	-9330	-2262	1209	426	1015	-41	189	-83	1567	7835	1567	70695944
-13597	-9335	-2255	1140	401	977	-42	188	-82	1568	7840	1568	70695957
-13576	-9346	-2260	1057	366	954	-44	182	-76	1569	7845	1569	70695979
-13629	-9322	-2118	975	329	928	-43	182	-78	1570	7850	1570	70695979
-13606	-9386	-2141	891	298	909	-41	181	-85	1571	7855	1571	70695979
-13608	-9307	-2113	798	257	884	-42	184	-82	1572	7860	1572	70695979
-13662	-9200	-2115	729	224	868	-44	188	-78	1573	7865	1573	70695979
-13686	-9170	-2120	664	194	855	-43	189	-80	1574	7870	1574	70695979
-13654	-9182	-2157	611	160	843	-42	190	-82	1575	7875	1575	70695996
-13666	-9142	-2175	563	131	824	-43	190	-84	1576	7880	1576	70696036
-13677	-9141	-2150	514	108	806	-45	189	-87	1577	7885	1577	70696058
-13685	-9151	-2201	476	94	783	-44	189	-86	1578	7890	1578	70696058
-13701	-9163	-2219	443	75	759	-42	190	-84	1579	7895	1579	70696058
-13698	-9236	-2236	411	67	740	-40	188	-83	1580	7900	1580	70696058
-13730	-9264	-2228	379	66	720	-38	186	-82	1581	7905	1581	70696059
-13736	-9277	-2238	362	61	695	-39	186	-81	1582	7910	1582	70696059
-13675	-9327	-2288	399	72	673	-41	185	-79	1583	7915	1583	70696063
-13683	-9312	-2338	450	110	661	-43	184	-80	1584	7920	1584	70696080
-13739	-9354	-2308	459	135	646	-45	183	-81	1585	7925	1585	70696096
-13688	-9414	-2278	431	142	614	-44	184	-82	1586	7930	1586	70696097
-13635	-9462	-2198	407	156	576	-43	185	-83	1587	7935	1587	70696097
-13613	-9499	-2160	475	187	556	-42	186	-85	1588	7940	1588	70696098
-13547	-9540	-2179	535	220	547	-40	186	-86	1589	7945	1589	70696098
-13516	-9543	-2114	556	240	524	-41	188	-85	1590	7950	1590	70696098
-13518	-9518	-2071	565	256	489	-42	190	-84	1591	7955	1591	70696099
-13530	-9572	-2120	559	273	458	-35	189	-82	1592	7960	1592	70696099
-13499	-9602	-2206	527	281	435	-31	189	-81	1593	7965	1593	70696099
-13440	-9597	-2077	482	272	398	-37	189	-81	1594	7970	1594	70696099
-13429	-9579	-2131	517	294	359	-41	189	-81	1595	7975	1595	70696099
-13447	-9557	-2063	548	337	337	-41	188	-77	1596	7980	1596	70696100
-13432	-9562	-2124	564	350	320	-41	187	-75	1597	7985	1597	70696105
-13431	-9516	-2096	576	361	290	-42	186	-81	1598	7990	1598	70696106
-13413	-9470	-2104	598	371	257	-42	186	-82	1599	7995	1599	70696112
-13427	-9414	-2144	616	387	228	-41	184	-78	1600	8000	1600	70696128
-13464	-9324	-2182	628	409	208	-41	183	-77	1601	8005	1601	70696132
-13467	-9314	-2235	652	416	192	-43	185	-79	1602	8010	1602	70696133
-13469	-9276	-2236	663	438	169	-43	185	-79	1603	8015	1603	70696133
-13475	-9292	-2255	678	454	149	-43	185	-81	1604	8020	1604	70696133
-13482	-9282	-2330	695	473	129	-43	185	-81	1605	8025	1605	70696133
-13529	-9265	-2386	706	479	111	-43	187	-81	1606	8030	1606	70696133
-13522	-9259	-2407	691	477	92	-43	187	-81	1607	8035	1607	70696166
-13532	-9279	-2356	701	477	77	-43	190	-79	1608	8040	1608	70696182
-13542	-9335	-2441	727	493	83	-43	191	-79	1609	8045	1609	70696184
-13581	-9310	-2479	729	495	67	-43	189	-76	1610	8050	1610	70696184
-13595	-9423	-2565	726	488	38	-43	189	-75	1611	8055	1611	70696184
-13649	-9435	-2533	729	500	14	-38	184	-80	1612	8060	1612	70696184
-13566	-9422	-2440	698	504	-7	-37	183	-81	1613	8065	1613	70696184
-13656	-9412	-2418	678	482	-26	-38	182	-86	1614	8070	1614	70696184
-13596	-9402	-2430	636	474	-37	-38	182	-86	1615	8075	1615	70696185
-13594	-9352	-2486	588	459	-55	-37	187	-81	1616	8080	1616	70696212
-13646	-9284	-2490	552	437	-60	-37	187	-81	1617	8085	1617	70696244
-13660	-9252	-2518	542	421	-66	-45	185	-91	1618	8090	1618	70696245
-13628	-9330	-2462	501	414	-61	-45	185	-91	1619	8095	1619	70696245
-13706	-9304	-2420	463	373	-74	-40	182	-78	1620	8100	1620	70696245
-13640	-9252	-2458	418	360	-95	-40	182	-78	1621	8105	1621	70696254
-13553	-9250	-2474	376	328	-97	-40	186	-84	1622	8110	1622	70696273
-13569	-9241	-2527	346	294	-90	-39	186	-83	1623	8115	1623	70696273
-13580	-9237	-2481	306	264	-102	-37	185	-81	1624	8120	1624	70696273
-13536	-9207	-2376	279	236	-95	-38	186	-81	1625	8125	1625	70696273
-13520	-9211	-2502	261	217	-89	-43	189	-79	1626	8130	1626	70696273
-13597	-9273	-2556	234	189	-83	-42	188	-79	1627	8135	1627	70696273
-13559	-9294	-2452	197	145	-87	-38	184	-80	1628	8140	1628	70696273
-13534	-9322	-2416	144	114	-94	-39	185	-81	1629	8145	1629	70696273
-13527	-9326	-2400	98	72	-91	-40	188	-82	1630	8150	1630	70696279
-13572	-9380	-2439	58	44	-88	-40	188	-82	1631	8155	1631	70696296
-13536	-9330	-2463	2	9	-91	-42	188	-82	1632	8160	1632	70696311
-13654	-9345	-2450	-42	-32	-93	-41	189	-83	1633	8165	1633	70696311
-13579	-9324	-2426	-91	-56	-82	-37	191	-85	1634	8170	1634	70696311
-13532	-9263	-2370	-140	-100	-68	-38	190	-85	1635	8175	1635	70696312
-13541	-9257	-2385	-184	-124	-61	-41	187	-83	1636	8180	1636	70696312
-13618	-9213	-2423	-225	-147	-39	-40	187	-82	1637	8185	1637	70696313
-13671	-9173	-2443	-264	-174	-19	-38	188	-78	1638	8190	1638	70696313
-13628	-9154	-2445	-289	-203	-1	-38	189	-81	1639	8195	1639	70696313
-13593	-9149	-2412	-314	-232	6	-37	191	-85	1640	8200	1640	70696315
-13639	-9176	-2347	-330	-253	14	-36	189	-83	1641	8205	1641	70696326
-13672	-9201	-2350	-352	-272	31	-35	187	-79	1642	8210	1642	70696339
-13700	-9188	-2327	-363	-296	39	-36	185	-80	1643	8215	1643	70696339
-13692	-9225	-2293	-390	-328	45	-38	182	-82	1644	8220	1644	70696339
-13722	-9264	-2298	-441	-365	59	-40	182	-82	1645	8225	1645	70696339
-13752	-9275	-2292	-476	-380	71	-43	181	-83	1646	8230	1646	70696339
-13743	-9270	-2322	-487	-394	89	-41	183	-82	1647	8235	1647	70696339
-13746	-9278	-2327	-505	-422	97	-40	184	-82	1648	8240	1648	70696349
-13744	-9240	-2330	-532	-451	98	-40	185	-80	1649	8245	1649	70696368
-13726	-9228	-2329	-559	-465	108	-40	186	-78	1650	8250	1650	70696376
-13750	-9222	-2353	-569	-483	121	-38	187	-81	1651	8255	1651	70696376
-13730	-9241	-2440	-581	-504	138	-37	187	-83	1652	8260	1652	70696376
-13739	-9242	-2375	-596	-513	156	-38	189	-83	1653	8265	1653	70696376
-13710	-9184	-2376	-607	-528	169	-39	191	-83	1654	8270	1654	70696376
-13735	-9123	-2372	-612	-543	170	-39	187	-86	1655	8275	1655	70696383
-13724	-9165	-2396	-613	-551	178	-39	185	-87	1656	8280	1656	70696408
-13690	-9191	-2357	-617	-560	187	-38	186	-84	1657	8285	1657	70696424
-13645	-9186	-2264	-620	-580	200	-38	186	-82	1658	8290	1658	70696424
-13639	-9129	-2306	-627	-589	208	-39	183	-85	1659	8295	1659	70696424
-13640	-9142	-2382	-623	-597	213	-39	181	-87	1660	8300	1660	70696424
-13586	-9204	-2334	-616	-603	222	-40	181	-85	1661	8305	1661	70696424
-13579	-9286	-2338	-622	-607	222	-41	181	-83	1662	8310	1662	70696424
-13582	-9316	-2351	-624	-612	212	-38	184	-80	1663	8315	1663	70696452
-13604	-9365	-2346	-641	-615	221	-37	185	-79	1664	8320	1664	70696461
-13628	-9378	-2277	-667	-626	219	-40	188	-82	1665	8325	1665	70696461
-13566	-9386	-2335	-702	-635	210	-41	189	-83	1666	8330	1666	70696461
-13584	-9394	-2392	-738	-649	214	-38	183	-81	1667	8335	1667	70696462
-13581	-9385	-2389	-774	-657	209	-37	181	-81	1668	8340	1668	70696462
-13599	-9387	-2340	-803	-654	206	-37	186	-83	1669	8345	1669	70696462
-13582	-9298	-2330	-822	-662	207	-37	187	-83	1670	8350	1670	70696462
-13590	-9244	-2328	-859	-674	193	-42	184	-84	1671	8355	1671	70696490
-13710	-9244	-2258	-879	-677	182	-42	184	-84	1672	8360	1672	70696499
-13690	-9286	-2194	-874	-671	183	-36	188	-78	1673	8365	1673	70696499
-13732	-9254	-2320	-901	-673	179	-36	188	-78	1674	8370	1674	70696499
-13648	-9254	-2144	-948	-684	179	-37	183	-81	1675	8375	1675	70696499
-13654	-9144	-2150	-937	-701	174	-37	183	-81	1676	8380	1676	70696499
-13790	-9132	-2314	-877	-676	181	-35	181	-81	1677	8385	1677	70696499
-13802	-9094	-2198	-880	-672	198	-35	181	-81	1678	8390	1678	70696499
-13750	-9082	-2194	-875	-691	193	-42	188	-88	1679	8395	1679	70696500
-13743	-9011	-2231	-851	-670	184	-41	188	-87	1680	8400	1680	70696507
-13718	-9016	-2146	-838	-672	192	-36	190	-84	1681	8405	1681	70696540
-13732	-9058	-2202	-821	-665	180	-36	190	-84	1682	8410	1682	70696540
-13712	-8964	-2288	-816	-673	181	-44	186	-84	1683	8415	1683	70696541
-13790	-9002	-2248	-816	-661	190	-44	186	-84	1684	8420	1684	70696541
-13732	-9018	-2256	-810	-668	187	-43	189	-83	1685	8425	1685	70696541
-13794	-9000	-2274	-802	-655	173	-43	189	-83	1686	8430	1686	70696542
-13756	-8966	-2284	-799	-657	176	-41	187	-83	1687	8435	1687	70696542
-13742	-8965	-2188	-779	-650	182	-40	187	-83	1688	8440	1688	70696561
-13782	-8948	-2214	-768	-636	183	-38	186	-82	1689	8445	1689	70696578
-13800	-8932	-2150	-764	-629	189	-39	185	-80	1690	8450	1690	70696578
-13822	-8914	-2106	-747	-621	191	-41	183	-73	1691	8455	1691	70696578
-13766	-8872	-2165	-729	-614	198	-40	184	-75	1692	8460	1692	70696578
-13751	-8888	-2054	-703	-609	198	-38	186	-84	1693	8465	1693	70696578
-13787	-8890	-2051	-671	-596	204	-39	186	-84	1694	8470	1694	70696578
-13790	-8942	-2105	-652	-582	199	-42	186	-84	1695	8475	1695	70696578
-13785	-8952	-2056	-628	-578	213	-41	187	-83	1696	8480	1696	70696585
-13808	-8918	-2002	-596	-568	214	-38	190	-80	1697	8485	1697	70696610
-13808	-8962	-2023	-561	-552	218	-40	189	-80	1698	8490	1698	70696615
-13805	-9018	-2060	-538	-537	218	-43	187	-81	1699	8495	1699	70696615
-13798	-8984	-2093	-521	-531	213	-42	185	-82	1700	8500	1700	70696616
-13772	-8960	-2108	-499	-515	216	-40	182	-84	1701	8505	1701	70696616
-13836	-8998	-2072	-480	-493	217	-42	184	-82	1702	8510	1702	70696616
-13868	-9005	-2015	-459	-480	218	-44	186	-80	1703	8515	1703	70696621
-13821	-9021	-2014	-441	-454	209	-43	185	-81	1704	8520	1704	70696639
-13780	-9026	-2011	-415	-433	192	-42	184	-82	1705	8525	1705	70696651
-13792	-9048	-1988	-388	-426	189	-42	183	-81	1706	8530	1706	70696651
-13811	-9082	-1943	-369	-413	185	-41	181	-79	1707	8535	1707	70696651
-13795	-9061	-1946	-352	-393	165	-41	182	-78	1708	8540	1708	70696651
-13846	-9098	-1917	-333	-386	151	-40	184	-76	1709	8545	1709	70696651
-13851	-9114	-1931	-310	-374	139	-40	185	-77	1710	8550	1710	70696651
-13771	-9084	-1926	-282	-351	127	-39	187	-79	1711	8555	1711	70696667
-13783	-9072	-1972	-260	-326	120	-40	187	-79	1712	8560	1712	70696689
-13809	-9083	-1983	-236	-308	112	-41	187	-79	1713	8565	1713	70696689
-13817	-9041	-1932	-207	-296	105	-39	183	-82	1714	8570	1714	70696689
-13830	-9081	-1888	-186	-290	81	-38	180	-84	1715	8575	1715	70696689
-13831	-9111	-1930	-167	-267	57	-40	185	-81	1716	8580	1716	70696689
-13847	-9093	-1982	-144	-241	52	-41	189	-79	1717	8585	1717	70696689
-13928	-9080	-1937	-123	-230	38	-42	188	-83	1718	8590	1718	70696695
-13993	-9068	-1862	-107	-210	26	-43	187	-85	1719	8595	1719	70696723
-13936	-9032	-1812	-95	-193	26	-45	184	-82	1720	8600	1720	70696739
-13934	-9075	-1868	-78	-174	21	-46	182	-80	1721	8605	1721	70696739
-13998	-9066	-1871	-64	-175	10	-41	185	-77	1722	8610	1722	70696739
-14004	-8975	-1898	-52	-158	10	-40	186	-76	1723	8615	1723	70696739
-14012	-8952	-1831	-42	-144	11	-36	185	-82	1724	8620	1724	70696739
-14046	-9003	-1822	-33	-136	9	-35	185	-83	1725	8625	1725	70696739
-14035	-8955	-1869	-20	-117	4	-38	187	-80	1726	8630	1726	70696761
-14062	-8922	-1858	-11	-92	-8	-39	187	-79	1727	8635	1727	70696774
-14032	-8950	-1860	8	-74	-15	-40	189	-81	1728	8640	1728	70696776
-14011	-8912	-1832	24	-56	-22	-40	190	-82	1729	8645	1729	70696777
-14014	-9044	-1810	30	-27	-40	-37	187	-81	1730	8650	1730	70696777
-14091	-9076	-1815	38	-22	-67	-37	187	-81	1731	8655	1731	70696777
