-15470	-5004	-3579	229	-644	-539	-196	256	-164	1545	7725	1545	70695811
-15489	-4966	-3628	148	-615	-541	-192	253	-163	1546	7730	1546	70695819
-15502	-4892	-3562	73	-580	-540	-189	251	-163	1547	7735	1547	70695819
-15502	-4823	-3571	60	-554	-530	-187	252	-169	1548	7740	1548	70695820
-15544	-4848	-3550	78	-517	-515	-186	252	-170	1549	7745	1549	70695820
-15498	-4869	-3545	89	-475	-509	-192	252	-167	1550	7750	1550	70695820
-15547	-4792	-3489	92	-438	-502	-194	252	-166	1551	7755	1551	70695820
-15561	-4674	-3460	125	-403	-487	-187	249	-163	1552	7760	1552	70695842
-15522	-4692	-3507	196	-363	-480	-183	247	-161	1553	7765	1553	70695861
-15516	-4745	-3532	273	-313	-475	-188	251	-163	1554	7770	1554	70695864
-15533	-4819	-3569	338	-260	-474	-192	254	-164	1555	7775	1555	70695864
-15498	-4925	-3528	372	-223	-469	-188	256	-165	1556	7780	1556	70695865
-15437	-4887	-3500	366	-189	-474	-187	257	-165	1557	7785	1557	70695865
-15400	-4883	-3566	337	-140	-488	-192	254	-165	1558	7790	1558	70695867
-15408	-4886	-3610	307	-100	-481	-193	253	-165	1559	7795	1559	70695890
-15438	-4886	-3632	273	-72	-488	-184	255	-166	1560	7800	1560	70695895
-15466	-4843	-3622	222	-41	-512	-182	256	-166	1561	7805	1561	70695896
-15434	-4843	-3703	171	4	-520	-186	257	-167	1562	7810	1562	70695896
-15424	-4860	-3676	119	36	-530	-187	257	-167	1563	7815	1563	70695896
-15403	-4918	-3616	42	43	-537	-187	252	-167	1564	7820	1564	70695896
-15425	-4865	-3705	-34	62	-539	-187	251	-167	1565	7825	1565	70695896
-15458	-4882	-3722	-135	61	-541	-191	253	-166	1566	7830	1566	70695926
-15427	-4930	-3712	-202	62	-544	-192	254	-166	1567	7835	1567	70695934
-15421	-4945	-3662	-245	74	-559	-196	256	-165	1568	7840	1568	70695934
-15419	-4911	-3796	-310	78	-549	-197	257	-165	1569	7845	1569	70695934
-15420	-4777	-3707	-371	88	-553	-188	256	-167	1570	7850	1570	70695934
-15415	-4767	-3676	-368	100	-519	-186	256	-168	1571	7855	1571	70695934
-15374	-4734	-3646	-310	112	-521	-191	255	-167	1572	7860	1572	70695934
-15362	-4800	-3676	-236	116	-502	-191	255	-167	1573	7865	1573	70695945
-15310	-4776	-3730	-133	131	-484	-188	258	-170	1574	7870	1574	70695971
-15264	-4770	-3672	-50	160	-448	-188	258	-170	1575	7875	1575	70695971
-15324	-4817	-3662	54	166	-436	-196	254	-166	1576	7880	1576	70695971
-15323	-4848	-3748	144	162	-434	-197	253	-165	1577	7885	1577	70695971
-15320	-4910	-3823	215	171	-423	-194	253	-163	1578	7890	1578	70695972
-15317	-4855	-3796	287	168	-401	-193	253	-163	1579	7895	1579	70695972
-15296	-4870	-3734	380	166	-370	-186	254	-164	1580	7900	1580	70695972
-15318	-4872	-3732	430	159	-358	-186	254	-164	1581	7905	1581	70695972
-15312	-4962	-3868	462	148	-351	-186	254	-168	1582	7910	1582	70696041
-15356	-4960	-3844	441	143	-338	-186	254	-168	1583	7915	1583	70696050
-15370	-4844	-3808	420	131	-329	-189	251	-169	1584	7920	1584	70696050
-15340	-4858	-3810	403	124	-316	-189	251	-169	1585	7925	1585	70696050
-15306	-4718	-3914	396	119	-306	-185	257	-161	1586	7930	1586	70696050
-15386	-4784	-3830	392	109	-311	-185	257	-161	1587	7935	1587	70696050
-15424	-4834	-3832	378	96	-313	-189	249	-167	1588	7940	1588	70696050
-15382	-4858	-3814	355	87	-290	-189	249	-167	1589	7945	1589	70696062
-15328	-4848	-3814	338	69	-301	-185	245	-169	1590	7950	1590	70696093
-15334	-4834	-3928	301	70	-290	-185	245	-169	1591	7955	1591	70696094
-15354	-4888	-3880	272	68	-291	-193	249	-167	1592	7960	1592	70696094
-15340	-4858	-3856	237	73	-293	-193	249	-167	1593	7965	1593	70696095
-15310	-4876	-3800	208	68	-279	-188	254	-168	1594	7970	1594	70696095
-15386	-4870	-3932	188	59	-294	-188	254	-168	1595	7975	1595	70696095
-15346	-4878	-3878	182	60	-272	-188	252	-170	1596	7980	1596	70696096
-15309	-4892	-3872	158	45	-276	-188	253	-170	1597	7985	1597	70696096
-15346	-4837	-3786	134	42	-279	-188	256	-168	1598	7990	1598	70696097
-15335	-4865	-3901	114	34	-283	-188	256	-168	1599	7995	1599	70696097
-15268	-4818	-3930	115	30	-275	-186	254	-166	1600	8000	1600	70696097
-15329	-4773	-3960	100	21	-279	-187	254	-167	1601	8005	1601	70696098
-15274	-4750	-3920	117	13	-266	-190	256	-170	1602	8010	1602	70696100
-15344	-4774	-3944	141	0	-260	-190	256	-170	1603	8015	1603	70696100
-15320	-4820	-3878	151	-8	-264	-190	250	-168	1604	8020	1604	70696100
-15295	-4876	-3928	163	-14	-269	-190	251	-167	1605	8025	1605	70696117
-15230	-4843	-3939	167	-29	-270	-190	254	-164	1606	8030	1606	70696147
-15208	-4870	-3870	157	-36	-271	-190	254	-164	1607	8035	1607	70696147
-15199	-4872	-3961	145	-44	-272	-189	255	-165	1608	8040	1608	70696148
-15259	-4810	-3951	137	-47	-283	-189	255	-165	1609	8045	1609	70696148
-15283	-4852	-3979	139	-58	-269	-187	253	-167	1610	8050	1610	70696148
-15401	-4779	-3948	149	-73	-267	-188	252	-168	1611	8055	1611	70696148
-15392	-4825	-3939	157	-104	-269	-190	248	-170	1612	8060	1612	70696154
-15304	-4803	-3975	189	-111	-259	-189	249	-168	1613	8065	1613	70696180
-15279	-4810	-3993	211	-118	-247	-187	251	-163	1614	8070	1614	70696189
-15276	-4836	-4011	229	-138	-246	-188	250	-165	1615	8075	1615	70696189
-15287	-4851	-3982	223	-164	-251	-191	247	-173	1616	8080	1616	70696189
-15232	-4872	-4024	220	-169	-262	-191	247	-173	1617	8085	1617	70696189
-15248	-4866	-3935	215	-183	-250	-191	247	-171	1618	8090	1618	70696190
-15258	-4812	-3990	193	-201	-245	-190	248	-170	1619	8095	1619	70696190
-15276	-4803	-4087	188	-220	-242	-188	252	-166	1620	8100	1620	70696190
-15309	-4778	-4044	179	-232	-247	-187	252	-166	1621	8105	1621	70696190
-15266	-4794	-3993	172	-251	-238	-185	251	-165	1622	8110	1622	70696190
-15238	-4785	-3933	186	-261	-236	-184	251	-167	1623	8115	1623	70696190
-15262	-4802	-3969	203	-272	-239	-182	252	-170	1624	8120	1624	70696214
-15279	-4756	-4040	226	-286	-251	-184	250	-170	1625	8125	1625	70696249
-15264	-4732	-4014	252	-291	-262	-188	248	-170	1626	8130	1626	70696249
-15277	-4755	-3978	256	-295	-264	-189	247	-169	1627	8135	1627	70696249
-15302	-4724	-3950	260	-291	-275	-190	244	-168	1628	8140	1628	70696249
-15324	-4737	-3949	281	-288	-273	-189	245	-168	1629	8145	1629	70696249
-15307	-4752	-3896	287	-300	-270	-187	249	-167	1630	8150	1630	70696249
-15341	-4800	-3931	270	-309	-278	-189	250	-168	1631	8155	1631	70696249
-15312	-4780	-3980	277	-317	-284	-192	252	-170	1632	8160	1632	70696264
-15297	-4749	-4036	291	-310	-283	-193	252	-170	1633	8165	1633	70696287
-15352	-4732	-4000	294	-306	-289	-195	251	-169	1634	8170	1634	70696287
-15373	-4724	-4010	299	-310	-296	-195	252	-168	1635	8175	1635	70696287
-15318	-4694	-3980	309	-308	-301	-194	254	-166	1636	8180	1636	70696287
-15325	-4684	-3981	320	-297	-313	-194	254	-166	1637	8185	1637	70696287
-15352	-4681	-3935	326	-286	-323	-193	253	-165	1638	8190	1638	70696287
-15320	-4678	-3965	337	-273	-329	-194	253	-165	1639	8195	1639	70696287
-15315	-4703	-3939	358	-270	-328	-195	253	-165	1640	8200	1640	70696287
-15286	-4715	-3928	380	-266	-331	-192	252	-166	1641	8205	1641	70696287
-15282	-4733	-3952	393	-254	-340	-188	250	-168	1642	8210	1642	70696287
-15368	-4739	-3920	408	-245	-344	-188	251	-167	1643	8215	1643	70696287
-15398	-4688	-3928	422	-238	-350	-188	252	-166	1644	8220	1644	70696298
-15359	-4672	-3934	435	-229	-360	-189	251	-166	1645	8225	1645	70696317
-15303	-4686	-3952	453	-224	-354	-190	250	-166	1646	8230	1646	70696322
-15326	-4712	-3923	478	-226	-350	-191	249	-167	1647	8235	1647	70696322
-15330	-4689	-3966	504	-214	-360	-192	248	-168	1648	8240	1648	70696323
-15299	-4709	-3978	533	-210	-366	-193	249	-169	1649	8245	1649	70696323
-15316	-4748	-3969	540	-218	-372	-194	250	-170	1650	8250	1650	70696323
-15338	-4751	-3917	547	-213	-391	-189	249	-169	1651	8255	1651	70696328
-15337	-4774	-3937	554	-213	-395	-186	248	-168	1652	8260	1652	70696347
-15319	-4778	-3954	539	-211	-399	-188	249	-170	1653	8265	1653	70696359
-15316	-4736	-3962	520	-209	-408	-189	249	-171	1654	8270	1654	70696359
-15335	-4721	-3971	498	-211	-410	-193	248	-172	1655	8275	1655	70696359
-15345	-4730	-3936	476	-210	-411	-196	246	-172	1656	8280	1656	70696359
-15294	-4728	-3981	473	-210	-411	-194	248	-169	1657	8285	1657	70696359
-15306	-4748	-3972	463	-209	-417	-193	249	-167	1658	8290	1658	70696359
-15302	-4787	-3933	460	-215	-424	-194	248	-169	1659	8295	1659	70696372
-15264	-4784	-3923	461	-211	-428	-194	248	-170	1660	8300	1660	70696390
-15261	-4822	-3924	458	-214	-428	-192	252	-172	1661	8305	1661	70696396
-15290	-4795	-3969	455	-221	-431	-190	254	-174	1662	8310	1662	70696397
-15314	-4813	-4001	427	-233	-450	-192	253	-171	1663	8315	1663	70696397
-15316	-4830	-4048	389	-247	-459	-192	252	-170	1664	8320	1664	70696397
-15317	-4858	-4007	369	-257	-457	-189	249	-169	1665	8325	1665	70696397
-15331	-4843	-3992	335	-263	-454	-188	248	-168	1666	8330	1666	70696397
-15334	-4794	-4018	315	-269	-460	-187	249	-172	1667	8335	1667	70696416
-15283	-4720	-3999	310	-266	-473	-187	249	-175	1668	8340	1668	70696433
-15259	-4715	-3940	312	-268	-477	-188	250	-168	1669	8345	1669	70696436
-15278	-4735	-3960	323	-272	-480	-188	250	-164	1670	8350	1670	70696436
-15271	-4753	-3984	338	-277	-487	-189	249	-163	1671	8355	1671	70696436
-15296	-4738	-4057	342	-279	-487	-189	249	-163	1672	8360	1672	70696436
-15302	-4771	-3991	331	-290	-483	-186	249	-168	1673	8365	1673	70696437
-15316	-4768	-3947	302	-309	-504	-185	249	-169	1674	8370	1674	70696443
-15347	-4798	-4028	289	-304	-506	-189	251	-167	1675	8375	1675	70696468
-15317	-4788	-3975	284	-300	-507	-190	252	-166	1676	8380	1676	70696474
-15326	-4789	-4010	281	-308	-506	-191	251	-167	1677	8385	1677	70696474
-15319	-4771	-4041	266	-317	-515	-191	251	-167	1678	8390	1678	70696474
-15319	-4756	-3958	249	-316	-515	-189	253	-172	1679	8395	1679	70696474
-15324	-4730	-3950	257	-302	-515	-188	254	-176	1680	8400	1680	70696474
-15321	-4688	-3938	275	-304	-521	-192	256	-172	1681	8405	1681	70696474
-15339	-4738	-3890	292	-299	-527	-193	257	-171	1682	8410	1682	70696481
-15320	-4744	-3925	294	-299	-525	-191	249	-171	1683	8415	1683	70696509
-15295	-4784	-4000	309	-282	-540	-191	247	-171	1684	8420	1684	70696516
-15317	-4743	-3941	311	-285	-546	-193	250	-168	1685	8425	1685	70696517
-15335	-4812	-4018	308	-284	-548	-193	251	-167	1686	8430	1686	70696517
-15328	-4843	-3941	307	-268	-550	-189	250	-169	1687	8435	1687	70696517
-15318	-4774	-4041	299	-264	-570	-188	250	-170	1688	8440	1688	70696517
-15278	-4750	-3974	309	-260	-586	-185	251	-171	1689	8445	1689	70696517
-15330	-4724	-3980	322	-247	-584	-185	251	-171	1690	8450	1690	70696557
-15320	-4726	-3948	332	-245	-583	-193	254	-169	1691	8455	1691	70696557
-15284	-4715	-3923	337	-240	-593	-195	255	-169	1692	8460	1692	70696558
-15295	-4696	-3913	344	-236	-587	-189	245	-171	1693	8465	1693	70696559
-15350	-4727	-3992	346	-237	-599	-188	242	-172	1694	8470	1694	70696559
-15357	-4734	-3996	354	-216	-609	-191	244	-167	1695	8475	1695	70696559
-15321	-4723	-3979	376	-189	-612	-192	244	-166	1696	8480	1696	70696560
-15324	-4710	-3986	422	-177	-612	-187	247	-167	1697	8485	1697	70696562
-15328	-4756	-3948	472	-172	-619	-187	247	-167	1698	8490	1698	70696599
-15312	-4786	-3896	480	-165	-616	-187	251	-171	1699	8495	1699	70696599
-15246	-4852	-3920	475	-146	-625	-187	251	-171	1700	8500	1700	70696600
-15234	-4898	-3964	474	-133	-613	-188	248	-164	1701	8505	1701	70696600
-15310	-4914	-4062	459	-123	-636	-188	248	-164	1702	8510	1702	70696601
-15302	-4938	-3962	448	-106	-635	-186	252	-166	1703	8515	1703	70696601
-15344	-4933	-4079	438	-95	-653	-186	252	-166	1704	8520	1704	70696602
-15262	-4926	-4036	431	-94	-657	-193	249	-171	1705	8525	1705	70696602
-15208	-4786	-3972	464	-84	-671	-193	249	-171	1706	8530	1706	70696636
-15268	-4720	-4010	493	-77	-672	-190	246	-164	1707	8535	1707	70696637
-15290	-4626	-3984	520	-82	-680	-190	246	-164	1708	8540	1708	70696637
-15286	-4642	-3976	579	-76	-671	-194	244	-178	1709	8545	1709	70696637
-15226	-4718	-4104	617	-81	-654	-194	244	-178	1710	8550	1710	70696637
-15346	-4830	-4048	595	-88	-658	-189	251	-171	1711	8555	1711	70696637
-15346	-4820	-4076	579	-75	-668	-189	251	-171	1712	8560	1712	70696637
-15298	-4682	-4128	621	-74	-646	-190	250	-172	1713	8565	1713	70696637
-15326	-4631	-4036	702	-57	-629	-189	249	-171	1714	8570	1714	70696642
-15298	-4671	-4042	802	-48	-621	-185	247	-169	1715	8575	1715	70696666
-15408	-4638	-4150	918	-33	-616	-185	247	-169	1716	8580	1716	70696673
-15436	-4576	-4062	1000	-26	-625	-187	249	-171	1717	8585	1717	70696673
-15396	-4592	-3964	1137	-7	-618	-187	249	-171	1718	8590	1718	70696674
-15338	-4802	-3984	1316	10	-619	-185	251	-171	1719	8595	1719	70696674
-15404	-4766	-4142	1357	24	-613	-185	251	-171	1720	8600	1720	70696674
-15490	-4696	-4094	1322	22	-591	-180	252	-178	1721	8605	1721	70696702
-15391	-4686	-4136	1387	48	-591	-182	251	-177	1722	8610	1722	70696703
-15410	-4772	-4082	1486	64	-595	-189	249	-175	1723	8615	1723	70696703
-15333	-4766	-3986	1547	76	-617	-189	249	-173	1724	8620	1724	70696703
-15333	-4757	-4120	1595	99	-620	-189	249	-165	1725	8625	1725	70696703
-15370	-4724	-4218	1663	124	-608	-188	250	-167	1726	8630	1726	70696703
-15348	-4713	-4138	1728	137	-602	-186	252	-174	1727	8635	1727	70696705
-15370	-4753	-4161	1831	150	-618	-186	252	-174	1728	8640	1728	70696717
-15308	-4850	-4086	1897	157	-626	-187	251	-171	1729	8645	1729	70696744
-15369	-4926	-4057	1905	164	-638	-186	250	-172	1730	8650	1730	70696744
-15354	-4828	-4111	1854	157	-618	-181	245	-175	1731	8655	1731	70696744
