-16484	289	4348	12	-659	269	-27	161	119	2150	10750	2150	70698836
-16530	221	4448	13	-674	292	-28	163	120	2151	10755	2151	70698837
-16498	182	4459	-7	-715	322	-29	165	121	2152	10760	2152	70698839
-16500	165	4424	-61	-743	350	-29	164	120	2153	10765	2153	70698858
-16494	132	4382	-121	-728	365	-29	163	119	2154	10770	2154	70698870
-16449	68	4329	-167	-670	372	-28	165	120	2155	10775	2155	70698870
-16473	3	4330	-205	-616	375	-27	167	121	2156	10780	2156	70698870
-16489	-39	4337	-221	-602	388	-25	166	119	2157	10785	2157	70698870
-16502	-28	4338	-229	-620	402	-24	166	118	2158	10790	2158	70698870
-16530	-81	4292	-232	-637	413	-24	163	121	2159	10795	2159	70698870
-16601	-120	4279	-239	-626	430	-24	162	122	2160	10800	2160	70698876
-16660	-81	4251	-256	-569	440	-25	166	123	2161	10805	2161	70698901
-16657	-88	4159	-245	-502	452	-25	167	123	2162	10810	2162	70698907
-16596	-116	4277	-211	-463	456	-25	167	121	2163	10815	2163	70698907
-16592	-188	4261	-154	-489	471	-25	167	121	2164	10820	2164	70698907
-16621	-175	4350	-122	-557	491	-27	162	123	2165	10825	2165	70698907
-16673	-238	4310	-139	-613	499	-27	161	123	2166	10830	2166	70698907
-16734	-192	4414	-160	-606	509	-23	165	127	2167	10835	2167	70698936
-16642	-160	4338	-183	-545	514	-23	165	127	2168	10840	2168	70698946
-16564	-176	4284	-198	-499	524	-26	164	124	2169	10845	2169	70698946
-16552	-228	4234	-243	-487	524	-26	164	124	2170	10850	2170	70698946
-16599	-241	4187	-302	-501	527	-24	167	122	2171	10855	2171	70698946
-16581	-236	4180	-380	-502	521	-24	168	122	2172	10860	2172	70698946
-16574	-202	4167	-445	-484	523	-30	170	121	2173	10865	2173	70698946
-16590	-154	4114	-487	-434	526	-31	171	121	2174	10870	2174	70698954
-16542	-182	4214	-546	-344	523	-19	165	129	2175	10875	2175	70698983
-16511	-238	4175	-586	-284	517	-22	166	123	2176	10880	2176	70698983
-16480	-294	4136	-625	-224	511	-24	166	116	2177	10885	2177	70698983
-16450	-256	4168	-636	-219	505	-24	166	116	2178	10890	2178	70698983
-16478	-194	4116	-657	-242	520	-23	165	121	2179	10895	2179	70698983
-16530	-142	4152	-670	-264	528	-23	165	121	2180	10900	2180	70698984
-16558	-124	4184	-719	-272	545	-26	158	126	2181	10905	2181	70698984
-16574	-74	4234	-768	-280	572	-26	158	126	2182	10910	2182	70698994
-16552	30	4336	-794	-280	597	-24	168	126	2183	10915	2183	70699021
-16526	40	4419	-799	-319	650	-24	167	126	2184	10920	2184	70699021
-16495	99	4395	-816	-356	683	-25	161	127	2185	10925	2185	70699021
-16461	228	4318	-850	-385	705	-26	162	125	2186	10930	2186	70699021
-16478	196	4318	-850	-387	718	-29	165	119	2187	10935	2187	70699021
-16489	244	4321	-873	-358	728	-27	165	118	2188	10940	2188	70699021
-16448	266	4374	-875	-324	730	-18	166	116	2189	10945	2189	70699027
-16438	286	4375	-814	-299	739	-19	166	117	2190	10950	2190	70699051
-16381	346	4388	-732	-311	739	-25	167	121	2191	10955	2191	70699058
-16435	292	4434	-650	-327	741	-26	167	121	2192	10960	2192	70699058
-16475	276	4426	-612	-317	734	-28	166	122	2193	10965	2193	70699058
-16483	300	4372	-577	-304	733	-25	165	123	2194	10970	2194	70699058
-16450	279	4348	-532	-268	727	-20	164	124	2195	10975	2195	70699059
-16444	258	4356	-508	-217	730	-21	165	124	2196	10980	2196	70699059
-16431	313	4360	-516	-196	746	-23	167	125	2197	10985	2197	70699077
-16403	337	4279	-543	-208	773	-24	168	123	2198	10990	2198	70699103
-16370	311	4233	-565	-244	805	-26	170	120	2199	10995	2199	70699103
-16441	270	4178	-610	-300	838	-28	166	119	2200	11000	2200	70699104
-16422	231	4190	-656	-341	878	-30	162	118	2201	11005	2201	70699105
-16413	210	4230	-694	-356	905	-26	164	121	2202	11010	2202	70699105
-16431	240	4262	-711	-361	923	-23	165	123	2203	11015	2203	70699105
-16421	254	4285	-706	-364	938	-28	167	121	2204	11020	2204	70699107
-16426	238	4336	-694	-364	960	-32	168	120	2205	11025	2205	70699123
-16476	217	4345	-657	-356	974	-28	169	122	2206	11030	2206	70699133
-16512	235	4290	-610	-338	976	-26	170	124	2207	11035	2207	70699133
-16535	272	4258	-567	-299	975	-24	169	123	2208	11040	2208	70699134
-16548	237	4212	-521	-219	977	-22	168	122	2209	11045	2209	70699134
-16598	153	4291	-481	-145	976	-21	166	123	2210	11050	2210	70699134
-16530	194	4296	-425	-93	976	-21	165	123	2211	11055	2211	70699134
-16500	222	4250	-358	-57	976	-22	167	127	2212	11060	2212	70699170
-16452	226	4256	-296	-63	974	-22	168	128	2213	11065	2213	70699179
-16402	207	4270	-252	-121	987	-25	168	120	2214	11070	2214	70699180
-16400	168	4251	-275	-159	992	-26	168	118	2215	11075	2215	70699180
-16418	197	4289	-381	-163	996	-26	168	120	2216	11080	2216	70699180
-16298	86	4322	-509	-130	998	-26	168	120	2217	11085	2217	70699180
-16250	354	4356	-619	-64	985	-26	164	126	2218	11090	2218	70699180
-16202	384	4328	-629	-120	964	-26	164	126	2219	11095	2219	70699180
-16234	302	4518	-610	-216	969	-25	167	121	2220	11100	2220	70699207
-16337	360	4603	-628	-259	960	-25	167	121	2221	11105	2221	70699215
-16310	412	4500	-593	-272	944	-27	161	123	2222	11110	2222	70699217
-16287	265	4451	-513	-236	934	-28	160	124	2223	11115	2223	70699217
-16311	357	4403	-512	-176	918	-28	170	122	2224	11120	2224	70699217
-16218	742	4554	-526	-98	883	-28	172	122	2225	11125	2225	70699217
-16284	420	4402	-336	-111	876	-28	170	122	2226	11130	2226	70699217
-16318	362	4206	-265	-109	839	-28	170	122	2227	11135	2227	70699218
-16334	496	4286	-273	-69	818	-24	170	118	2228	11140	2228	70699218
-16224	752	4268	-201	-10	772	-24	170	118	2229	11145	2229	70699226
-16268	352	4262	-11	-21	742	-27	169	121	2230	11150	2230	70699266
-16178	484	4110	0	-29	700	-27	169	121	2231	11155	2231	70699266
-16256	796	4262	-86	-2	638	-24	172	124	2232	11160	2232	70699266
-16272	770	4142	145	-29	596	-24	172	124	2233	11165	2233	70699266
-16231	1079	4274	375	-110	534	-26	170	124	2234	11170	2234	70699266
-16252	1223	4287	539	-202	487	-27	170	124	2235	11175	2235	70699266
-16374	931	4224	688	-281	458	-31	171	125	2236	11180	2236	70699276
-16308	1162	4130	578	-291	397	-29	171	125	2237	11185	2237	70699314
-16267	1507	4178	413	-225	320	-23	171	125	2238	11190	2238	70699314
-16271	1662	4229	523	-164	259	-24	171	124	2239	11195	2239	70699314
-16192	1496	4290	723	-143	194	-30	170	122	2240	11200	2240	70699314
-16238	1411	4252	807	-107	116	-31	170	123	2241	11205	2241	70699315
-16213	1754	4253	690	-37	52	-33	169	125	2242	11210	2242	70699315
-16144	2060	4463	650	20	-7	-28	166	124	2243	11215	2243	70699315
-16074	2039	4643	791	16	-48	-20	162	122	2244	11220	2244	70699315
-16075	1832	4646	981	-58	-78	-23	165	120	2245	11225	2245	70699316
-16112	2006	4744	1105	-147	-98	-28	170	118	2246	11230	2246	70699328
-16208	2186	4742	1332	-212	-108	-30	169	117	2247	11235	2247	70699346
-16229	2148	4813	1764	-268	-105	-33	167	115	2248	11240	2248	70699346
-16201	1952	4762	2192	-353	-78	-29	167	117	2249	11245	2249	70699346
-16165	1833	4714	2450	-468	-30	-24	168	120	2250	11250	2250	70699346
-16270	1827	4694	2547	-567	27	-25	170	123	2251	11255	2251	70699346
-16402	1679	4624	2583	-630	77	-25	171	125	2252	11260	2252	70699346
-16458	1780	4544	2454	-644	120	-24	169	120	2253	11265	2253	70699357
-16561	2032	4514	2260	-621	162	-24	168	116	2254	11270	2254	70699375
-16707	2055	4404	2185	-611	216	-24	172	121	2255	11275	2255	70699384
-16780	2011	4284	2174	-599	282	-24	174	124	2256	11280	2256	70699384
-16870	1707	4310	2201	-581	347	-22	170	125	2257	11285	2257	70699384
-16911	1200	4304	2183	-593	410	-20	168	126	2258	11290	2258	70699384
-16841	1391	4473	1889	-557	464	-24	167	124	2259	11295	2259	70699384
-16826	1575	4464	1818	-479	512	-25	167	123	2260	11300	2260	70699384
-16770	1332	4304	1929	-486	596	-26	166	122	2261	11305	2261	70699390
-16793	1118	4010	1912	-536	676	-26	166	122	2262	11310	2262	70699414
-16871	1042	3975	1769	-541	742	-28	167	121	2263	11315	2263	70699421
-16787	1005	3984	1664	-507	808	-29	167	121	2264	11320	2264	70699421
-16722	883	4066	1579	-437	857	-32	169	121	2265	11325	2265	70699421
-16677	1044	4067	1479	-351	868	-33	169	121	2266	11330	2266	70699421
-16740	1194	3824	1425	-238	862	-29	175	119	2267	11335	2267	70699421
-16754	976	3840	1374	-168	869	-29	175	119	2268	11340	2268	70699421
-16714	974	3776	1129	-123	884	-25	171	121	2269	11345	2269	70699434
-16799	1014	3739	852	-61	872	-25	171	121	2270	11350	2270	70699458
-16746	1139	3866	601	3	858	-26	165	115	2271	11355	2271	70699463
-16786	1400	3879	434	51	863	-26	164	114	2272	11360	2272	70699464
-16701	1416	3935	317	63	892	-28	166	116	2273	11365	2273	70699465
-16681	1515	3974	165	25	927	-29	167	117	2274	11370	2274	70699467
-16698	1546	3904	-79	-73	984	-29	171	125	2275	11375	2275	70699468
-16710	1708	3864	-265	-128	1026	-29	171	125	2276	11380	2276	70699468
-16534	1700	3710	-434	-152	1083	-22	170	124	2277	11385	2277	70699496
-16618	1706	3724	-599	-171	1112	-22	170	124	2278	11390	2278	70699497
-16536	1736	3746	-744	-181	1131	-29	173	115	2279	11395	2279	70699497
-16488	1864	3740	-876	-178	1121	-29	173	115	2280	11400	2280	70699497
-16470	2068	3764	-982	-202	1102	-26	174	120	2281	11405	2281	70699497
-16550	2050	3816	-1054	-210	1079	-26	174	120	2282	11410	2282	70699498
-16510	2166	3806	-1145	-201	1038	-27	167	119	2283	11415	2283	70699498
-16452	2272	3967	-1216	-161	991	-27	168	120	2284	11420	2284	70699510
-16448	2184	3822	-1221	-127	947	-27	171	123	2285	11425	2285	70699533
-16300	2125	3758	-1228	-98	907	-27	171	122	2286	11430	2286	70699533
-16200	2250	3704	-1268	-103	871	-28	170	118	2287	11435	2287	70699533
-16252	2351	3718	-1262	-117	817	-28	170	118	2288	11440	2288	70699533
-16293	2518	3742	-1160	-124	777	-26	172	116	2289	11445	2289	70699534
-16309	2607	3785	-984	-122	731	-27	171	117	2290	11450	2290	70699534
-16316	2705	3887	-744	-80	677	-29	165	121	2291	11455	2291	70699538
-16246	2800	4036	-387	-67	612	-29	168	121	2292	11460	2292	70699557
-16217	2821	4141	-47	-112	573	-28	172	120	2293	11465	2293	70699568
-16255	2804	4176	246	-186	541	-29	173	122	2294	11470	2294	70699569
-16238	2777	4122	480	-237	515	-31	175	125	2295	11475	2295	70699569
-16188	2672	4032	690	-259	482	-29	171	125	2296	11480	2296	70699569
-16108	2578	3983	896	-290	447	-26	166	126	2297	11485	2297	70699569
-15996	2487	3944	1092	-328	422	-28	167	123	2298	11490	2298	70699569
-15940	2382	3935	1285	-372	400	-31	169	119	2299	11495	2299	70699584
-15886	2350	3987	1488	-428	378	-31	171	123	2300	11500	2300	70699607
-15895	2276	4029	1661	-508	377	-31	173	127	2301	11505	2301	70699608
-16001	2094	4034	1784	-604	388	-31	171	127	2302	11510	2302	70699608
-16033	2004	4042	1888	-676	398	-31	169	127	2303	11515	2303	70699608
-16028	1886	4036	2007	-730	419	-29	170	122	2304	11520	2304	70699608
-16047	1750	3978	2116	-779	439	-28	170	118	2305	11525	2305	70699608
-16098	1590	3973	2198	-848	457	-32	169	118	2306	11530	2306	70699612
-16206	1396	4030	2248	-917	469	-34	168	118	2307	11535	2307	70699633
-16324	1252	4033	2261	-935	470	-30	167	120	2308	11540	2308	70699645
-16327	1080	3970	2290	-937	483	-28	166	122	2309	11545	2309	70699645
-16263	870	3991	2366	-989	492	-24	170	118	2310	11550	2310	70699645
-16316	777	3914	2379	-1107	486	-23	171	117	2311	11555	2311	70699645
-16414	705	3903	2341	-1213	503	-26	168	123	2312	11560	2312	70699645
-16480	554	3775	2222	-1280	513	-27	167	125	2313	11565	2313	70699645
-16438	539	3665	2052	-1305	516	-25	167	125	2314	11570	2314	70699651
-16400	579	3467	1854	-1304	490	-25	167	125	2315	11575	2315	70699671
-16428	506	3400	1736	-1337	484	-28	167	123	2316	11580	2316	70699675
-16546	454	3362	1509	-1345	464	-29	167	123	2317	11585	2317	70699675
-16678	586	3338	1307	-1298	417	-27	169	123	2318	11590	2318	70699675
-16801	378	3393	1235	-1277	379	-27	169	123	2319	11595	2319	70699675
-16724	438	3292	1069	-1195	341	-27	164	125	2320	11600	2320	70699675
-16720	595	3312	813	-1089	325	-27	163	125	2321	11605	2321	70699675
-16697	495	3372	564	-1031	364	-29	171	123	2322	11610	2322	70699705
-16730	563	3366	225	-1056	317	-29	173	123	2323	11615	2323	70699713
-16694	772	3300	19	-1023	266	-27	167	125	2324	11620	2324	70699713
-16554	926	3392	-7	-953	217	-26	166	126	2325	11625	2325	70699713
-16562	796	3470	-70	-898	191	-29	169	119	2326	11630	2326	70699714
-16586	796	3346	-269	-888	154	-29	169	119	2327	11635	2327	70699714
-16662	728	3220	-517	-895	98	-33	171	119	2328	11640	2328	70699715
-16834	792	3024	-790	-885	64	-33	171	119	2329	11645	2329	70699721
-17050	838	2984	-1033	-846	38	-31	169	125	2330	11650	2330	70699750
-17136	952	2882	-1253	-763	17	-31	169	125	2331	11655	2331	70699750
-17186	1050	2988	-1436	-673	-11	-30	166	122	2332	11660	2332	70699750
-17102	1090	3030	-1549	-588	-20	-30	166	122	2333	11665	2333	70699751
-17078	1105	3132	-1583	-511	-18	-27	167	119	2334	11670	2334	70699776
-17054	1070	3334	-1583	-434	-2	-28	167	120	2335	11675	2335	70699776
-16971	1068	3476	-1570	-344	1	-32	168	122	2336	11680	2336	70699777
-16890	912	3544	-1574	-249	9	-33	168	121	2337	11685	2337	70699780
-16752	931	3615	-1583	-169	6	-35	169	115	2338	11690	2338	70699781
-16682	840	3598	-1588	-102	20	-35	169	117	2339	11695	2339	70699781
-16675	776	3660	-1628	-38	40	-33	171	123	2340	11700	2340	70699782
-16585	781	3627	-1657	14	51	-32	170	123	2341	11705	2341	70699792
-16478	812	3644	-1655	62	74	-29	167	123	2342	11710	2342	70699813
-16382	869	3654	-1664	99	101	-27	168	124	2343	11715	2343	70699813
-16338	941	3677	-1676	115	122	-25	169	125	2344	11720	2344	70699813
-16313	1010	3710	-1666	124	129	-25	168	125	2345	11725	2345	70699813
-16214	1092	3746	-1635	140	131	-26	166	124	2346	11730	2346	70699813
-16110	1160	3735	-1614	167	113	-28	162	125	2347	11735	2347	70699813
-16038	1141	3740	-1603	193	85	-31	157	127	2348	11740	2348	70699818
-15999	1224	3766	-1644	191	59	-32	163	128	2349	11745	2349	70699850
-16033	1388	3802	-1736	159	28	-33	171	129	2350	11750	2350	70699890
-16096	1532	3904	-1809	149	-7	-29	166	125	2351	11755	2351	70699890
-16172	1671	3947	-1868	148	-24	-27	163	123	2352	11760	2352	70699891
-16190	1797	4109	-1903	137	-32	-28	163	123	2353	11765	2353	70699891
-16192	1908	4143	-1908	123	-32	-29	163	123	2354	11770	2354	70699891
-16194	1911	4148	-1877	102	-12	-30	166	126	2355	11775	2355	70699891
-16198	1874	4194	-1801	87	11	-30	168	128	2356	11780	2356	70699913
-16104	1887	4166	-1718	67	33	-31	167	126	2357	11785	2357	70699928
-16028	1886	4112	-1635	33	70	-31	167	125	2358	11790	2358	70699928
-15994	1824	4134	-1555	-6	119	-29	168	123	2359	11795	2359	70699928
-15971	1803	4113	-1490	-37	158	-28	168	122	2360	11800	2360	70699928
-16000	1839	4080	-1446	-73	186	-27	167	126	2361	11805	2361	70699928
-16062	1861	4026	-1405	-114	211	-27	167	127	2362	11810	2362	70699929
-16044	1915	4096	-1366	-151	226	-26	166	128	2363	11815	2363	70699929
-16082	2054	4039	-1359	-200	240	-26	166	128	2364	11820	2364	70699929
-16091	2078	4018	-1357	-238	245	-24	168	128	2365	11825	2365	70699929
-16029	2153	4063	-1358	-279	255	-24	168	128	2366	11830	2366	70699929
-16088	2158	4006	-1358	-392	257	-25	167	127	2367	11835	2367	70699929
-16104	2112	3864	-1370	-487	256	-25	167	127	2368	11840	2368	70699929
-16162	2054	3842	-1368	-548	247	-27	164	125	2369	11845	2369	70699934
-16192	1957	3892	-1382	-594	227	-27	163	125	2370	11850	2370	70699935
-16177	1968	3932	-1350	-608	214	-25	165	122	2371	11855	2371	70699942
-16095	2019	3815	-1319	-637	185	-25	165	121	2372	11860	2372	70699964
-16111	1924	3821	-1335	-691	171	-27	170	127	2373	11865	2373	70699969
-16155	1896	3838	-1401	-761	161	-27	171	129	2374	11870	2374	70699969
-16224	2002	3790	-1504	-853	144	-31	169	127	2375	11875	2375	70699969
-16340	2036	3686	-1540	-957	141	-31	169	127	2376	11880	2376	70699970
-16448	2228	3568	-1578	-1008	135	-32	162	124	2377	11885	2377	70699970
-16494	2332	3604	-1650	-989	136	-32	162	124	2378	11890	2378	70699971
-16446	2506	3530	-1764	-980	136	-27	169	125	2379	11895	2379	70700002
-16476	2632	3720	-1880	-988	146	-27	169	125	2380	11900	2380	70700002
-16588	2586	3766	-1932	-1010	162	-30	172	126	2381	11905	2381	70700002
-16560	2704	4032	-2009	-1020	188	-30	172	126	2382	11910	2382	70700002
-16524	2670	4142	-2070	-989	201	-27	167	131	2383	11915	2383	70700002
-16574	2573	4248	-2096	-965	212	-28	167	131	2384	11920	2384	70700002
-16559	2421	4338	-2099	-961	230	-33	167	131	2385	11925	2385	70700003
-16531	2285	4273	-2080	-952	255	-32	167	130	2386	11930	2386	70700011
-16500	2137	4182	-2062	-950	263	-30	166	128	2387	11935	2387	70700041
-16478	1972	4112	-2068	-955	269	-28	165	126	2388	11940	2388	70700041
-16457	1794	4058	-2070	-958	272	-27	165	125	2389	11945	2389	70700041
-16443	1565	4070	-2057	-955	268	-25	165	124	2390	11950	2390	70700042
-16400	1332	4094	-2040	-952	262	-23	165	123	2391	11955	2391	70700042
-16318	1121	4148	-2009	-959	251	-25	166	127	2392	11960	2392	70700042
-16392	976	4124	-1984	-985	254	-28	168	132	2393	11965	2393	70700056
-16425	852	4110	-1990	-984	260	-29	166	132	2394	11970	2394	70700078
-16324	737	4180	-2046	-942	257	-30	164	132	2395	11975	2395	70700079
-16209	663	4167	-2131	-904	255	-29	164	133	2396	11980	2396	70700079
-16104	635	4278	-2217	-877	266	-27	165	135	2397	11985	2397	70700079
-16122	628	4486	-2316	-840	276	-27	165	133	2398	11990	2398	70700080
-16214	681	4612	-2432	-815	301	-26	166	130	2399	11995	2399	70700080
-16325	808	4679	-2593	-798	356	-27	169	129	2400	12000	2400	70700080
-16466	1061	4797	-2793	-802	440	-27	171	127	2401	12005	2401	70700091
-16617	1207	4979	-2970	-832	536	-25	169	130	2402	12010	2402	70700109
-16626	1425	5194	-3099	-832	630	-24	168	132	2403	12015	2403	70700117
-16661	1670	5398	-3154	-826	714	-25	165	129	2404	12020	2404	70700118
-16713	1812	5592	-3128	-869	789	-25	163	127	2405	12025	2405	70700118
-16740	1921	5740	-3070	-931	860	-25	167	132	2406	12030	2406	70700119
-16759	2064	5871	-2984	-997	918	-25	169	135	2407	12035	2407	70700119
-16708	2115	5990	-2881	-1070	950	-23	167	133	2408	12040	2408	70700120
-16705	2067	6059	-2756	-1159	937	-21	165	131	2409	12045	2409	70700144
-16702	1985	6102	-2652	-1242	887	-26	167	128	2410	12050	2410	70700152
-16733	2002	6000	-2549	-1310	837	-27	167	127	2411	12055	2411	70700152
-16748	2061	5886	-2458	-1362	780	-22	161	130	2412	12060	2412	70700152
-16691	2058	5749	-2390	-1382	711	-21	159	131	2413	12065	2413	70700152
-16602	2140	5670	-2362	-1356	639	-23	163	129	2414	12070	2414	70700152
-16582	2135	5554	-2345	-1324	572	-24	164	128	2415	12075	2415	70700152
-16483	1997	5538	-2344	-1304	511	-29	166	133	2416	12080	2416	70700161
-16496	2028	5274	-2396	-1313	417	-30	166	134	2417	12085	2417	70700196
-16486	2006	5248	-2397	-1311	333	-25	167	133	2418	12090	2418	70700196
-16530	1816	5130	-2324	-1362	240	-25	167	133	2419	12095	2419	70700196
-16543	1669	5015	-2318	-1381	162	-23	160	136	2420	12100	2420	70700196
-16437	1574	5000	-2366	-1408	83	-23	159	137	2421	12105	2421	70700196
-16418	1500	4959	-2371	-1485	-11	-30	165	136	2422	12110	2422	70700196
-16385	1395	4881	-2244	-1604	-77	-32	166	136	2423	12115	2423	70700196
-16502	1343	4882	-2082	-1691	-98	-22	164	132	2424	12120	2424	70700236
-16460	1176	4892	-1886	-1739	-74	-19	163	131	2425	12125	2425	70700246
-16606	976	4952	-1769	-1713	-8	-26	170	136	2426	12130	2426	70700247
-16692	822	5210	-1731	-1699	75	-26	170	136	2427	12135	2427	70700248
-16804	754	5392	-1769	-1690	127	-23	165	137	2428	12140	2428	70700249
-16922	688	5526	-1844	-1603	195	-23	165	137	2429	12145	2429	70700249
-16918	614	5708	-1799	-1512	237	-23	165	137	2430	12150	2430	70700252
-16964	632	5996	-1824	-1446	204	-23	165	137	2431	12155	2431	70700253
-16962	640	6098	-1776	-1402	179	-25	167	141	2432	12160	2432	70700274
-16866	666	6096	-1650	-1384	165	-25	167	141	2433	12165	2433	70700274
-16840	638	6244	-1488	-1388	130	-18	160	140	2434	12170	2434	70700274
-16782	652	6058	-1358	-1391	85	-19	159	139	2435	12175	2435	70700274
-16680	757	5834	-1239	-1366	33	-25	157	137	2436	12180	2436	70700274
-16573	830	5722	-1144	-1313	-6	-25	158	137	2437	12185	2437	70700274
-16502	993	5695	-1099	-1290	-34	-26	160	136	2438	12190	2438	70700274
-16484	1194	5642	-1119	-1302	-56	-25	161	135	2439	12195	2439	70700276
-16453	1237	5524	-1125	-1302	-59	-20	166	132	2440	12200	2440	70700289
-16372	1393	5558	-1151	-1274	-110	-20	165	133	2441	12205	2441	70700314
-16233	1560	5441	-1106	-1236	-167	-20	160	134	2442	12210	2442	70700314
-16149	1547	5457	-1066	-1221	-209	-21	161	136	2443	12215	2443	70700314
-16118	1513	5486	-1069	-1228	-241	-22	162	138	2444	12220	2444	70700314
-16065	1496	5502	-1111	-1234	-269	-21	161	138	2445	12225	2445	70700315
-16070	1503	5488	-1182	-1232	-298	-19	159	137	2446	12230	2446	70700315
-16191	1539	5490	-1247	-1224	-325	-19	161	141	2447	12235	2447	70700324
-16236	1517	5493	-1237	-1209	-346	-20	164	146	2448	12240	2448	70700351
-16234	1482	5400	-1182	-1206	-371	-22	162	144	2449	12245	2449	70700375
-16270	1495	5396	-1147	-1215	-379	-24	158	140	2450	12250	2450	70700376
-16292	1502	5381	-1130	-1216	-370	-23	157	139	2451	12255	2451	70700377
-16356	1511	5370	-1091	-1208	-348	-22	156	138	2452	12260	2452	70700377
-16338	1474	5452	-1021	-1187	-326	-20	157	140	2453	12265	2453	70700378
-16320	1407	5406	-959	-1167	-299	-18	158	142	2454	12270	2454	70700378
-16313	1364	5360	-906	-1153	-277	-21	160	146	2455	12275	2455	70700381
-16213	1321	5438	-829	-1132	-257	-23	161	149	2456	12280	2456	70700399
-16172	1286	5556	-708	-1108	-237	-22	157	146	2457	12285	2457	70700409
-16168	1233	5615	-545	-1084	-225	-22	154	144	2458	12290	2458	70700409
-16026	1036	5643	-336	-1053	-220	-24	155	145	2459	12295	2459	70700410
-15968	986	5610	-232	-1044	-218	-25	155	145	2460	12300	2460	70700410
