-16430	1058	4938	268	123	24	-27	171	129	5068	25340	5068	70713412
-16374	1144	5178	149	138	25	-25	167	135	5069	25345	5069	70713412
-16376	1284	5356	1	102	34	-25	167	135	5070	25350	5070	70713423
-16414	1278	5294	-21	121	38	-28	166	132	5071	25355	5071	70713455
-16316	1232	5490	-4	151	32	-28	166	132	5072	25360	5072	70713456
-16229	1212	5432	-5	140	41	-26	164	131	5073	25365	5073	70713456
-16230	1139	5458	15	104	52	-25	163	131	5074	25370	5074	70713457
-16290	1004	5556	92	114	49	-33	163	129	5075	25375	5075	70713457
-16258	930	5500	146	174	36	-33	163	129	5076	25380	5076	70713457
-16316	944	5364	199	199	37	-32	168	126	5077	25385	5077	70713477
-16222	868	5272	255	216	44	-32	168	126	5078	25390	5078	70713487
-16236	844	5230	247	232	46	-27	163	125	5079	25395	5079	70713487
-16280	898	5170	183	256	32	-27	163	125	5080	25400	5080	70713487
-16228	1032	5234	105	323	19	-31	165	131	5081	25405	5081	70713487
-16306	1052	5410	27	371	24	-31	165	131	5082	25410	5082	70713487
-16356	1142	5418	-53	364	23	-30	164	132	5083	25415	5083	70713524
-16385	1156	5486	-76	353	14	-29	163	131	5084	25420	5084	70713525
-16327	1119	5540	-18	409	15	-27	161	127	5085	25425	5085	70713525
-16302	1034	5626	128	453	11	-27	162	127	5086	25430	5086	70713525
-16283	862	5570	266	435	11	-26	166	128	5087	25435	5087	70713525
-16324	810	5469	318	382	24	-26	167	128	5088	25440	5088	70713526
-16376	736	5296	350	379	37	-27	169	127	5089	25445	5089	70713526
-16377	661	5167	375	429	48	-27	168	128	5090	25450	5090	70713531
-16304	673	5103	335	509	61	-28	162	132	5091	25455	5091	70713551
-16299	738	5199	265	548	59	-29	165	129	5092	25460	5092	70713553
-16361	849	5236	260	529	55	-30	170	124	5093	25465	5093	70713553
-16427	865	5290	269	515	53	-27	171	126	5094	25470	5094	70713553
-16413	898	5318	224	535	51	-23	173	129	5095	25475	5095	70713553
-16354	980	5318	119	578	61	-24	169	131	5096	25480	5096	70713553
-16310	974	5376	-10	603	79	-26	164	134	5097	25485	5097	70713559
-16280	947	5339	-101	598	99	-28	163	133	5098	25490	5098	70713591
-16317	943	5308	-73	589	113	-30	162	132	5099	25495	5099	70713628
-16458	897	5423	39	607	116	-28	164	129	5100	25500	5100	70713632
-16458	886	5550	162	623	118	-26	166	126	5101	25505	5101	70713632
-16427	800	5681	266	595	134	-26	167	126	5102	25510	5102	70713633
-16462	720	5541	339	548	149	-26	168	126	5103	25515	5103	70713633
-16470	669	5211	348	545	167	-28	167	127	5104	25520	5104	70713633
-16421	675	5084	304	615	180	-30	166	128	5105	25525	5105	70713634
-16422	761	5179	227	687	182	-27	167	125	5106	25530	5106	70713634
-16414	881	5341	158	720	183	-25	167	123	5107	25535	5107	70713634
-16359	950	5511	159	724	183	-28	166	129	5108	25540	5108	70713634
-16293	932	5525	193	725	176	-29	165	131	5109	25545	5109	70713634
-16269	876	5438	186	718	184	-26	170	131	5110	25550	5110	70713655
-16234	854	5389	126	697	205	-25	171	131	5111	25555	5111	70713661
-16175	815	5302	61	671	221	-27	169	129	5112	25560	5112	70713661
-16181	742	5212	22	660	236	-27	169	129	5113	25565	5113	70713661
-16242	774	4992	-18	669	243	-27	171	129	5114	25570	5114	70713661
-16294	754	4867	-105	723	242	-27	171	129	5115	25575	5115	70713661
-16325	781	4994	-216	789	248	-29	171	131	5116	25580	5116	70713661
-16214	864	5224	-214	823	268	-29	171	131	5117	25585	5117	70713671
-16120	708	5466	-37	784	292	-26	172	124	5118	25590	5118	70713701
-16162	734	5668	125	678	310	-26	172	124	5119	25595	5119	70713701
-16208	658	5632	210	547	317	-26	168	128	5120	25600	5120	70713701
-16216	698	5424	179	481	306	-26	168	128	5121	25605	5121	70713701
-16121	780	5266	112	473	301	-26	168	130	5122	25610	5122	70713702
-16046	886	5232	65	445	305	-26	168	130	5123	25615	5123	70713702
-16109	954	5029	47	363	316	-29	166	127	5124	25620	5124	70713703
-16100	1080	5004	55	293	322	-30	166	126	5125	25625	5125	70713729
-16142	1146	5006	38	314	319	-28	168	118	5126	25630	5126	70713741
-16168	1252	5064	-86	306	324	-28	168	118	5127	25635	5127	70713741
-16078	1322	5200	-209	280	346	-27	173	127	5128	25640	5128	70713741
-16110	1368	5302	-278	210	371	-27	173	127	5129	25645	5129	70713741
-16078	1386	5174	-317	148	377	-23	171	127	5130	25650	5130	70713741
-16164	1404	5074	-331	119	378	-23	171	127	5131	25655	5131	70713741
-16212	1322	5004	-321	131	380	-31	165	129	5132	25660	5132	70713741
-16268	1328	4944	-343	157	373	-31	165	129	5133	25665	5133	70713749
-16264	1394	5124	-260	184	359	-27	167	123	5134	25670	5134	70713778
-16144	1364	5278	-45	144	359	-27	167	125	5135	25675	5135	70713779
-16100	1227	5478	224	-1	376	-25	167	131	5136	25680	5136	70713779
-16182	1137	5258	355	-186	389	-26	167	130	5137	25685	5137	70713779
-16216	1088	4986	357	-302	405	-31	165	127	5138	25690	5138	70713779
-16206	1154	4687	307	-319	410	-31	165	126	5139	25695	5139	70713782
-16181	1393	4435	270	-293	407	-32	166	124	5140	25700	5140	70713800
-16279	1567	4272	302	-278	407	-30	166	124	5141	25705	5141	70713816
-16385	1631	4317	375	-254	406	-23	167	125	5142	25710	5142	70713816
-16385	1695	4400	385	-198	393	-25	167	127	5143	25715	5143	70713816
-16384	1738	4492	352	-122	382	-29	167	129	5144	25720	5144	70713816
-16333	1718	4597	331	-66	378	-27	166	124	5145	25725	5145	70713816
-16268	1691	4638	342	-63	386	-25	165	117	5146	25730	5146	70713816
-16240	1599	4678	374	-122	387	-26	167	121	5147	25735	5147	70713817
-16282	1489	4661	416	-198	385	-28	170	126	5148	25740	5148	70713821
-16315	1377	4534	470	-273	376	-30	170	125	5149	25745	5149	70713837
-16394	1323	4392	511	-336	361	-32	170	124	5150	25750	5150	70713854
-16486	1306	4192	527	-345	353	-30	169	126	5151	25755	5151	70713854
-16517	1327	3936	521	-293	340	-28	168	128	5152	25760	5152	70713855
-16455	1394	3822	544	-231	336	-29	168	126	5153	25765	5153	70713855
-16450	1460	3880	598	-200	335	-30	168	124	5154	25770	5154	70713855
-16527	1548	3904	641	-172	331	-29	170	125	5155	25775	5155	70713856
-16576	1592	3943	637	-122	318	-29	171	125	5156	25780	5156	70713878
-16600	1632	4001	599	-71	292	-29	172	124	5157	25785	5157	70713892
-16528	1661	4038	580	-35	265	-29	173	123	5158	25790	5158	70713892
-16511	1635	4177	657	-23	246	-27	165	120	5159	25795	5159	70713892
-16573	1636	4274	790	-68	228	-27	163	119	5160	25800	5160	70713892
-16642	1531	4087	867	-99	203	-33	168	122	5161	25805	5161	70713892
-16709	1507	4022	871	-65	181	-35	169	123	5162	25810	5162	70713893
-16647	1441	3920	851	-5	167	-31	167	127	5163	25815	5163	70713899
-16566	1445	3787	857	21	147	-30	166	128	5164	25820	5164	70713962
-16488	1424	3803	892	-23	141	-28	172	124	5165	25825	5165	70713978
-16533	1493	3793	873	-69	131	-27	173	123	5166	25830	5166	70713978
-16596	1514	3806	748	-15	101	-25	165	121	5167	25835	5167	70713978
-16560	1586	3794	649	65	96	-25	165	121	5168	25840	5168	70713978
-16500	1540	3738	564	96	90	-29	175	121	5169	25845	5169	70713978
-16523	1648	3676	519	111	92	-29	175	121	5170	25850	5170	70713978
-16587	1697	3722	483	125	82	-29	170	116	5171	25855	5171	70714031
-16616	1667	3832	433	150	87	-29	169	115	5172	25860	5172	70714044
-16586	1652	3899	362	159	105	-27	171	119	5173	25865	5173	70714044
-16578	1677	3912	267	155	120	-26	172	120	5174	25870	5174	70714044
-16616	1540	3848	155	140	159	-25	167	123	5175	25875	5175	70714044
-16670	1418	3718	111	150	187	-25	167	123	5176	25880	5176	70714044
-16764	1326	3626	96	171	226	-26	174	120	5177	25885	5177	70714044
-16772	1278	3668	79	188	246	-26	174	120	5178	25890	5178	70714044
-16846	1172	3622	36	187	265	-26	170	120	5179	25895	5179	70714044
-16876	1076	3656	-41	199	278	-26	170	120	5180	25900	5180	70714044
-16936	962	3510	-126	215	292	-29	173	121	5181	25905	5181	70714044
-16778	966	3284	-223	252	285	-29	173	121	5182	25910	5182	70714045
-16690	982	3108	-315	253	298	-26	172	124	5183	25915	5183	70714045
-16688	1080	3223	-414	268	300	-26	172	123	5184	25920	5184	70714054
-16634	1159	3294	-508	298	299	-27	171	117	5185	25925	5185	70714054
-16607	1167	3247	-612	350	298	-27	171	118	5186	25930	5186	70714054
-16576	1356	3327	-723	394	283	-25	173	123	5187	25935	5187	70714056
-16515	1454	3528	-814	428	274	-25	173	123	5188	25940	5188	70714070
-16433	1571	3709	-882	440	264	-25	171	121	5189	25945	5189	70714085
-16414	1650	3579	-921	427	273	-26	172	120	5190	25950	5190	70714085
-16429	1767	3482	-932	412	273	-30	176	116	5191	25955	5191	70714085
-16348	1922	3596	-953	415	289	-28	174	117	5192	25960	5192	70714085
-16356	2060	3708	-973	407	301	-26	170	118	5193	25965	5193	70714085
-16358	2165	3788	-954	387	315	-26	172	119	5194	25970	5194	70714085
-16371	2262	3861	-891	342	331	-26	174	120	5195	25975	5195	70714085
-16393	2375	3877	-765	283	343	-26	172	119	5196	25980	5196	70714085
-16409	2334	3747	-587	220	353	-26	170	118	5197	25985	5197	70714085
-16455	2234	3608	-402	168	354	-27	171	116	5198	25990	5198	70714086
-16414	2168	3577	-233	149	335	-29	173	113	5199	25995	5199	70714086
-16323	2088	3510	-83	161	298	-29	168	115	5200	26000	5200	70714095
-16243	2034	3448	37	178	259	-28	162	116	5201	26005	5201	70714117
-16208	2015	3484	105	199	212	-27	167	116	5202	26010	5202	70714127
-16200	1982	3543	154	225	151	-26	170	116	5203	26015	5203	70714127
-16182	2009	3595	202	246	78	-28	170	121	5204	26020	5204	70714128
-16151	2006	3692	254	252	19	-30	170	124	5205	26025	5205	70714129
-16070	1993	3743	294	238	-28	-29	171	123	5206	26030	5206	70714129
-16001	2062	3762	317	207	-73	-29	171	123	5207	26035	5207	70714130
-16013	2037	3925	382	155	-126	-28	172	121	5208	26040	5208	70714130
-15988	2043	4074	483	80	-172	-28	172	120	5209	26045	5209	70714131
-15982	2039	4165	602	-51	-191	-25	170	120	5210	26050	5210	70714153
-16011	2102	4123	693	-198	-209	-24	170	120	5211	26055	5211	70714159
-16079	2206	4009	752	-283	-223	-30	174	116	5212	26060	5212	70714159
-16027	2270	3973	812	-316	-227	-31	175	115	5213	26065	5213	70714159
-15951	2256	4080	901	-344	-236	-29	174	119	5214	26070	5214	70714159
-16006	2255	4121	978	-388	-244	-28	174	120	5215	26075	5215	70714160
-16051	2138	4137	1087	-445	-250	-30	174	122	5216	26080	5216	70714160
-16050	2022	3952	1222	-469	-252	-30	174	122	5217	26085	5217	70714169
-16087	1960	3980	1291	-477	-275	-28	172	120	5218	26090	5218	70714188
-16091	1942	3997	1352	-508	-292	-28	172	120	5219	26095	5219	70714193
-16109	1790	4050	1399	-557	-321	-27	173	121	5220	26100	5220	70714193
-16162	1642	4030	1430	-601	-357	-27	173	121	5221	26105	5221	70714194
-16220	1744	4049	1427	-637	-396	-28	174	117	5222	26110	5222	70714194
-16266	1768	3973	1455	-650	-415	-28	174	116	5223	26115	5223	70714194
-16376	1715	4021	1493	-681	-426	-28	171	118	5224	26120	5224	70714195
-16396	1688	4064	1523	-726	-439	-28	170	118	5225	26125	5225	70714229
-16416	1526	4102	1572	-782	-439	-30	170	120	5226	26130	5226	70714229
-16450	1660	3944	1569	-826	-433	-30	170	120	5227	26135	5227	70714229
-16536	1630	4050	1550	-848	-422	-24	172	116	5228	26140	5228	70714229
-16544	1628	4000	1576	-865	-420	-24	172	116	5229	26145	5229	70714229
-16470	1628	3836	1616	-901	-377	-28	168	118	5230	26150	5230	70714230
-16540	1560	3736	1595	-902	-357	-28	168	118	5231	26155	5231	70714230
-16580	1592	3742	1524	-885	-330	-26	170	122	5232	26160	5232	70714238
-16598	1576	3666	1448	-844	-332	-26	170	122	5233	26165	5233	70714285
-16598	1530	3774	1412	-816	-322	-28	168	116	5234	26170	5234	70714290
-16673	1512	3782	1391	-798	-329	-28	169	117	5235	26175	5235	70714290
-16766	1476	3710	1388	-756	-338	-26	172	120	5236	26180	5236	70714291
-16804	1443	3666	1364	-694	-361	-27	171	120	5237	26185	5237	70714291
-16840	1354	3587	1335	-627	-386	-33	169	119	5238	26190	5238	70714293
-16881	1322	3430	1292	-575	-415	-32	170	119	5239	26195	5239	70714299
-16873	1372	3365	1190	-497	-440	-26	172	120	5240	26200	5240	70714299
-16785	1344	3257	1104	-410	-456	-27	172	120	5241	26205	5241	70714299
-16773	1325	3261	1013	-336	-471	-28	170	118	5242	26210	5242	70714299
-16783	1403	3228	911	-310	-476	-29	171	120	5243	26215	5243	70714300
-16780	1532	3183	822	-294	-475	-30	172	122	5244	26220	5244	70714300
-16744	1650	3204	749	-274	-482	-28	173	124	5245	26225	5245	70714303
-16684	1801	3256	687	-227	-497	-25	175	127	5246	26230	5246	70714320
-16614	1934	3388	667	-188	-511	-24	173	123	5247	26235	5247	70714337
-16548	2044	3566	671	-176	-516	-23	169	117	5248	26240	5248	70714337
-16518	2200	3729	685	-173	-524	-25	169	117	5249	26245	5249	70714337
-16521	2236	3872	752	-217	-530	-28	168	116	5250	26250	5250	70714337
-16556	2274	3970	798	-270	-542	-27	170	115	5251	26255	5251	70714337
-16539	2333	4048	857	-303	-553	-27	171	115	5252	26260	5252	70714342
-16484	2421	4078	950	-307	-579	-29	168	117	5253	26265	5253	70714363
-16433	2427	4139	1093	-285	-604	-30	166	118	5254	26270	5254	70714375
-16398	2356	4162	1261	-276	-622	-29	167	119	5255	26275	5255	70714376
-16396	2356	4108	1377	-293	-654	-29	167	119	5256	26280	5256	70714376
-16426	2368	4059	1494	-326	-679	-27	169	121	5257	26285	5257	70714376
-16459	2405	4105	1645	-366	-714	-26	170	122	5258	26290	5258	70714377
-16498	2329	4091	1818	-370	-735	-25	169	121	5259	26295	5259	70714377
-16460	2352	4016	1953	-362	-744	-25	169	121	5260	26300	5260	70714401
-16442	2348	4030	2024	-370	-733	-27	173	120	5261	26305	5261	70714407
-16336	2259	4016	2076	-407	-720	-28	174	120	5262	26310	5262	70714408
-16384	2208	4064	2098	-439	-713	-27	172	118	5263	26315	5263	70714408
-16384	2072	4036	2143	-480	-710	-27	171	117	5264	26320	5264	70714408
-16428	2088	4173	2187	-495	-732	-25	169	117	5265	26325	5265	70714409
-16456	1967	4106	2277	-499	-752	-25	169	117	5266	26330	5266	70714409
-16425	1728	4048	2354	-529	-756	-25	172	112	5267	26335	5267	70714412
-16410	1654	4162	2335	-545	-778	-25	173	111	5268	26340	5268	70714434
-16392	1493	4082	2353	-564	-797	-24	169	115	5269	26345	5269	70714439
-16418	1411	3956	2343	-601	-824	-24	168	116	5270	26350	5270	70714439
-16439	1306	3974	2280	-621	-848	-27	170	118	5271	26355	5271	70714439
-16444	1207	4074	2208	-628	-877	-28	170	118	5272	26360	5272	70714440
-16465	1214	4184	2140	-626	-912	-28	170	115	5273	26365	5273	70714440
-16416	1191	4105	2138	-629	-942	-28	170	114	5274	26370	5274	70714440
-16524	1104	4188	2141	-673	-970	-28	170	116	5275	26375	5275	70714449
-16476	1170	4190	2151	-702	-995	-28	170	116	5276	26380	5276	70714471
-16480	1170	4174	2157	-716	-995	-35	169	117	5277	26385	5277	70714472
-16496	1200	4044	2124	-715	-999	-35	169	117	5278	26390	5278	70714473
-16490	1198	4024	2051	-704	-1003	-21	171	111	5279	26395	5279	70714480
-16490	1306	3972	1986	-682	-1008	-21	171	111	5280	26400	5280	70714497
-16458	1224	3940	1922	-637	-1008	-32	164	120	5281	26405	5281	70714497
-16456	1368	3922	1802	-586	-1041	-32	164	120	5282	26410	5282	70714497
-16520	1450	4050	1752	-556	-1065	-27	171	115	5283	26415	5283	70714497
-16508	1610	4116	1717	-551	-1076	-27	172	114	5284	26420	5284	70714497
-16552	1864	4156	1691	-545	-1092	-26	174	112	5285	26425	5285	70714499
-16592	2062	4278	1667	-530	-1104	-25	174	111	5286	26430	5286	70714513
-16556	2216	4337	1695	-499	-1117	-23	175	109	5287	26435	5287	70714536
-16641	2217	4545	1803	-466	-1127	-24	174	110	5288	26440	5288	70714537
-16696	2067	4526	1937	-464	-1108	-26	172	112	5289	26445	5289	70714538
-16686	2054	4490	1951	-437	-1081	-26	171	113	5290	26450	5290	70714538
-16596	2007	4455	1997	-423	-1052	-27	169	115	5291	26455	5291	70714541
-16550	1892	4458	2194	-411	-1027	-29	170	113	5292	26460	5292	70714556
-16518	1826	4507	2370	-426	-990	-32	172	110	5293	26465	5293	70714572
-16474	1756	4432	2488	-466	-938	-30	173	110	5294	26470	5294	70714572
-16473	1726	4400	2534	-501	-903	-27	175	111	5295	26475	5295	70714572
-16540	1612	4296	2577	-520	-889	-29	175	112	5296	26480	5296	70714572
-16566	1588	4282	2619	-504	-890	-31	175	113	5297	26485	5297	70714572
-16588	1487	4388	2649	-445	-882	-29	172	113	5298	26490	5298	70714572
-16532	1384	4407	2649	-369	-875	-26	168	114	5299	26495	5299	70714578
-16437	1402	4403	2642	-298	-880	-28	167	114	5300	26500	5300	70714599
-16450	1380	4401	2686	-252	-873	-29	165	113	5301	26505	5301	70714609
-16533	1268	4395	2726	-258	-845	-26	167	112	5302	26510	5302	70714609
-16621	1169	4422	2719	-289	-809	-24	168	112	5303	26515	5303	70714609
-16727	1030	4420	2676	-298	-760	-25	169	112	5304	26520	5304	70714609
-16853	794	4346	2617	-271	-691	-26	170	112	5305	26525	5305	70714609
-16852	556	4320	2503	-214	-618	-25	169	114	5306	26530	5306	70714610
-16800	414	4328	2378	-151	-547	-25	169	115	5307	26535	5307	70714621
-16684	213	4253	2288	-106	-461	-28	171	114	5308	26540	5308	70714646
-16646	-42	4129	2234	-97	-395	-29	171	113	5309	26545	5309	70714654
-16651	-287	4139	2163	-122	-347	-29	168	113	5310	26550	5310	70714655
-16527	-286	4090	2037	-122	-306	-29	167	113	5311	26555	5311	70714656
-16530	-210	4108	1915	-104	-298	-27	167	111	5312	26560	5312	70714656
-16469	-279	4169	1894	-106	-300	-27	167	111	5313	26565	5313	70714657
-16517	-523	4123	1923	-112	-300	-28	172	110	5314	26570	5314	70714658
-16557	-680	4131	1897	-113	-317	-28	174	110	5315	26575	5315	70714674
-16521	-675	4060	1799	-73	-364	-29	170	108	5316	26580	5316	70714684
-16460	-592	4101	1772	25	-442	-29	167	107	5317	26585	5317	70714684
-16453	-708	4018	1867	111	-513	-31	164	109	5318	26590	5318	70714685
-16446	-904	3986	1890	186	-574	-31	163	109	5319	26595	5319	70714685
-16455	-1186	3765	1765	237	-621	-29	172	113	5320	26600	5320	70714685
-16375	-1091	3737	1433	299	-689	-28	174	114	5321	26605	5321	70714685
-16280	-1022	3669	1078	357	-750	-26	169	112	5322	26610	5322	70714702
-16248	-899	3757	754	393	-801	-26	168	112	5323	26615	5323	70714730
-16178	-763	3779	468	416	-830	-29	166	107	5324	26620	5324	70714736
-16124	-462	3774	166	403	-847	-30	166	106	5325	26625	5325	70714736
-16120	-192	3792	-64	357	-837	-29	169	105	5326	26630	5326	70714736
-16192	-190	3714	-177	336	-828	-29	169	105	5327	26635	5327	70714737
-16234	-246	3844	-256	285	-784	-27	171	103	5328	26640	5328	70714737
-16440	-112	3872	-409	261	-737	-27	171	103	5329	26645	5329	70714737
-16434	160	3966	-586	247	-707	-25	171	109	5330	26650	5330	70714773
-16408	474	4200	-608	213	-693	-25	171	109	5331	26655	5331	70714773
-16406	526	4312	-434	127	-653	-33	171	105	5332	26660	5332	70714773
-16472	552	4134	-274	44	-610	-33	171	105	5333	26665	5333	70714774
-16497	436	4075	-249	-6	-552	-22	170	106	5334	26670	5334	70714774
-16482	640	4134	-295	-17	-527	-23	171	105	5335	26675	5335	70714774
-16468	910	4119	-311	-24	-521	-29	173	103	5336	26680	5336	70714774
-16485	971	4176	-212	-55	-526	-29	172	104	5337	26685	5337	70714774
-16530	841	4028	-82	-126	-483	-27	169	107	5338	26690	5338	70714774
-16538	599	4016	-53	-165	-455	-27	169	107	5339	26695	5339	70714775
-16535	524	4040	-93	-155	-418	-26	170	108	5340	26700	5340	70714787
-16384	619	3970	-171	-122	-400	-27	171	108	5341	26705	5341	70714810
-16346	649	3925	-133	-146	-398	-30	172	106	5342	26710	5342	70714810
-16386	499	3884	-1	-204	-360	-27	172	109	5343	26715	5343	70714810
-16399	363	3856	71	-253	-324	-23	171	113	5344	26720	5344	70714810
-16422	301	3716	74	-278	-294	-26	170	112	5345	26725	5345	70714811
-16428	346	3710	43	-296	-275	-31	169	111	5346	26730	5346	70714811
-16353	418	3773	56	-334	-257	-28	169	109	5347	26735	5347	70714823
