-16516	290	-1750	-1369	-90	-369	-515	88	-147	6713	33565	6713	70721740
-16487	323	-1705	-1373	-81	-384	-513	85	-147	6714	33570	6714	70721741
-16503	276	-1700	-1389	-82	-402	-513	84	-147	6715	33575	6715	70721741
-16487	286	-1727	-1399	-81	-410	-514	80	-146	6716	33580	6716	70721741
-16452	271	-1768	-1419	-93	-424	-514	80	-149	6717	33585	6717	70721741
-16398	272	-1810	-1441	-113	-432	-515	79	-153	6718	33590	6718	70721741
-16400	303	-1768	-1450	-135	-439	-515	80	-151	6719	33595	6719	70721741
-16411	324	-1702	-1447	-170	-448	-515	81	-149	6720	33600	6720	70721742
-16402	342	-1707	-1430	-214	-456	-514	83	-148	6721	33605	6721	70721742
-16432	345	-1727	-1396	-270	-449	-513	85	-147	6722	33610	6722	70721745
-16509	304	-1717	-1357	-324	-443	-513	88	-147	6723	33615	6723	70721750
-16514	312	-1723	-1314	-363	-433	-513	91	-147	6724	33620	6724	70721751
-16542	288	-1779	-1278	-398	-427	-513	89	-146	6725	33625	6725	70721751
-16516	272	-1758	-1250	-419	-420	-513	87	-145	6726	33630	6726	70721752
-16496	266	-1724	-1242	-436	-422	-512	85	-149	6727	33635	6727	70721756
-16510	260	-1688	-1241	-469	-436	-511	83	-151	6728	33640	6728	70721770
-16539	278	-1651	-1255	-511	-458	-516	82	-147	6729	33645	6729	70721778
-16549	305	-1656	-1275	-555	-467	-519	81	-145	6730	33650	6730	70721778
-16518	332	-1628	-1287	-606	-472	-517	83	-146	6731	33655	6731	70721778
-16490	332	-1573	-1302	-677	-490	-514	86	-148	6732	33660	6732	70721778
-16523	264	-1488	-1327	-767	-504	-515	83	-150	6733	33665	6733	70721778
-16587	269	-1463	-1342	-850	-519	-515	81	-151	6734	33670	6734	70721778
-16620	266	-1512	-1350	-910	-534	-515	82	-145	6735	33675	6735	70721778
-16656	235	-1479	-1370	-947	-553	-515	83	-141	6736	33680	6736	70721778
-16703	248	-1467	-1372	-943	-570	-513	82	-151	6737	33685	6737	70721778
-16715	257	-1455	-1374	-907	-582	-512	82	-158	6738	33690	6738	70721789
-16671	267	-1427	-1378	-846	-598	-515	83	-153	6739	33695	6739	70721808
-16574	248	-1392	-1386	-755	-613	-517	83	-149	6740	33700	6740	70721815
-16489	203	-1328	-1401	-686	-631	-519	87	-150	6741	33705	6741	70721815
-16426	247	-1365	-1412	-652	-642	-520	88	-150	6742	33710	6742	70721815
-16452	234	-1434	-1436	-658	-650	-518	84	-149	6743	33715	6743	70721815
-16473	257	-1459	-1447	-676	-647	-517	83	-149	6744	33720	6744	70721816
-16441	299	-1379	-1455	-688	-640	-515	86	-149	6745	33725	6745	70721816
-16400	273	-1459	-1445	-697	-643	-515	87	-149	6746	33730	6746	70721816
-16379	317	-1617	-1436	-697	-639	-514	85	-145	6747	33735	6747	70721846
-16379	325	-1639	-1445	-679	-625	-514	84	-144	6748	33740	6748	70721853
-16370	272	-1698	-1446	-654	-628	-516	80	-144	6749	33745	6749	70721853
-16400	304	-1718	-1463	-636	-617	-516	80	-144	6750	33750	6750	70721854
-16408	310	-1742	-1454	-621	-600	-512	88	-144	6751	33755	6751	70721854
-16374	322	-1750	-1455	-614	-613	-512	88	-144	6752	33760	6752	70721854
-16478	312	-1734	-1448	-610	-600	-511	85	-145	6753	33765	6753	70721854
-16426	387	-1707	-1431	-598	-605	-511	85	-145	6754	33770	6754	70721867
-16435	368	-1737	-1413	-589	-609	-513	88	-143	6755	33775	6755	70721889
-16450	309	-1778	-1375	-590	-604	-513	89	-143	6756	33780	6756	70721894
-16420	320	-1828	-1331	-585	-598	-515	89	-149	6757	33785	6757	70721894
-16436	348	-1858	-1297	-583	-603	-515	89	-149	6758	33790	6758	70721894
-16422	364	-1902	-1254	-579	-600	-508	88	-144	6759	33795	6759	70721894
-16466	322	-1904	-1202	-569	-600	-508	88	-144	6760	33800	6760	70721894
-16450	344	-1982	-1151	-550	-595	-504	96	-146	6761	33805	6761	70721894
-16492	360	-2072	-1116	-532	-581	-504	96	-146	6762	33810	6762	70721913
-16496	422	-2088	-1079	-527	-574	-510	90	-142	6763	33815	6763	70721935
-16544	360	-2124	-1047	-525	-560	-510	90	-142	6764	33820	6764	70721936
-16468	466	-2276	-1011	-527	-531	-505	79	-149	6765	33825	6765	70721936
-16491	510	-2296	-994	-526	-518	-507	80	-149	6766	33830	6766	70721936
-16494	488	-2316	-988	-514	-495	-513	83	-149	6767	33835	6767	70721937
-16522	510	-2382	-976	-511	-472	-513	84	-149	6768	33840	6768	70721937
-16533	574	-2433	-970	-484	-455	-514	86	-148	6769	33845	6769	70721938
-16529	609	-2502	-954	-460	-415	-515	87	-146	6770	33850	6770	70721945
-16505	646	-2581	-943	-433	-371	-518	90	-140	6771	33855	6771	70721964
-16535	739	-2608	-939	-390	-345	-517	89	-140	6772	33860	6772	70721964
-16488	681	-2532	-952	-365	-291	-513	83	-141	6773	33865	6773	70721964
-16534	648	-2579	-963	-356	-259	-513	86	-143	6774	33870	6774	70721964
-16578	630	-2542	-958	-357	-225	-512	90	-146	6775	33875	6775	70721964
-16543	616	-2587	-938	-372	-179	-510	90	-144	6776	33880	6776	70721964
-16531	629	-2585	-910	-393	-141	-508	90	-142	6777	33885	6777	70721972
-16599	652	-2570	-871	-409	-111	-509	91	-143	6778	33890	6778	70721991
-16642	537	-2581	-812	-402	-82	-511	93	-147	6779	33895	6779	70722001
-16661	489	-2672	-746	-378	-56	-511	92	-148	6780	33900	6780	70722002
-16643	442	-2745	-680	-347	-19	-511	87	-153	6781	33905	6781	70722002
-16687	421	-2677	-626	-316	6	-511	88	-151	6782	33910	6782	70722003
-16751	366	-2757	-576	-263	32	-511	89	-145	6783	33915	6783	70722019
-16833	296	-2770	-554	-206	55	-511	88	-146	6784	33920	6784	70722043
-16855	282	-2805	-562	-141	96	-511	87	-147	6785	33925	6785	70722043
-16832	297	-2870	-586	-58	118	-512	88	-145	6786	33930	6786	70722043
-16867	278	-2906	-620	38	135	-513	89	-143	6787	33935	6787	70722043
-16885	268	-2929	-669	142	162	-513	89	-143	6788	33940	6788	70722044
-16858	260	-2943	-722	256	177	-512	88	-144	6789	33945	6789	70722044
-16855	267	-2996	-786	384	189	-513	88	-144	6790	33950	6790	70722048
-16796	248	-3029	-855	494	202	-513	87	-143	6791	33955	6791	70722070
-16748	228	-3186	-906	589	203	-509	87	-149	6792	33960	6792	70722082
-16717	210	-3239	-946	684	201	-507	87	-153	6793	33965	6793	70722082
-16730	207	-3234	-977	765	193	-511	88	-146	6794	33970	6794	70722083
-16677	189	-3243	-997	829	186	-514	88	-142	6795	33975	6795	70722083
-16622	161	-3332	-1009	868	187	-512	87	-144	6796	33980	6796	70722083
-16599	142	-3441	-1012	868	202	-510	86	-146	6797	33985	6797	70722083
-16569	235	-3434	-1013	840	223	-508	84	-143	6798	33990	6798	70722083
-16567	256	-3425	-984	780	248	-507	83	-141	6799	33995	6799	70722101
-16632	208	-3379	-948	722	272	-509	89	-145	6800	34000	6800	70722117
-16634	197	-3392	-929	678	293	-510	90	-146	6801	34005	6801	70722120
-16617	231	-3394	-921	647	332	-511	87	-147	6802	34010	6802	70722120
-16620	254	-3356	-919	622	366	-512	86	-148	6803	34015	6803	70722120
-16646	263	-3374	-928	617	397	-510	88	-147	6804	34020	6804	70722120
-16668	282	-3448	-947	618	453	-508	90	-146	6805	34025	6805	70722120
-16637	258	-3416	-976	624	511	-512	88	-147	6806	34030	6806	70722120
-16564	317	-3440	-1020	642	570	-514	86	-148	6807	34035	6807	70722137
-16586	344	-3476	-1064	692	610	-513	87	-147	6808	34040	6808	70722153
-16538	352	-3510	-1142	757	632	-513	87	-147	6809	34045	6809	70722156
-16490	333	-3552	-1249	821	626	-513	87	-150	6810	34050	6810	70722156
-16416	307	-3645	-1393	892	611	-513	87	-151	6811	34055	6811	70722156
-16366	268	-3671	-1549	940	587	-511	90	-148	6812	34060	6812	70722156
-16358	218	-3730	-1691	941	563	-511	91	-147	6813	34065	6813	70722156
-16355	189	-3648	-1817	885	528	-507	89	-146	6814	34070	6814	70722165
-16524	147	-3552	-1906	784	512	-506	88	-146	6815	34075	6815	70722189
-16738	56	-3462	-1969	596	492	-510	90	-148	6816	34080	6816	70722195
-16934	124	-3286	-1954	408	479	-510	90	-148	6817	34085	6817	70722195
-17030	84	-3160	-1930	240	476	-512	86	-144	6818	34090	6818	70722195
-17184	136	-3152	-1907	156	468	-512	86	-144	6819	34095	6819	70722196
-17154	118	-3128	-1868	160	477	-513	91	-147	6820	34100	6820	70722196
-17068	70	-3148	-1863	248	469	-513	91	-147	6821	34105	6821	70722196
-16940	136	-3210	-1889	386	463	-516	94	-150	6822	34110	6822	70722232
-16874	206	-3090	-1950	533	473	-516	94	-150	6823	34115	6823	70722233
-16793	344	-3080	-2052	691	470	-512	88	-146	6824	34120	6824	70722233
-16709	420	-3131	-2127	809	499	-511	89	-147	6825	34125	6825	70722233
-16624	508	-3096	-2191	887	535	-508	94	-150	6826	34130	6826	70722233
-16460	502	-3110	-2270	975	559	-508	94	-150	6827	34135	6827	70722233
-16390	642	-3130	-2338	1056	596	-514	82	-150	6828	34140	6828	70722233
-16212	682	-3144	-2432	1102	629	-514	82	-150	6829	34145	6829	70722233
-16112	788	-3122	-2524	1147	639	-511	87	-149	6830	34150	6830	70722274
-16010	864	-3188	-2623	1179	651	-511	87	-149	6831	34155	6831	70722274
-15940	910	-3122	-2715	1173	664	-517	89	-147	6832	34160	6832	70722274
-15870	986	-3200	-2771	1145	656	-516	89	-147	6833	34165	6833	70722274
-15849	1014	-3110	-2794	1111	659	-514	88	-148	6834	34170	6834	70722274
-15892	1067	-3047	-2781	1056	667	-514	89	-148	6835	34175	6835	70722274
-15929	1059	-3086	-2735	987	661	-512	92	-150	6836	34180	6836	70722276
-15967	1069	-3101	-2672	928	665	-512	92	-150	6837	34185	6837	70722289
-15919	1046	-3063	-2599	857	656	-510	90	-148	6838	34190	6838	70722312
-15973	970	-2965	-2530	802	642	-511	90	-149	6839	34195	6839	70722312
-15997	979	-2999	-2464	751	645	-514	92	-154	6840	34200	6840	70722312
-15953	975	-3108	-2411	699	653	-512	90	-154	6841	34205	6841	70722312
-15950	1000	-3120	-2376	650	655	-509	87	-153	6842	34210	6842	70722313
-15950	1012	-3074	-2363	616	648	-511	87	-152	6843	34215	6843	70722313
-15911	1004	-3112	-2371	571	628	-513	87	-151	6844	34220	6844	70722313
-15914	1016	-3198	-2397	520	612	-514	88	-148	6845	34225	6845	70722324
-15938	1050	-3094	-2428	468	611	-515	89	-143	6846	34230	6846	70722340
-15930	1036	-3023	-2455	397	599	-513	89	-149	6847	34235	6847	70722340
-15900	1018	-3000	-2492	319	597	-511	89	-157	6848	34240	6848	70722341
-15930	1028	-2906	-2526	247	605	-512	90	-153	6849	34245	6849	70722342
-15964	1030	-2896	-2548	181	598	-512	90	-148	6850	34250	6850	70722342
-16010	1020	-2868	-2558	109	594	-513	90	-148	6851	34255	6851	70722342
-16088	1024	-2767	-2545	46	603	-515	91	-147	6852	34260	6852	70722345
-16118	1006	-2778	-2520	-11	600	-515	90	-148	6853	34265	6853	70722358
-16194	992	-2692	-2494	-66	588	-515	89	-149	6854	34270	6854	70722371
-16278	989	-2612	-2471	-96	577	-518	90	-151	6855	34275	6855	70722372
-16348	972	-2606	-2440	-107	554	-522	92	-154	6856	34280	6856	70722372
-16357	954	-2591	-2416	-106	526	-519	90	-150	6857	34285	6857	70722372
-16382	914	-2551	-2412	-101	485	-516	88	-146	6858	34290	6858	70722373
-16401	920	-2575	-2426	-113	441	-513	91	-150	6859	34295	6859	70722390
-16405	1002	-2527	-2445	-122	401	-511	93	-153	6860	34300	6860	70722405
-16418	1037	-2504	-2459	-113	351	-515	91	-151	6861	34305	6861	70722409
-16449	1079	-2473	-2466	-100	298	-518	90	-150	6862	34310	6862	70722409
-16476	1033	-2465	-2459	-81	256	-517	88	-150	6863	34315	6863	70722409
-16501	1007	-2476	-2446	-60	223	-516	86	-150	6864	34320	6864	70722409
-16497	1081	-2451	-2433	-30	192	-515	89	-150	6865	34325	6865	70722409
-16463	1158	-2471	-2428	-9	172	-514	90	-150	6866	34330	6866	70722416
-16509	1202	-2384	-2433	5	152	-515	88	-151	6867	34335	6867	70722440
-16567	1199	-2387	-2448	10	148	-515	87	-151	6868	34340	6868	70722446
-16583	1276	-2349	-2470	16	150	-516	89	-147	6869	34345	6869	70722446
-16515	1349	-2372	-2506	3	148	-516	90	-146	6870	34350	6870	70722446
-16589	1372	-2422	-2543	-8	158	-518	88	-148	6871	34355	6871	70722446
-16577	1408	-2445	-2595	-20	168	-519	87	-149	6872	34360	6872	70722446
-16571	1472	-2384	-2637	-25	166	-516	90	-148	6873	34365	6873	70722479
-16502	1512	-2423	-2674	-4	150	-515	91	-147	6874	34370	6874	70722496
-16475	1474	-2350	-2677	24	131	-521	92	-148	6875	34375	6875	70722496
-16399	1486	-2238	-2663	51	110	-522	92	-148	6876	34380	6876	70722496
-16369	1497	-2275	-2634	71	93	-512	91	-149	6877	34385	6877	70722496
-16401	1442	-2320	-2574	95	77	-509	91	-149	6878	34390	6878	70722496
-16386	1454	-2330	-2504	109	45	-515	85	-148	6879	34395	6879	70722496
-16348	1497	-2330	-2445	109	23	-516	84	-148	6880	34400	6880	70722514
-16348	1440	-2312	-2382	118	9	-515	85	-149	6881	34405	6881	70722542
-16288	1504	-2360	-2336	126	-12	-515	85	-149	6882	34410	6882	70722548
-16272	1438	-2352	-2326	158	-54	-520	92	-148	6883	34415	6883	70722548
-16278	1490	-2372	-2338	209	-77	-520	92	-148	6884	34420	6884	70722549
-16288	1470	-2434	-2330	255	-102	-520	90	-150	6885	34425	6885	70722549
-16296	1478	-2522	-2360	304	-121	-520	90	-150	6886	34430	6886	70722550
-16276	1442	-2480	-2382	387	-145	-514	86	-154	6887	34435	6887	70722550
-16256	1404	-2638	-2386	472	-186	-514	86	-154	6888	34440	6888	70722550
-16206	1358	-2536	-2395	539	-193	-510	92	-154	6889	34445	6889	70722551
-16208	1270	-2724	-2386	587	-215	-510	92	-154	6890	34450	6890	70722556
-16200	1282	-2716	-2365	608	-245	-520	86	-150	6891	34455	6891	70722585
-16210	1201	-2814	-2357	612	-256	-519	86	-150	6892	34460	6892	70722586
-16160	1230	-2778	-2349	621	-284	-514	88	-148	6893	34465	6893	70722586
-16191	1257	-2706	-2352	639	-335	-514	88	-148	6894	34470	6894	70722586
-16209	1207	-2724	-2355	654	-366	-514	86	-146	6895	34475	6895	70722586
-16207	1239	-2811	-2338	701	-401	-514	87	-146	6896	34480	6896	70722587
-16250	1222	-2758	-2329	748	-430	-511	91	-147	6897	34485	6897	70722587
-16132	1274	-2834	-2329	837	-459	-511	91	-147	6898	34490	6898	70722588
-16125	1403	-2607	-2305	936	-491	-517	87	-149	6899	34495	6899	70722590
-16043	1428	-2626	-2267	997	-520	-517	87	-149	6900	34500	6900	70722601
-16032	1438	-2654	-2233	1037	-528	-515	85	-151	6901	34505	6901	70722621
-16081	1534	-2670	-2225	1028	-535	-515	86	-150	6902	34510	6902	70722621
-16126	1613	-2664	-2202	969	-519	-513	89	-145	6903	34515	6903	70722621
-16217	1589	-2667	-2170	894	-485	-513	89	-146	6904	34520	6904	70722621
-16296	1639	-2612	-2136	807	-460	-514	90	-150	6905	34525	6905	70722621
-16361	1674	-2630	-2089	725	-438	-514	89	-149	6906	34530	6906	70722621
-16441	1731	-2639	-2036	663	-417	-513	87	-143	6907	34535	6907	70722628
-16477	1815	-2732	-1989	623	-417	-513	87	-147	6908	34540	6908	70722653
-16519	1818	-2720	-1946	621	-414	-512	86	-152	6909	34545	6909	70722658
-16503	1896	-2686	-1900	621	-415	-515	86	-150	6910	34550	6910	70722658
-16514	1968	-2699	-1858	598	-410	-519	85	-147	6911	34555	6911	70722658
-16585	1959	-2675	-1827	552	-402	-519	85	-147	6912	34560	6912	70722658
-16627	1952	-2675	-1801	489	-392	-518	86	-148	6913	34565	6913	70722659
-16672	1920	-2662	-1772	415	-372	-516	85	-148	6914	34570	6914	70722659
-16753	1897	-2685	-1742	341	-332	-514	84	-148	6915	34575	6915	70722659
-16899	1823	-2695	-1742	272	-287	-513	87	-151	6916	34580	6916	70722676
-16982	1739	-2678	-1763	237	-242	-513	89	-153	6917	34585	6917	70722691
-17051	1665	-2677	-1787	224	-194	-517	89	-149	6918	34590	6918	70722694
-17174	1546	-2577	-1831	196	-146	-519	89	-147	6919	34595	6919	70722694
-17340	1450	-2394	-1885	130	-86	-516	86	-151	6920	34600	6920	70722705
-17573	1302	-2239	-1942	26	-3	-514	84	-154	6921	34605	6921	70722719
-17848	1107	-2078	-2006	-114	101	-514	88	-152	6922	34610	6922	70722725
-18138	877	-1850	-2080	-307	238	-515	93	-149	6923	34615	6923	70722726
-18409	620	-1707	-2138	-486	388	-514	90	-150	6924	34620	6924	70722726
-18578	412	-1616	-2176	-587	497	-514	88	-150	6925	34625	6925	70722726
-18642	209	-1508	-2186	-583	563	-515	87	-149	6926	34630	6926	70722727
-18578	7	-1471	-2142	-451	588	-516	86	-148	6927	34635	6927	70722727
-18375	-214	-1512	-2063	-185	569	-513	87	-149	6928	34640	6928	70722750
-18148	-442	-1549	-1950	178	514	-511	87	-149	6929	34645	6929	70722765
-17834	-659	-1571	-1833	577	435	-513	85	-151	6930	34650	6930	70722765
-17482	-870	-1705	-1737	983	340	-515	83	-153	6931	34655	6931	70722765
-16983	-1106	-1736	-1656	1427	215	-515	83	-149	6932	34660	6932	70722765
-16458	-1297	-1985	-1653	1755	124	-515	83	-147	6933	34665	6933	70722765
-16131	-1444	-2111	-1709	1991	49	-519	85	-153	6934	34670	6934	70722765
-15682	-1626	-2276	-1840	2149	-17	-520	86	-154	6935	34675	6935	70722771
-15322	-1683	-2381	-2031	2239	-79	-517	86	-154	6936	34680	6936	70722796
-15013	-1715	-2609	-2271	2259	-132	-516	86	-154	6937	34685	6937	70722803
-14819	-1639	-2779	-2570	2191	-165	-518	84	-149	6938	34690	6938	70722803
-14642	-1573	-2858	-2887	2056	-211	-518	84	-148	6939	34695	6939	70722803
-14496	-1490	-2900	-3206	1878	-267	-514	88	-150	6940	34700	6940	70722803
-14488	-1328	-3072	-3573	1611	-320	-513	89	-151	6941	34705	6941	70722804
-14462	-1226	-2998	-3858	1339	-375	-512	90	-150	6942	34710	6942	70722804
-14682	-1062	-3096	-4118	1031	-432	-512	90	-150	6943	34715	6943	70722813
-14884	-862	-3162	-4369	730	-474	-518	80	-150	6944	34720	6944	70722840
-15019	-654	-3117	-4532	500	-502	-518	80	-150	6945	34725	6945	70722840
-15395	-406	-3100	-4666	274	-539	-513	86	-152	6946	34730	6946	70722840
-15711	-164	-3106	-4769	111	-538	-512	88	-152	6947	34735	6947	70722840
-16051	138	-3010	-4831	14	-508	-515	90	-152	6948	34740	6948	70722840
-16516	346	-3026	-4878	-34	-450	-516	90	-152	6949	34745	6949	70722840
-16766	582	-2998	-4898	3	-356	-516	84	-148	6950	34750	6950	70722840
-17092	736	-2870	-4892	85	-267	-516	84	-148	6951	34755	6951	70722906
-17324	940	-2810	-4880	204	-184	-518	84	-154	6952	34760	6952	70722906
-17498	1118	-2784	-4871	338	-84	-518	84	-154	6953	34765	6953	70722906
-17616	1218	-2670	-4827	498	-13	-516	86	-148	6954	34770	6954	70722906
-17694	1346	-2586	-4794	682	53	-516	86	-148	6955	34775	6955	70722906
-17658	1388	-2484	-4763	860	93	-514	90	-144	6956	34780	6956	70722906
-17669	1442	-2511	-4714	1083	90	-514	90	-145	6957	34785	6957	70722911
-17471	1451	-2522	-4647	1258	43	-515	89	-151	6958	34790	6958	70722934
-17282	1369	-2448	-4582	1429	-34	-515	88	-151	6959	34795	6959	70722956
-17162	1369	-2453	-4515	1590	-155	-517	85	-149	6960	34800	6960	70722956
-16923	1310	-2502	-4412	1708	-272	-518	86	-148	6961	34805	6961	70722956
-16711	1220	-2511	-4291	1761	-380	-520	92	-146	6962	34810	6962	70722956
-16477	1097	-2568	-4155	1776	-504	-520	90	-147	6963	34815	6963	70722956
-16266	970	-2526	-4012	1760	-612	-520	82	-152	6964	34820	6964	70722956
-16112	870	-2552	-3863	1701	-712	-519	82	-150	6965	34825	6965	70722964
-15960	756	-2644	-3695	1601	-806	-515	83	-145	6966	34830	6966	70722992
-15847	665	-2688	-3546	1504	-853	-514	83	-148	6967	34835	6967	70723001
-15753	590	-2724	-3402	1401	-875	-512	84	-152	6968	34840	6968	70723001
-15698	493	-2791	-3290	1305	-873	-511	84	-152	6969	34845	6969	70723002
-15661	349	-2870	-3199	1221	-838	-510	84	-152	6970	34850	6970	70723002
-15671	312	-2920	-3114	1144	-789	-511	84	-151	6971	34855	6971	70723002
-15668	310	-2955	-3051	1057	-710	-513	85	-147	6972	34860	6972	70723002
-15678	182	-2970	-3011	992	-610	-513	86	-148	6973	34865	6973	70723003
-15710	158	-3076	-3011	916	-492	-513	87	-151	6974	34870	6974	70723003
-15755	170	-3074	-3038	843	-390	-512	87	-152	6975	34875	6975	70723003
-15885	145	-3083	-3090	774	-286	-511	87	-153	6976	34880	6976	70723003
-16033	142	-3095	-3163	705	-203	-512	87	-152	6977	34885	6977	70723004
-16153	134	-3082	-3250	644	-154	-514	86	-150	6978	34890	6978	70723014
-16196	150	-3098	-3341	591	-121	-516	86	-149	6979	34895	6979	70723032
-16278	226	-3060	-3427	548	-103	-519	87	-147	6980	34900	6980	70723036
-16406	311	-2974	-3514	522	-102	-517	86	-149	6981	34905	6981	70723036
-16519	348	-2969	-3590	506	-129	-514	84	-152	6982	34910	6982	70723039
-16557	427	-2907	-3640	507	-179	-515	88	-153	6983	34915	6983	70723041
-16588	484	-2870	-3674	508	-245	-515	91	-153	6984	34920	6984	70723041
-16677	543	-2851	-3695	505	-320	-515	86	-153	6985	34925	6985	70723041
-16774	621	-2783	-3692	495	-404	-515	83	-153	6986	34930	6986	70723041
-16888	637	-2730	-3671	474	-486	-511	83	-153	6987	34935	6987	70723041
-16938	656	-2748	-3647	478	-564	-509	83	-153	6988	34940	6988	70723041
-16900	672	-2706	-3613	511	-645	-513	84	-151	6989	34945	6989	70723048
-16882	721	-2692	-3580	573	-718	-516	84	-150	6990	34950	6990	70723073
-16834	746	-2670	-3544	640	-762	-518	89	-148	6991	34955	6991	70723080
-16699	778	-2664	-3514	673	-796	-518	90	-148	6992	34960	6992	70723080
-16641	745	-2612	-3484	701	-805	-518	86	-144	6993	34965	6993	70723080
-16596	764	-2616	-3435	726	-805	-518	84	-142	6994	34970	6994	70723080
-16453	759	-2630	-3387	747	-811	-515	88	-149	6995	34975	6995	70723080
-16352	714	-2684	-3358	759	-801	-513	91	-153	6996	34980	6996	70723080
-16242	717	-2676	-3335	778	-775	-512	90	-152	6997	34985	6997	70723080
-16118	719	-2624	-3317	808	-754	-511	89	-151	6998	34990	6998	70723081
-15970	699	-2595	-3308	834	-731	-513	85	-150	6999	34995	6999	70723100
-15872	726	-2627	-3316	830	-696	-514	84	-150	7000	35000	7000	70723115
-15758	705	-2676	-3330	802	-678	-516	85	-154	7001	35005	7001	70723117
-15694	661	-2646	-3336	745	-645	-517	85	-155	7002	35010	7002	70723117
-15658	657	-2638	-3346	684	-628	-515	87	-153	7003	35015	7003	70723117
-15751	671	-2606	-3354	616	-624	-515	87	-153	7004	35020	7004	70723117
-15792	607	-2588	-3337	538	-624	-513	88	-151	7005	35025	7005	70723118
-15878	606	-2512	-3318	463	-630	-512	88	-150	7006	35030	7006	70723125
-16074	578	-2446	-3297	364	-617	-514	84	-150	7007	35035	7007	70723155
-16196	592	-2524	-3264	313	-614	-514	84	-150	7008	35040	7008	70723155
-16172	496	-2588	-3206	294	-633	-511	89	-155	7009	35045	7009	70723155
-16330	472	-2584	-3167	300	-634	-511	89	-155	7010	35050	7010	70723155
-16366	470	-2610	-3117	352	-633	-514	84	-146	7011	35055	7011	70723155
-16498	402	-2644	-3075	413	-651	-514	84	-146	7012	35060	7012	70723155
-16490	450	-2712	-3030	487	-653	-517	79	-149	7013	35065	7013	70723155
-16428	398	-2756	-3009	558	-655	-517	79	-149	7014	35070	7014	70723180
-16418	422	-2766	-3002	628	-665	-511	81	-149	7015	35075	7015	70723193
-16442	479	-2738	-2989	646	-648	-512	83	-148	7016	35080	7016	70723193
-16432	470	-2734	-2978	640	-630	-517	89	-145	7017	35085	7017	70723193
-16420	368	-2754	-2963	619	-629	-517	89	-145	7018	35090	7018	70723193
-16446	432	-2678	-2954	573	-618	-516	86	-150	7019	35095	7019	70723194
-16364	428	-2610	-2941	533	-585	-516	86	-150	7020	35100	7020	70723194
-16378	428	-2630	-2908	510	-551	-514	90	-152	7021	35105	7021	70723203
-16392	440	-2596	-2861	495	-515	-514	90	-152	7022	35110	7022	70723231
-16342	402	-2670	-2805	471	-470	-510	86	-152	7023	35115	7023	70723231
-16373	420	-2687	-2741	463	-437	-511	86	-151	7024	35120	7024	70723231
-16390	438	-2640	-2688	458	-412	-515	85	-149	7025	35125	7025	70723232
-16388	410	-2729	-2630	452	-381	-514	85	-149	7026	35130	7026	70723232
-16410	360	-2724	-2594	444	-367	-511	85	-147	7027	35135	7027	70723232
-16424	330	-2715	-2570	446	-348	-510	85	-148	7028	35140	7028	70723239
-16436	342	-2799	-2559	445	-344	-508	86	-152	7029	35145	7029	70723268
-16504	321	-2791	-2547	464	-357	-508	86	-152	7030	35150	7030	70723269
-16419	335	-2921	-2542	490	-365	-507	85	-151	7031	35155	7031	70723269
-16423	312	-2954	-2554	529	-380	-507	85	-151	7032	35160	7032	70723269
-16415	338	-2877	-2567	561	-403	-508	84	-152	7033	35165	7033	70723269
-16380	355	-2874	-2584	567	-416	-510	86	-152	7034	35170	7034	70723269
-16344	341	-2901	-2603	557	-429	-512	90	-152	7035	35175	7035	70723269
-16365	313	-2907	-2608	544	-433	-510	88	-150	7036	35180	7036	70723273
-16341	311	-2912	-2603	528	-436	-508	86	-148	7037	35185	7037	70723290
-16286	294	-2904	-2598	520	-444	-507	85	-148	7038	35190	7038	70723308
-16254	293	-3002	-2588	520	-449	-505	83	-147	7039	35195	7039	70723308
