-15393	-4686	-4265	2467	607	-381	-134	289	-136	10112	50560	10112	70738654
-15404	-4642	-4248	2536	627	-384	-134	288	-136	10113	50565	10113	70738660
-15488	-4694	-4166	2742	662	-354	-139	291	-139	10114	50570	10114	70738660
-15394	-4728	-4174	2938	705	-337	-139	291	-139	10115	50575	10115	70738660
-15414	-4882	-4258	3135	752	-335	-144	282	-140	10116	50580	10116	70738660
-15280	-5020	-4104	3230	789	-342	-144	282	-140	10117	50585	10117	70738660
-15258	-5098	-4126	3278	814	-322	-135	283	-139	10118	50590	10118	70738660
-15138	-5150	-4094	3316	810	-304	-135	283	-139	10119	50595	10119	70738669
-15170	-5248	-4208	3309	821	-290	-137	285	-139	10120	50600	10120	70738708
-15138	-5288	-4050	3271	840	-267	-137	285	-139	10121	50605	10121	70738708
-15006	-5293	-4160	3231	858	-259	-133	281	-133	10122	50610	10122	70738708
-15131	-5306	-4149	3183	844	-257	-134	281	-134	10123	50615	10123	70738708
-15115	-5261	-4138	3145	857	-238	-138	282	-140	10124	50620	10124	70738709
-15210	-5164	-4188	3132	861	-227	-138	282	-140	10125	50625	10125	70738709
-15102	-5200	-4154	3178	864	-216	-141	277	-141	10126	50630	10126	70738709
-15066	-5234	-4254	3255	891	-205	-141	277	-141	10127	50635	10127	70738719
-15116	-5266	-4254	3372	921	-199	-137	279	-147	10128	50640	10128	70738738
-15172	-5244	-4294	3527	971	-214	-137	279	-147	10129	50645	10129	70738738
-15119	-5079	-4208	3625	1011	-228	-141	281	-143	10130	50650	10130	70738738
-15220	-5024	-4430	3867	1064	-221	-140	281	-143	10131	50655	10131	70738738
-15512	-4776	-4674	4667	1273	-248	-134	280	-142	10132	50660	10132	70738739
-15739	-4432	-4772	6292	1711	-366	-133	280	-144	10133	50665	10133	70738741
-15500	-4331	-4270	8222	2234	-498	-128	278	-150	10134	50670	10134	70738753
-15288	-4346	-4167	9832	2550	-516	-129	277	-150	10135	50675	10135	70738776
-15295	-4290	-4423	11268	2782	-479	-133	273	-151	10136	50680	10136	70738776
-15388	-4124	-4416	12493	2947	-439	-134	274	-151	10137	50685	10137	70738777
-15240	-4066	-3844	13425	3039	-371	-137	279	-151	10138	50690	10138	70738778
-14926	-4619	-3264	14048	2835	-197	-136	278	-151	10139	50695	10139	70738778
-14880	-5017	-3176	13749	2462	-28	-132	274	-152	10140	50700	10140	70738779
-14923	-5175	-3560	13098	2090	105	-131	275	-152	10141	50705	10141	70738779
-14892	-5448	-3722	12518	1841	184	-127	279	-153	10142	50710	10142	70738786
-14798	-5606	-3681	12013	1619	202	-127	279	-155	10143	50715	10143	70738816
-14769	-5659	-3601	11361	1349	216	-127	277	-165	10144	50720	10144	70738816
-14903	-5866	-3660	10680	1099	288	-127	277	-164	10145	50725	10145	70738816
-14955	-6142	-3727	9953	915	368	-127	279	-161	10146	50730	10146	70738817
-14882	-6417	-3771	9216	778	409	-125	277	-165	10147	50735	10147	70738817
-14867	-6534	-3799	8624	683	418	-121	275	-171	10148	50740	10148	70738817
-14862	-6550	-3794	8046	589	426	-122	272	-170	10149	50745	10149	70738822
-14785	-6564	-3747	7503	509	447	-123	267	-169	10150	50750	10150	70738837
-14760	-6549	-3718	7030	432	463	-122	267	-169	10151	50755	10151	70738854
-14765	-6539	-3774	6552	362	503	-117	269	-171	10152	50760	10152	70738854
-14717	-6537	-3775	6120	303	522	-117	269	-171	10153	50765	10153	70738855
-14704	-6497	-3760	5750	250	544	-117	269	-169	10154	50770	10154	70738855
-14770	-6547	-3754	5488	207	560	-118	269	-171	10155	50775	10155	70738855
-14838	-6504	-3675	5376	178	580	-119	269	-173	10156	50780	10156	70738855
-14833	-6372	-3541	5335	165	609	-117	269	-173	10157	50785	10157	70738858
-14800	-6285	-3458	5374	137	634	-113	269	-173	10158	50790	10158	70738875
-14766	-6261	-3466	5480	91	676	-112	270	-174	10159	50795	10159	70738892
-14751	-6299	-3471	5567	37	726	-111	271	-175	10160	50800	10160	70738892
-14772	-6322	-3478	5603	-38	779	-116	267	-177	10161	50805	10161	70738892
-14806	-6363	-3555	5614	-110	831	-123	261	-181	10162	50810	10162	70738892
-14846	-6398	-3649	5558	-165	875	-122	264	-180	10163	50815	10163	70738892
-14890	-6249	-3542	5358	-242	900	-118	272	-176	10164	50820	10164	70738892
-14918	-6093	-3482	5182	-344	936	-117	272	-177	10165	50825	10165	70738896
-15014	-6018	-3522	5051	-420	991	-115	271	-179	10166	50830	10166	70738912
-15072	-5926	-3603	4962	-470	1042	-114	270	-179	10167	50835	10167	70738930
-15077	-5855	-3621	4950	-520	1083	-112	268	-178	10168	50840	10168	70738930
-15124	-5752	-3584	4950	-567	1119	-113	269	-179	10169	50845	10169	70738930
-15202	-5607	-3531	4958	-637	1160	-114	270	-180	10170	50850	10170	70738931
-15322	-5558	-3500	5004	-721	1228	-115	267	-180	10171	50855	10171	70738931
-15335	-5583	-3479	5003	-799	1294	-115	263	-179	10172	50860	10172	70738931
-15362	-5615	-3505	4949	-879	1358	-111	263	-180	10173	50865	10173	70738948
-15418	-5741	-3612	4877	-976	1424	-109	263	-181	10174	50870	10174	70738964
-15504	-5930	-3639	4743	-1074	1489	-112	265	-183	10175	50875	10175	70738967
-15566	-6134	-3566	4499	-1169	1554	-115	267	-185	10176	50880	10176	70738967
-15630	-6360	-3491	4120	-1284	1625	-115	268	-183	10177	50885	10177	70738967
-15778	-6545	-3548	3696	-1424	1703	-115	269	-181	10178	50890	10178	70738967
-15791	-6663	-3616	3196	-1552	1785	-115	266	-180	10179	50895	10179	70738967
-15673	-6647	-3585	2492	-1694	1866	-115	261	-179	10180	50900	10180	70738971
-15696	-6519	-3730	1739	-1833	1944	-113	259	-181	10181	50905	10181	70738993
-15768	-6486	-3755	1034	-1937	2015	-112	258	-182	10182	50910	10182	70739005
-15794	-6429	-3627	374	-2039	2067	-116	263	-183	10183	50915	10183	70739005
-15850	-6299	-3427	-145	-2175	2116	-119	267	-183	10184	50920	10184	70739005
-15886	-6170	-3288	-551	-2338	2161	-120	266	-182	10185	50925	10185	70739005
-15814	-6128	-3283	-865	-2495	2197	-121	265	-181	10186	50930	10186	70739005
-15848	-6047	-3457	-1154	-2632	2220	-119	263	-177	10187	50935	10187	70739005
-16023	-5870	-3611	-1417	-2723	2242	-117	261	-175	10188	50940	10188	70739033
-16118	-5798	-3687	-1616	-2790	2292	-121	263	-179	10189	50945	10189	70739053
-16084	-5744	-3586	-1786	-2872	2343	-123	265	-181	10190	50950	10190	70739053
-16007	-5609	-3408	-1944	-2982	2364	-121	266	-182	10191	50955	10191	70739053
-16022	-5394	-3305	-2024	-3110	2357	-120	266	-182	10192	50960	10192	70739053
-16066	-5180	-3214	-1967	-3231	2330	-125	262	-180	10193	50965	10193	70739054
-16171	-4950	-3068	-1810	-3334	2313	-129	259	-179	10194	50970	10194	70739054
-16320	-4732	-2952	-1547	-3423	2285	-130	260	-179	10195	50975	10195	70739058
-16337	-4655	-2934	-1151	-3512	2271	-131	261	-179	10196	50980	10196	70739078
-16363	-4585	-2860	-797	-3607	2259	-134	266	-178	10197	50985	10197	70739090
-16550	-4501	-2664	-669	-3682	2301	-135	267	-177	10198	50990	10198	70739090
-16590	-4476	-2548	-445	-3726	2364	-135	262	-175	10199	50995	10199	70739091
-16670	-4404	-2381	-255	-3775	2402	-135	261	-175	10200	51000	10200	70739091
-16679	-4355	-2228	-205	-3826	2455	-134	262	-174	10201	51005	10201	70739091
-16657	-4321	-2186	-250	-3869	2543	-134	262	-174	10202	51010	10202	70739091
-16616	-3996	-1650	-477	-3936	2638	-133	262	-173	10203	51015	10203	70739092
-16613	-3241	-392	-734	-4147	2664	-132	262	-172	10204	51020	10204	70739092
-16791	-2143	1685	-633	-4591	2562	-137	262	-172	10205	51025	10205	70739118
-17195	-1138	2900	-300	-5150	2524	-138	262	-172	10206	51030	10206	70739126
-17463	294	3326	-626	-5738	2755	-140	261	-171	10207	51035	10207	70739126
-17518	1636	2690	-1416	-6203	3288	-141	261	-171	10208	51040	10208	70739126
-17619	2118	1310	-2354	-6467	4045	-136	259	-169	10209	51045	10209	70739126
-17868	2195	917	-3627	-6683	4756	-135	259	-169	10210	51050	10210	70739126
-18010	1714	1249	-4854	-7013	5461	-141	257	-166	10211	51055	10211	70739126
-17843	835	1509	-6039	-7388	5965	-143	257	-165	10212	51060	10212	70739135
-17696	100	1860	-7349	-7748	6306	-151	261	-161	10213	51065	10213	70739195
-17666	-165	2280	-8034	-7910	6403	-151	261	-161	10214	51070	10214	70739195
-17526	-93	2994	-8573	-8134	6469	-156	263	-164	10215	51075	10215	70739195
-17540	124	3358	-8691	-8385	6439	-157	263	-165	10216	51080	10216	70739195
-17453	516	3258	-8577	-8664	6359	-164	261	-156	10217	51085	10217	70739196
-17481	1039	3231	-8464	-8973	6306	-166	260	-154	10218	51090	10218	70739196
-17662	1362	3008	-8389	-9315	6379	-164	254	-156	10219	51095	10219	70739196
-17797	2082	2645	-8363	-9573	6528	-164	252	-156	10220	51100	10220	70739222
-17833	1830	2243	-8318	-9776	6874	-169	255	-153	10221	51105	10221	70739233
-17588	2128	1828	-8380	-9948	7177	-170	256	-152	10222	51110	10222	70739234
-17406	1806	1814	-8333	-10129	7508	-178	260	-142	10223	51115	10223	70739234
-17310	2088	1452	-8247	-10237	7601	-178	260	-142	10224	51120	10224	70739234
-17838	1798	1094	-8014	-10454	7939	-183	257	-137	10225	51125	10225	70739234
-17828	1356	1706	-7925	-10410	8215	-183	257	-137	10226	51130	10226	70739234
-17628	1136	1981	-7838	-10524	8403	-194	251	-141	10227	51135	10227	70739234
-17516	826	2159	-7783	-10615	8603	-196	250	-142	10228	51140	10228	70739234
-17456	720	2177	-7689	-10806	8737	-200	256	-135	10229	51145	10229	70739234
-17480	552	2340	-7454	-10935	8884	-201	257	-133	10230	51150	10230	70739235
-17378	706	2036	-7010	-11024	8906	-204	252	-138	10231	51155	10231	70739235
-17342	266	2062	-6651	-11081	9066	-204	252	-138	10232	51160	10232	70739235
-17402	-100	2174	-6460	-11110	9185	-203	247	-129	10233	51165	10233	70739254
-17228	-172	2266	-6302	-11174	9263	-203	247	-129	10234	51170	10234	70739271
-17202	-368	2248	-6198	-11180	9332	-216	248	-122	10235	51175	10235	70739271
-17068	-618	2116	-6150	-11177	9340	-216	248	-122	10236	51180	10236	70739272
-16924	-536	1974	-5994	-11171	9299	-224	244	-124	10237	51185	10237	70739272
-16796	-654	1920	-5810	-11211	9324	-224	244	-124	10238	51190	10238	70739272
-16829	-612	1607	-5648	-11122	9285	-233	241	-127	10239	51195	10239	70739273
-16846	-562	1354	-5575	-11044	9241	-233	241	-127	10240	51200	10240	70739273
-16758	-266	1458	-5550	-10986	9177	-238	232	-120	10241	51205	10241	70739273
-16658	-134	1272	-5408	-10873	9164	-238	232	-120	10242	51210	10242	70739308
-16580	-302	1212	-5197	-10747	9208	-237	237	-125	10243	51215	10243	70739308
-16566	-504	1006	-5047	-10585	9168	-237	237	-125	10244	51220	10244	70739308
-16616	-888	1018	-5052	-10424	9140	-246	230	-118	10245	51225	10245	70739308
-16500	-988	862	-5207	-10206	9093	-246	230	-118	10246	51230	10246	70739308
-16155	-325	1004	-5388	-10047	8888	-253	225	-111	10247	51235	10247	70739309
-16121	-17	935	-5162	-9984	8771	-254	224	-110	10248	51240	10248	70739311
-16240	-130	1135	-4768	-9818	8703	-256	222	-108	10249	51245	10249	70739325
-16284	-497	1073	-4465	-9646	8597	-258	220	-109	10250	51250	10250	70739355
-16332	-715	885	-4341	-9476	8513	-265	213	-111	10251	51255	10251	70739355
-16440	-582	760	-4380	-9348	8405	-265	213	-111	10252	51260	10252	70739355
-16504	-668	578	-4346	-9131	8344	-263	215	-113	10253	51265	10253	70739356
-16288	-492	664	-4262	-8920	8262	-263	215	-113	10254	51270	10254	70739356
-16192	-794	890	-3871	-8665	8182	-274	208	-108	10255	51275	10255	70739356
-16112	-1046	857	-3409	-8476	8019	-274	206	-109	10256	51280	10256	70739363
-16156	-1263	914	-3065	-8290	7847	-275	199	-115	10257	51285	10257	70739392
-16298	-1727	897	-2799	-8101	7655	-275	200	-114	10258	51290	10258	70739392
-16322	-1801	756	-2725	-7876	7433	-277	205	-111	10259	51295	10259	70739392
-16298	-1771	702	-2725	-7676	7215	-278	203	-112	10260	51300	10260	70739392
-16252	-1774	612	-2533	-7460	7015	-283	193	-115	10261	51305	10261	70739392
-16014	-1683	667	-2330	-7252	6837	-283	192	-114	10262	51310	10262	70739392
-16263	-2161	930	-2209	-7052	6666	-281	189	-111	10263	51315	10263	70739395
-16193	-2429	814	-2314	-6818	6467	-283	187	-113	10264	51320	10264	70739415
-16238	-2506	692	-2483	-6656	6276	-286	184	-118	10265	51325	10265	70739436
-16294	-2360	626	-2617	-6445	6037	-287	182	-115	10266	51330	10266	70739437
-16048	-2021	825	-2613	-6260	5774	-292	176	-104	10267	51335	10267	70739437
-16084	-2124	991	-2393	-6080	5584	-292	174	-105	10268	51340	10268	70739437
-16241	-2423	867	-2170	-5890	5339	-294	168	-110	10269	51345	10269	70739438
-16260	-2788	678	-2153	-5677	5128	-295	168	-111	10270	51350	10270	70739438
-16253	-2724	508	-2352	-5413	4849	-298	170	-116	10271	51355	10271	70739438
-16151	-2449	328	-2286	-5149	4541	-299	170	-115	10272	51360	10272	70739439
-16146	-2289	466	-1956	-4925	4264	-300	170	-114	10273	51365	10273	70739448
-16124	-2296	609	-1593	-4688	4017	-299	166	-115	10274	51370	10274	70739461
-16096	-2472	549	-1318	-4463	3779	-297	161	-117	10275	51375	10275	70739461
-15996	-2486	552	-1235	-4225	3510	-298	160	-119	10276	51380	10276	70739461
-15948	-2517	647	-1217	-4013	3255	-300	158	-122	10277	51385	10277	70739461
-15969	-2654	668	-1164	-3837	3012	-301	157	-122	10278	51390	10278	70739461
-15994	-2775	563	-1100	-3606	2740	-307	151	-121	10279	51395	10279	70739461
-15761	-2742	560	-1024	-3353	2387	-307	151	-121	10280	51400	10280	70739461
-15791	-2582	644	-894	-3175	2065	-308	150	-122	10281	51405	10281	70739477
-15878	-2451	648	-645	-2985	1770	-307	149	-124	10282	51410	10282	70739500
-15988	-2404	759	-310	-2766	1528	-305	147	-127	10283	51415	10283	70739500
-16060	-2458	872	-5	-2540	1302	-305	148	-126	10284	51420	10284	70739501
-16083	-2502	980	206	-2337	1063	-306	150	-124	10285	51425	10285	70739501
-16165	-2518	1157	312	-2125	837	-305	148	-128	10286	51430	10286	70739501
-16089	-2573	1167	427	-1922	583	-304	144	-134	10287	51435	10287	70739502
-16174	-2623	913	548	-1693	290	-304	143	-132	10288	51440	10288	70739522
-16264	-2521	729	609	-1454	33	-304	142	-130	10289	51445	10289	70739567
-16345	-2342	752	687	-1229	-171	-306	142	-134	10290	51450	10290	70739591
-16341	-2241	832	840	-979	-371	-308	142	-140	10291	51455	10291	70739591
-16389	-2295	853	1051	-751	-540	-305	142	-138	10292	51460	10292	70739592
-16432	-2385	791	1251	-554	-702	-301	143	-135	10293	51465	10293	70739592
-16308	-2356	797	1380	-359	-887	-302	142	-138	10294	51470	10294	70739592
-16370	-2263	917	1523	-173	-1097	-304	140	-142	10295	51475	10295	70739593
-16498	-2163	1114	1784	-6	-1333	-306	141	-145	10296	51480	10296	70739613
-16472	-2165	1249	2037	156	-1545	-307	141	-147	10297	51485	10297	70739634
-16490	-2316	1172	2246	308	-1735	-305	145	-146	10298	51490	10298	70739634
-16498	-2394	1110	2465	464	-1952	-303	147	-145	10299	51495	10299	70739634
-16555	-2368	1190	2632	594	-2174	-298	145	-146	10300	51500	10300	70739635
-16590	-2329	1336	2728	694	-2367	-294	144	-146	10301	51505	10301	70739635
-16628	-2395	1339	2785	787	-2535	-295	142	-151	10302	51510	10302	70739636
-16648	-2485	1188	2768	893	-2710	-296	140	-156	10303	51515	10303	70739636
-16687	-2449	1043	2625	1020	-2893	-298	141	-156	10304	51520	10304	70739636
-16829	-2277	987	2485	1157	-3069	-302	142	-156	10305	51525	10305	70739636
-16774	-2274	951	2456	1305	-3224	-300	143	-155	10306	51530	10306	70739637
-16778	-2368	800	2468	1451	-3372	-299	143	-155	10307	51535	10307	70739637
-16840	-2348	642	2423	1600	-3508	-296	141	-159	10308	51540	10308	70739637
-16396	-3014	2314	2287	1708	-3638	-294	140	-162	10309	51545	10309	70739641
-16420	-4664	3254	2562	1545	-4322	-296	142	-164	10310	51550	10310	70739647
-17350	-4540	1319	2265	1358	-5015	-298	144	-166	10311	51555	10311	70739649
-17888	-2428	-597	729	1564	-5020	-294	146	-167	10312	51560	10312	70739650
-17573	-168	-735	-323	2010	-4606	-292	148	-168	10313	51565	10313	70739661
-16779	-806	-244	768	2267	-4297	-293	144	-166	10314	51570	10314	70739672
-16430	-2450	-722	1917	2383	-4293	-293	143	-165	10315	51575	10315	70739675
-16468	-3957	-1558	2221	2561	-4480	-294	145	-167	10316	51580	10316	70739675
-16631	-4116	-2024	1463	2804	-4825	-295	147	-169	10317	51585	10317	70739675
-16683	-2863	-1676	455	3060	-5131	-293	151	-169	10318	51590	10318	70739675
-16402	-1952	-578	155	3298	-5203	-291	153	-169	10319	51595	10319	70739675
-16317	-2169	851	429	3409	-5165	-293	154	-173	10320	51600	10320	70739675
-16628	-2630	1935	574	3363	-5217	-294	154	-176	10321	51605	10321	70739692
-16883	-2755	2577	358	3245	-5330	-293	153	-175	10322	51610	10322	70739710
-17312	-2457	2877	-1	3178	-5449	-293	153	-175	10323	51615	10323	70739712
-17894	-2162	3363	-437	3144	-5487	-293	151	-173	10324	51620	10324	70739712
-18019	-1653	3584	-1085	3094	-5452	-293	151	-173	10325	51625	10325	70739712
-17930	-919	3332	-1966	3067	-5353	-291	156	-175	10326	51630	10326	70739712
-17696	-619	3214	-2740	3088	-5185	-291	157	-175	10327	51635	10327	70739712
-17662	-293	3257	-3511	3117	-5026	-294	159	-176	10328	51640	10328	70739713
-17823	141	3171	-4194	3103	-4903	-296	160	-176	10329	51645	10329	70739713
-17409	242	2732	-4749	3008	-4676	-298	159	-178	10330	51650	10330	70739736
-17022	470	2659	-5175	2900	-4578	-299	159	-179	10331	51655	10331	70739758
-16622	675	2768	-5087	2675	-4491	-299	159	-171	10332	51660	10332	70739762
-16938	51	2850	-4786	2398	-4269	-299	159	-169	10333	51665	10333	70739762
-16654	-200	3115	-4822	2108	-4003	-296	165	-172	10334	51670	10334	70739762
-16667	-248	3293	-4792	1765	-3746	-295	167	-173	10335	51675	10335	70739763
-16460	-270	3304	-4714	1444	-3462	-296	163	-171	10336	51680	10336	70739763
-16519	-349	2940	-4432	1000	-3269	-296	162	-170	10337	51685	10337	70739768
-17040	-528	2520	-4090	740	-3190	-299	175	-171	10338	51690	10338	70739800
-16638	-236	2368	-4005	756	-3092	-299	175	-171	10339	51695	10339	70739800
-17080	-604	1923	-3613	638	-3084	-302	171	-167	10340	51700	10340	70739800
-17330	-1464	1415	-3308	710	-3236	-302	170	-166	10341	51705	10341	70739800
-19312	-1830	-1495	-2805	1172	-3897	-300	172	-169	10342	51710	10342	70739800
-22428	1824	-3498	-4050	2136	-3700	-300	172	-170	10343	51715	10343	70739800
-20974	3444	-102	-4997	3060	-3190	-296	171	-164	10344	51720	10344	70739800
-19846	5098	1282	-5059	2665	-2941	-295	171	-163	10345	51725	10345	70739800
-21534	3599	-226	-4246	2243	-2053	-304	177	-164	10346	51730	10346	70739822
-20364	800	-1178	-3836	2260	-1178	-306	178	-164	10347	51735	10347	70739840
-19368	-1088	-1284	-4339	1977	-1060	-303	171	-163	10348	51740	10348	70739840
-18876	-1656	-828	-4838	1942	-1262	-303	171	-163	10349	51745	10349	70739840
-18316	-1824	-712	-5121	1619	-1502	-302	176	-164	10350	51750	10350	70739840
-17936	-1034	208	-5550	1549	-1878	-302	176	-164	10351	51755	10351	70739841
-17644	-574	680	-5424	1440	-2253	-307	171	-163	10352	51760	10352	70739841
-17689	-209	1148	-4964	1417	-2484	-307	171	-163	10353	51765	10353	70739841
-17463	154	1346	-4166	1446	-2704	-302	173	-161	10354	51770	10354	70739841
-16942	298	1498	-2943	1424	-2814	-301	173	-161	10355	51775	10355	70739850
-16638	126	1520	-1952	1423	-2867	-304	172	-158	10356	51780	10356	70739879
-16484	-376	1632	-976	1429	-2849	-304	172	-158	10357	51785	10357	70739880
-16228	-1234	1596	-168	1453	-2807	-304	176	-160	10358	51790	10358	70739880
-16054	-2026	1720	197	1483	-2709	-304	176	-160	10359	51795	10359	70739880
-15998	-2438	1604	222	1506	-2649	-308	170	-162	10360	51800	10360	70739880
-15880	-2744	1694	88	1454	-2615	-308	170	-162	10361	51805	10361	70739880
-16008	-2920	1598	-75	1384	-2556	-303	173	-165	10362	51810	10362	70739890
-16156	-3068	1410	-299	1298	-2486	-303	173	-165	10363	51815	10363	70739922
-16238	-2796	1359	-680	1221	-2399	-295	169	-165	10364	51820	10364	70739922
-16315	-2503	1309	-979	1119	-2307	-297	171	-164	10365	51825	10365	70739922
-16388	-2348	1204	-1143	1031	-2240	-304	178	-160	10366	51830	10366	70739922
-16374	-2260	1074	-1321	880	-2192	-304	178	-160	10367	51835	10367	70739922
-16456	-1872	1216	-1509	778	-2170	-309	177	-161	10368	51840	10368	70739922
-16586	-1826	1214	-1606	680	-2130	-309	177	-161	10369	51845	10369	70739922
-16528	-1716	1346	-1780	592	-2094	-303	179	-159	10370	51850	10370	70739933
-16640	-1456	1374	-1960	508	-2040	-303	179	-159	10371	51855	10371	70739964
-16594	-1318	1496	-1996	420	-1951	-309	175	-159	10372	51860	10372	70739965
-16538	-1546	1397	-1937	378	-1876	-308	175	-159	10373	51865	10373	70739965
-16601	-1739	1294	-1921	340	-1824	-305	175	-159	10374	51870	10374	70739966
-16644	-1748	1308	-1944	302	-1835	-305	175	-160	10375	51875	10375	70739966
-16704	-1655	1403	-1918	243	-1846	-303	177	-163	10376	51880	10376	70739967
-16738	-1572	1388	-1815	203	-1844	-303	177	-162	10377	51885	10377	70739967
-16878	-1574	1286	-1647	184	-1817	-304	176	-158	10378	51890	10378	70739967
-16808	-1684	1204	-1443	154	-1793	-304	176	-158	10379	51895	10379	70739968
-16882	-1849	1214	-1259	89	-1779	-304	172	-158	10380	51900	10380	70739990
-16931	-1870	1185	-1214	26	-1759	-305	174	-158	10381	51905	10381	70739997
-16773	-1732	1188	-1227	-27	-1741	-309	181	-157	10382	51910	10382	70739997
-16769	-1644	1129	-1237	-97	-1705	-308	181	-156	10383	51915	10383	70739997
-16777	-1568	1066	-1229	-153	-1657	-305	179	-151	10384	51920	10384	70739997
-16831	-1566	1130	-1200	-207	-1604	-305	179	-152	10385	51925	10385	70739997
-16866	-1628	1162	-1161	-269	-1545	-306	180	-158	10386	51930	10386	70739999
-16808	-1654	1062	-1138	-339	-1516	-306	180	-157	10387	51935	10387	70740012
-16723	-1780	1086	-1131	-410	-1466	-306	182	-154	10388	51940	10388	70740034
-16671	-1816	1124	-1158	-478	-1427	-308	183	-154	10389	51945	10389	70740035
-16679	-1788	1200	-1155	-535	-1392	-310	184	-154	10390	51950	10390	70740035
-16700	-1744	1251	-1118	-583	-1355	-310	184	-154	10391	51955	10391	70740035
-16591	-1711	1329	-1062	-636	-1330	-308	182	-154	10392	51960	10392	70740035
-16631	-1668	1367	-985	-668	-1308	-308	182	-154	10393	51965	10393	70740035
-16647	-1754	1479	-874	-689	-1263	-308	180	-154	10394	51970	10394	70740044
-16637	-1830	1519	-762	-678	-1232	-308	180	-154	10395	51975	10395	70740081
-16513	-1903	1637	-649	-674	-1204	-306	182	-156	10396	51980	10396	70740081
-16514	-1922	1764	-585	-662	-1203	-307	178	-158	10397	51985	10397	70740081
-16574	-1883	1873	-542	-644	-1191	-309	173	-161	10398	51990	10398	70740082
-16565	-1874	1898	-483	-609	-1170	-308	175	-159	10399	51995	10399	70740082
-16498	-1854	1810	-399	-558	-1156	-307	177	-155	10400	52000	10400	70740082
-16515	-1830	1790	-328	-515	-1158	-308	179	-152	10401	52005	10401	70740087
-16560	-1790	1705	-268	-481	-1169	-310	182	-148	10402	52010	10402	70740105
-16615	-1744	1712	-245	-459	-1174	-309	182	-151	10403	52015	10403	70740121
-16640	-1712	1731	-215	-447	-1173	-306	182	-156	10404	52020	10404	70740121
-16609	-1709	1618	-166	-418	-1155	-305	182	-155	10405	52025	10405	70740121
-16574	-1762	1563	-136	-396	-1152	-304	182	-154	10406	52030	10406	70740121
-16617	-1848	1474	-127	-378	-1160	-303	181	-151	10407	52035	10407	70740121
