-16457	1216	3948	337	-495	21	-20	174	118	12611	63055	12611	70751147
-16439	1236	3964	350	-487	21	-22	172	121	12612	63060	12612	70751161
-16490	1229	3952	349	-486	13	-23	171	123	12613	63065	12613	70751169
-16510	1223	3870	338	-483	13	-24	172	118	12614	63070	12614	70751170
-16499	1241	3960	336	-471	17	-25	173	115	12615	63075	12615	70751170
-16528	1254	3991	338	-468	11	-27	172	119	12616	63080	12616	70751170
-16489	1217	3994	352	-467	6	-29	171	121	12617	63085	12617	70751170
-16470	1160	4030	367	-464	2	-23	175	120	12618	63090	12618	70751170
-16430	1216	4004	369	-467	6	-22	176	120	12619	63095	12619	70751200
-16442	1218	3969	371	-468	7	-21	170	122	12620	63100	12620	70751208
-16438	1203	4021	376	-465	9	-21	169	123	12621	63105	12621	70751208
-16436	1192	3991	379	-462	0	-30	171	124	12622	63110	12622	70751208
-16412	1203	3985	374	-455	-6	-32	172	124	12623	63115	12623	70751208
-16446	1246	4016	372	-459	-10	-26	174	119	12624	63120	12624	70751208
-16494	1290	4022	363	-463	-6	-24	174	118	12625	63125	12625	70751208
-16500	1330	4102	369	-464	-5	-26	172	118	12626	63130	12626	70751225
-16468	1238	4002	378	-470	-4	-26	172	118	12627	63135	12627	70751255
-16588	1194	4060	379	-455	6	-29	171	117	12628	63140	12628	70751255
-16536	1280	3982	382	-455	-2	-29	171	117	12629	63145	12629	70751255
-16516	1246	3990	391	-469	-4	-30	174	120	12630	63150	12630	70751255
-16460	1264	3996	380	-469	6	-30	174	120	12631	63155	12631	70751256
-16448	1228	3950	378	-463	-2	-24	172	118	12632	63160	12632	70751256
-16470	1196	3986	374	-457	1	-24	172	118	12633	63165	12633	70751256
-16426	1273	4037	368	-478	3	-26	168	120	12634	63170	12634	70751269
-16452	1281	4108	346	-488	4	-27	169	120	12635	63175	12635	70751291
-16470	1239	4050	327	-488	6	-31	171	121	12636	63180	12636	70751291
-16492	1254	4014	325	-474	3	-31	172	121	12637	63185	12637	70751291
-16440	1279	4018	331	-456	-4	-29	175	123	12638	63190	12638	70751291
-16492	1312	3943	346	-461	2	-28	175	122	12639	63195	12639	70751291
-16516	1254	3992	348	-474	4	-23	173	119	12640	63200	12640	70751291
-16545	1227	4052	325	-487	13	-23	173	119	12641	63205	12641	70751291
-16558	1254	3946	298	-483	19	-21	171	117	12642	63210	12642	70751291
-16584	1257	3902	291	-460	10	-23	170	119	12643	63215	12643	70751296
-16577	1232	3904	300	-428	5	-26	168	122	12644	63220	12644	70751314
-16549	1282	3898	317	-408	3	-26	169	119	12645	63225	12645	70751330
-16544	1326	3894	322	-399	4	-26	170	114	12646	63230	12646	70751331
-16569	1289	3915	321	-398	12	-25	170	116	12647	63235	12647	70751331
-16543	1261	3966	315	-390	22	-23	171	119	12648	63240	12648	70751331
-16566	1267	4009	315	-374	23	-25	170	118	12649	63245	12649	70751331
-16562	1271	3979	317	-365	21	-27	169	117	12650	63250	12650	70751331
-16532	1278	3969	314	-362	20	-25	170	117	12651	63255	12651	70751359
-16510	1254	3932	309	-361	17	-23	171	117	12652	63260	12652	70751378
-16498	1225	3895	295	-367	16	-28	175	115	12653	63265	12653	70751378
-16466	1230	3916	266	-362	12	-32	178	114	12654	63270	12654	70751378
-16438	1254	4010	254	-352	11	-27	173	115	12655	63275	12655	70751378
-16445	1256	4031	258	-342	10	-24	170	116	12656	63280	12656	70751379
-16463	1280	3992	265	-353	3	-25	173	119	12657	63285	12657	70751379
-16433	1307	4076	270	-368	-2	-25	175	121	12658	63290	12658	70751379
-16399	1252	4155	268	-368	0	-25	170	119	12659	63295	12659	70751390
-16388	1248	4105	254	-380	-6	-25	169	119	12660	63300	12660	70751411
-16379	1263	4035	256	-384	-10	-24	172	118	12661	63305	12661	70751416
-16420	1257	4048	258	-394	-19	-24	174	118	12662	63310	12662	70751417
-16402	1244	4061	256	-408	-30	-26	174	118	12663	63315	12663	70751417
-16386	1241	4099	235	-429	-36	-28	174	118	12664	63320	12664	70751417
-16396	1235	4062	212	-446	-40	-28	173	118	12665	63325	12665	70751418
-16421	1177	4009	184	-459	-54	-28	172	118	12666	63330	12666	70751418
-16426	1163	4003	156	-473	-58	-26	173	119	12667	63335	12667	70751418
-16393	1212	3935	133	-490	-63	-25	173	119	12668	63340	12668	70751418
-16384	1248	3894	115	-497	-70	-26	169	113	12669	63345	12669	70751445
-16435	1280	3898	94	-512	-76	-26	168	112	12670	63350	12670	70751452
-16427	1358	3937	58	-508	-79	-28	173	117	12671	63355	12671	70751452
-16451	1432	3940	31	-512	-86	-28	174	118	12672	63360	12672	70751452
-16426	1494	3952	13	-535	-86	-22	173	117	12673	63365	12673	70751452
-16434	1533	3948	-1	-546	-80	-21	173	117	12674	63370	12674	70751452
-16430	1478	4064	3	-565	-75	-27	171	121	12675	63375	12675	70751452
-16388	1440	4006	1	-588	-76	-27	171	121	12676	63380	12676	70751462
-16410	1400	4012	15	-625	-80	-28	178	118	12677	63385	12677	70751492
-16364	1224	3884	20	-635	-82	-28	178	118	12678	63390	12678	70751492
-16382	1174	3804	-7	-656	-91	-31	167	119	12679	63395	12679	70751492
-16334	1138	3872	-83	-674	-118	-31	167	119	12680	63400	12680	70751492
-16272	1180	3784	-147	-696	-128	-25	173	115	12681	63405	12681	70751492
-16244	1198	3698	-193	-739	-139	-25	173	115	12682	63410	12682	70751492
-16300	1132	3834	-254	-764	-161	-23	175	117	12683	63415	12683	70751492
-16307	1256	3675	-337	-775	-190	-22	175	118	12684	63420	12684	70751530
-16308	1378	3716	-384	-766	-203	-19	177	121	12685	63425	12685	70751532
-16340	1461	3777	-388	-776	-221	-21	175	119	12686	63430	12686	70751533
-16369	1463	3784	-368	-799	-241	-30	166	112	12687	63435	12687	70751534
-16334	1475	3747	-377	-796	-272	-29	168	114	12688	63440	12688	70751535
-16363	1542	3677	-401	-799	-292	-27	175	121	12689	63445	12689	70751535
-16347	1590	3749	-397	-809	-302	-26	174	121	12690	63450	12690	70751535
-16343	1679	3848	-370	-833	-323	-21	171	119	12691	63455	12691	70751543
-16320	1770	3897	-332	-875	-342	-24	172	121	12692	63460	12692	70751562
-16426	1876	3928	-296	-915	-362	-29	173	123	12693	63465	12693	70751562
-16485	2058	4019	-254	-919	-385	-27	172	122	12694	63470	12694	70751562
-16547	2224	4070	-165	-894	-414	-25	171	121	12695	63475	12695	70751562
-16637	2384	4005	-44	-858	-447	-25	171	121	12696	63480	12696	70751562
-16684	2548	4049	107	-834	-477	-24	172	120	12697	63485	12697	70751562
-16722	2689	4078	284	-817	-502	-24	175	120	12698	63490	12698	70751562
-16746	2828	3973	464	-789	-511	-23	179	119	12699	63495	12699	70751577
-16787	2969	3802	669	-755	-498	-26	177	117	12700	63500	12700	70751600
-16772	2962	3568	887	-716	-476	-28	174	114	12701	63505	12701	70751600
-16762	2922	3474	1063	-678	-437	-28	175	114	12702	63510	12702	70751600
-16854	2957	3428	1211	-658	-386	-28	176	114	12703	63515	12703	70751600
-16878	2886	3307	1362	-660	-328	-27	175	118	12704	63520	12704	70751601
-16848	2693	3200	1514	-659	-269	-26	174	120	12705	63525	12705	70751601
-16814	2471	3160	1614	-666	-213	-22	173	119	12706	63530	12706	70751608
-16826	2266	3128	1661	-661	-153	-19	173	119	12707	63535	12707	70751624
-16884	1990	3088	1718	-635	-118	-24	173	124	12708	63540	12708	70751632
-16886	1790	2992	1761	-599	-103	-25	173	125	12709	63545	12709	70751633
-16881	1558	2986	1774	-537	-94	-30	173	122	12710	63550	12710	70751633
-16904	1330	2969	1787	-455	-109	-31	173	121	12711	63555	12711	70751633
-16920	1177	2996	1787	-364	-111	-23	168	124	12712	63560	12712	70751633
-16873	1070	3005	1761	-293	-120	-21	167	125	12713	63565	12713	70751638
-16874	971	2996	1710	-216	-136	-24	172	122	12714	63570	12714	70751657
-16852	985	3031	1643	-143	-153	-26	176	120	12715	63575	12715	70751669
-16852	1030	3148	1584	-65	-164	-26	172	119	12716	63580	12716	70751669
-16893	952	3205	1541	21	-172	-26	170	118	12717	63585	12717	70751669
-16922	954	3273	1524	80	-188	-28	174	120	12718	63590	12718	70751669
-16949	976	3234	1515	127	-194	-29	175	121	12719	63595	12719	70751675
-16901	1106	3356	1512	179	-203	-29	169	121	12720	63600	12720	70751701
-16952	1165	3217	1517	248	-205	-29	167	121	12721	63605	12721	70751707
-16947	1226	3244	1520	326	-205	-24	173	118	12722	63610	12722	70751707
-16902	1280	3339	1497	377	-195	-23	175	117	12723	63615	12723	70751707
-16860	1343	3331	1460	411	-173	-25	174	116	12724	63620	12724	70751707
-16828	1508	3288	1374	438	-144	-26	174	116	12725	63625	12725	70751707
-16776	1440	3406	1311	479	-112	-21	169	117	12726	63630	12726	70751707
-16746	1350	3432	1296	537	-77	-21	169	117	12727	63635	12727	70751744
-16580	1320	3570	1318	543	-27	-25	179	113	12728	63640	12728	70751744
-16524	1322	3452	1287	565	10	-25	179	113	12729	63645	12729	70751744
-16462	1246	3480	1242	552	41	-24	170	120	12730	63650	12730	70751745
-16342	1206	3654	1158	524	80	-24	170	120	12731	63655	12731	70751745
-16290	1142	3690	1072	476	114	-29	171	111	12732	63660	12732	70751745
-16258	1160	3574	1000	444	147	-29	171	111	12733	63665	12733	70751745
-16321	1193	3658	929	426	139	-26	170	114	12734	63670	12734	70751758
-16338	1264	3635	891	401	138	-27	170	114	12735	63675	12735	70751782
-16385	1212	3710	863	380	130	-29	169	113	12736	63680	12736	70751782
-16334	1214	3823	818	354	112	-29	168	113	12737	63685	12737	70751783
-16302	1265	3738	765	337	93	-28	166	114	12738	63690	12738	70751783
-16294	1185	3684	742	317	75	-28	167	114	12739	63695	12739	70751783
-16207	1203	3700	733	278	47	-28	172	114	12740	63700	12740	70751783
-16142	1225	3654	736	222	20	-27	172	114	12741	63705	12741	70751789
-16153	1285	3637	760	157	-18	-23	173	115	12742	63710	12742	70751809
-16144	1407	3575	766	120	-63	-22	171	114	12743	63715	12743	70751819
-16123	1532	3674	778	93	-105	-20	168	112	12744	63720	12744	70751819
-16158	1660	3676	811	58	-146	-20	170	114	12745	63725	12745	70751819
-16182	1766	3631	879	36	-198	-20	172	116	12746	63730	12746	70751820
-16160	1828	3646	980	9	-244	-24	172	116	12747	63735	12747	70751820
-16112	1878	3623	1107	-40	-289	-29	173	115	12748	63740	12748	70751820
-16074	2026	3694	1228	-93	-343	-26	173	115	12749	63745	12749	70751837
-16066	2142	3735	1376	-140	-389	-22	172	114	12750	63750	12750	70751864
-16062	2252	3744	1552	-198	-429	-23	170	113	12751	63755	12751	70751864
-16071	2326	3769	1681	-268	-467	-23	169	113	12752	63760	12752	70751864
-16057	2427	3835	1794	-331	-501	-25	173	112	12753	63765	12753	70751865
-16049	2459	3918	1927	-378	-531	-26	176	112	12754	63770	12754	70751865
-15996	2499	3889	2094	-436	-557	-27	175	114	12755	63775	12755	70751865
-16028	2522	3904	2300	-503	-577	-27	175	115	12756	63780	12756	70751865
-16078	2415	3949	2515	-585	-586	-27	175	114	12757	63785	12757	70751882
-16165	2265	3937	2729	-679	-589	-27	175	113	12758	63790	12758	70751894
-16166	2274	3959	2924	-763	-593	-25	173	107	12759	63795	12759	70751894
-16146	2169	3942	3098	-846	-593	-24	172	106	12760	63800	12760	70751895
-16126	2103	3944	3223	-926	-591	-26	170	112	12761	63805	12761	70751895
-16106	2030	3912	3323	-1008	-594	-26	170	114	12762	63810	12762	70751895
-16096	1904	3930	3404	-1082	-598	-29	172	114	12763	63815	12763	70751895
-16160	1886	3910	3446	-1156	-609	-30	172	114	12764	63820	12764	70751901
-16189	1720	3829	3494	-1212	-623	-32	175	112	12765	63825	12765	70751928
-16259	1686	3789	3522	-1245	-651	-32	176	112	12766	63830	12766	70751934
-16337	1624	3787	3554	-1259	-691	-28	172	114	12767	63835	12767	70751934
-16347	1544	3748	3612	-1269	-731	-26	170	114	12768	63840	12768	70751935
-16365	1468	3628	3662	-1280	-759	-25	172	115	12769	63845	12769	70751935
-16431	1431	3526	3690	-1297	-801	-25	173	115	12770	63850	12770	70751935
-16481	1426	3593	3702	-1311	-837	-29	177	116	12771	63855	12771	70751941
-16501	1408	3512	3678	-1311	-873	-30	178	116	12772	63860	12772	70751966
-16493	1447	3556	3657	-1304	-918	-32	171	114	12773	63865	12773	70751972
-16487	1488	3486	3618	-1292	-945	-33	169	113	12774	63870	12774	70751973
-16472	1524	3672	3549	-1281	-978	-30	170	114	12775	63875	12775	70751973
-16406	1544	3724	3509	-1284	-1007	-30	170	114	12776	63880	12776	70751973
-16394	1586	3914	3469	-1285	-1029	-29	169	111	12777	63885	12777	70751974
-16376	1610	3936	3422	-1309	-1057	-29	169	111	12778	63890	12778	70751974
-16370	1628	4040	3418	-1318	-1086	-27	175	115	12779	63895	12779	70751986
-16378	1548	4106	3437	-1336	-1113	-27	175	115	12780	63900	12780	70752008
-16438	1542	4206	3470	-1328	-1157	-27	169	109	12781	63905	12781	70752008
-16526	1614	4068	3536	-1349	-1171	-27	169	109	12782	63910	12782	70752008
-16566	1612	4098	3577	-1346	-1215	-25	165	117	12783	63915	12783	70752008
-16614	1679	4054	3594	-1337	-1238	-26	167	116	12784	63920	12784	70752008
-16612	1624	3997	3587	-1318	-1257	-28	174	114	12785	63925	12785	70752008
-16595	1642	4008	3565	-1314	-1274	-29	173	113	12786	63930	12786	70752010
-16589	1616	3925	3565	-1290	-1288	-32	170	110	12787	63935	12787	70752020
-16618	1621	3850	3598	-1268	-1310	-31	171	109	12788	63940	12788	70752037
-16628	1581	3836	3648	-1245	-1335	-27	173	107	12789	63945	12789	70752037
-16619	1565	3774	3704	-1209	-1354	-29	171	107	12790	63950	12790	70752037
-16581	1590	3770	3751	-1165	-1390	-35	163	109	12791	63955	12791	70752037
-16541	1572	3872	3775	-1138	-1425	-32	165	109	12792	63960	12792	70752037
-16484	1586	3908	3797	-1118	-1447	-28	168	110	12793	63965	12793	70752037
-16524	1671	3934	3806	-1106	-1478	-28	168	110	12794	63970	12794	70752058
-16545	1657	4031	3806	-1096	-1511	-27	169	111	12795	63975	12795	70752089
-16582	1717	4088	3808	-1076	-1545	-29	171	112	12796	63980	12796	70752090
-16605	1817	4158	3825	-1049	-1580	-32	174	114	12797	63985	12797	70752090
-16650	1869	4117	3870	-1027	-1605	-32	172	112	12798	63990	12798	70752090
-16664	1860	4090	3942	-1003	-1614	-32	168	108	12799	63995	12799	70752090
-16629	1844	4104	4009	-988	-1618	-31	170	107	12800	64000	12800	70752096
-16619	1855	4084	4049	-979	-1620	-29	171	105	12801	64005	12801	70752130
-16611	1796	3954	4074	-982	-1624	-27	171	107	12802	64010	12802	70752150
-16622	1867	3921	4064	-988	-1623	-25	171	109	12803	64015	12803	70752150
-16631	1891	3878	4060	-989	-1624	-24	170	108	12804	64020	12804	70752150
-16643	1824	3804	4078	-974	-1633	-25	170	109	12805	64025	12805	70752150
-16664	1768	3744	4100	-948	-1645	-27	170	111	12806	64030	12806	70752150
-16670	1667	3692	4104	-915	-1677	-28	170	112	12807	64035	12807	70752150
-16650	1623	3803	4074	-853	-1712	-25	172	111	12808	64040	12808	70752158
-16607	1615	3830	4076	-803	-1751	-24	172	110	12809	64045	12809	70752188
-16577	1553	3892	4089	-769	-1781	-30	169	107	12810	64050	12810	70752196
-16559	1453	3916	4078	-740	-1809	-32	168	106	12811	64055	12811	70752196
-16561	1459	3988	4026	-712	-1836	-29	168	111	12812	64060	12812	70752196
-16524	1434	4062	3967	-690	-1860	-28	168	112	12813	64065	12813	70752196
-16428	1364	4028	3905	-666	-1887	-30	167	106	12814	64070	12814	70752196
-16433	1252	4038	3851	-655	-1917	-31	167	105	12815	64075	12815	70752197
-16448	1289	3886	3817	-638	-1949	-28	165	105	12816	64080	12816	70752197
-16488	1284	4018	3815	-605	-1999	-27	165	105	12817	64085	12817	70752197
-16470	1258	4002	3796	-567	-2047	-24	174	104	12818	64090	12818	70752197
-16488	1258	3978	3780	-523	-2100	-24	174	104	12819	64095	12819	70752224
-16418	1255	4033	3767	-497	-2133	-26	171	107	12820	64100	12820	70752224
-16340	1316	3991	3726	-493	-2172	-26	170	108	12821	64105	12821	70752224
-16247	1343	4063	3684	-519	-2189	-27	168	101	12822	64110	12822	70752224
-16180	1357	4081	3622	-549	-2198	-27	167	99	12823	64115	12823	70752224
-16133	1469	4157	3518	-597	-2202	-31	169	100	12824	64120	12824	70752224
-16212	1584	4354	3430	-697	-2195	-32	170	100	12825	64125	12825	70752224
-16242	1590	4306	3434	-764	-2201	-28	170	108	12826	64130	12826	70752224
-16212	1618	4532	3414	-833	-2228	-28	170	108	12827	64135	12827	70752224
-16238	1598	4620	3394	-874	-2230	-26	170	110	12828	64140	12828	70752224
-16246	1556	4662	3389	-916	-2246	-26	170	110	12829	64145	12829	70752224
-16308	1554	4760	3447	-941	-2251	-29	173	105	12830	64150	12830	70752224
-16312	1512	4742	3548	-971	-2248	-29	173	105	12831	64155	12831	70752261
-16408	1354	4778	3629	-993	-2258	-26	168	110	12832	64160	12832	70752261
-16418	1180	4678	3699	-1007	-2249	-26	168	110	12833	64165	12833	70752261
-16399	1110	4754	3787	-1027	-2255	-32	164	104	12834	64170	12834	70752261
-16386	1042	4726	3887	-1038	-2251	-32	165	105	12835	64175	12835	70752261
-16350	910	4822	3957	-1064	-2242	-32	168	108	12836	64180	12836	70752261
-16329	769	4730	4013	-1104	-2229	-31	168	107	12837	64185	12837	70752264
-16241	636	4635	4027	-1155	-2212	-26	166	102	12838	64190	12838	70752277
-16341	586	4540	4002	-1197	-2201	-26	166	102	12839	64195	12839	70752298
-16428	483	4527	3984	-1223	-2201	-26	168	104	12840	64200	12840	70752298
-16507	331	4496	3995	-1202	-2210	-27	167	105	12841	64205	12841	70752298
-16541	294	4442	3951	-1146	-2235	-28	164	106	12842	64210	12842	70752299
-16603	320	4383	3924	-1058	-2256	-28	167	104	12843	64215	12843	70752299
-16682	232	4378	3916	-965	-2268	-29	171	101	12844	64220	12844	70752299
-16747	141	4384	3833	-872	-2278	-26	170	101	12845	64225	12845	70752331
-16728	234	4435	3682	-773	-2269	-22	168	100	12846	64230	12846	70752379
-16742	365	4483	3541	-672	-2242	-25	170	100	12847	64235	12847	70752379
-16760	385	4518	3432	-595	-2211	-30	172	100	12848	64240	12848	70752379
-16852	366	4504	3312	-535	-2155	-28	168	99	12849	64245	12849	70752379
-16986	316	4610	3157	-445	-2059	-26	162	98	12850	64250	12850	70752379
-17089	293	4702	2982	-327	-1961	-26	167	98	12851	64255	12851	70752379
-17114	256	4742	2834	-221	-1845	-26	170	98	12852	64260	12852	70752387
-17020	138	4753	2713	-129	-1714	-23	168	100	12853	64265	12853	70752408
-16938	-78	4836	2594	-57	-1589	-21	167	101	12854	64270	12854	70752419
-16886	-389	4774	2467	3	-1443	-23	164	102	12855	64275	12855	70752419
-16810	-698	4689	2321	38	-1284	-24	162	102	12856	64280	12856	70752419
-16737	-975	4641	2154	45	-1148	-23	163	100	12857	64285	12857	70752419
-16685	-1305	4435	1951	18	-1019	-23	163	99	12858	64290	12858	70752419
-16582	-1594	4294	1735	-34	-946	-25	165	101	12859	64295	12859	70752419
