-16452	-108	3886	-39	-339	358	-20	174	114	12176	60880	12176	70748986
-16477	-184	3986	91	-362	360	-22	174	114	12177	60885	12177	70748986
-16444	-204	4169	194	-389	359	-22	174	114	12178	60890	12178	70749002
-16410	-156	4149	249	-401	372	-24	170	118	12179	60895	12179	70749006
-16399	-226	4145	260	-407	378	-25	169	119	12180	60900	12180	70749006
-16393	-312	4057	244	-417	397	-26	168	118	12181	60905	12181	70749006
-16354	-346	4010	206	-440	427	-26	168	118	12182	60910	12182	70749006
-16366	-363	3924	120	-500	451	-22	169	117	12183	60915	12183	70749006
-16388	-312	3896	-23	-574	497	-21	169	117	12184	60920	12184	70749006
-16346	-362	3864	-125	-627	532	-24	170	124	12185	60925	12185	70749007
-16398	-318	3950	-226	-650	569	-24	170	124	12186	60930	12186	70749007
-16378	-312	3894	-306	-652	586	-26	172	120	12187	60935	12187	70749007
-16432	-290	3848	-356	-638	606	-26	172	120	12188	60940	12188	70749015
-16432	-264	3968	-377	-622	626	-23	173	117	12189	60945	12189	70749043
-16458	-276	3872	-359	-605	639	-23	173	117	12190	60950	12190	70749044
-16424	-332	3988	-320	-563	651	-26	166	112	12191	60955	12191	70749044
-16486	-390	3941	-258	-560	654	-25	166	112	12192	60960	12192	70749044
-16470	-377	4046	-241	-542	672	-21	167	113	12193	60965	12193	70749044
-16470	-435	4060	-264	-535	683	-20	168	114	12194	60970	12194	70749051
-16470	-504	4031	-317	-507	689	-17	173	119	12195	60975	12195	70749076
-16421	-527	4096	-400	-491	701	-18	171	118	12196	60980	12196	70749086
-16360	-482	4147	-492	-501	710	-20	164	114	12197	60985	12197	70749086
-16421	-496	4134	-599	-532	723	-20	166	115	12198	60990	12198	70749086
-16426	-547	4137	-708	-587	746	-22	172	120	12199	60995	12199	70749086
-16518	-502	4176	-826	-644	774	-22	171	120	12200	61000	12200	70749086
-16498	-518	4152	-937	-673	808	-21	169	119	12201	61005	12201	70749090
-16559	-448	4153	-1016	-670	820	-22	171	119	12202	61010	12202	70749107
-16612	-395	4102	-1089	-650	829	-24	174	120	12203	61015	12203	70749125
-16596	-372	4037	-1162	-622	841	-26	172	120	12204	61020	12204	70749125
-16582	-393	3994	-1220	-580	850	-28	170	120	12205	61025	12205	70749125
-16612	-403	3965	-1250	-540	855	-26	171	119	12206	61030	12206	70749126
-16626	-394	3914	-1259	-507	861	-24	172	118	12207	61035	12207	70749126
-16645	-426	3880	-1292	-479	867	-25	169	119	12208	61040	12208	70749126
-16664	-415	3730	-1375	-451	867	-25	165	119	12209	61045	12209	70749143
-16659	-445	3682	-1486	-402	874	-21	171	120	12210	61050	12210	70749160
-16676	-391	3748	-1644	-342	889	-19	175	121	12211	61055	12211	70749165
-16667	-310	3856	-1825	-290	908	-22	172	120	12212	61060	12212	70749165
-16605	-245	3999	-2013	-258	922	-24	170	120	12213	61065	12213	70749165
-16616	-215	3994	-2185	-247	934	-23	170	119	12214	61070	12214	70749165
-16665	-126	3996	-2320	-243	945	-22	170	118	12215	61075	12215	70749165
-16644	-91	4060	-2402	-254	960	-23	173	117	12216	61080	12216	70749165
-16643	-114	4109	-2443	-273	981	-23	175	117	12217	61085	12217	70749185
-16695	-76	3995	-2444	-273	985	-21	173	117	12218	61090	12218	70749199
-16732	-34	3946	-2420	-239	987	-21	173	117	12219	61095	12219	70749201
-16674	-13	3968	-2348	-175	981	-24	171	115	12220	61100	12220	70749201
-16733	-10	3936	-2245	-85	980	-25	171	115	12221	61105	12221	70749201
-16707	-44	3811	-2138	3	970	-23	172	116	12222	61110	12222	70749201
-16692	4	3815	-2043	42	962	-22	172	116	12223	61115	12223	70749201
-16652	56	3808	-1977	71	955	-20	170	116	12224	61120	12224	70749201
-16688	59	3813	-1940	88	944	-18	168	116	12225	61125	12225	70749201
-16612	96	3826	-1956	80	928	-22	169	117	12226	61130	12226	70749227
-16593	247	3710	-1947	92	903	-23	169	117	12227	61135	12227	70749234
-16540	368	3787	-1925	97	892	-23	174	114	12228	61140	12228	70749234
-16508	459	3915	-1887	95	888	-23	175	113	12229	61145	12229	70749235
-16472	474	3932	-1793	109	870	-15	175	121	12230	61150	12230	70749235
-16445	458	3855	-1645	113	839	-13	175	123	12231	61155	12231	70749235
-16424	564	3772	-1484	135	806	-22	171	121	12232	61160	12232	70749236
-16441	490	3772	-1264	179	781	-24	170	120	12233	61165	12233	70749241
-16410	446	3804	-987	230	733	-24	172	114	12234	61170	12234	70749270
-16394	632	3882	-812	282	675	-24	172	114	12235	61175	12235	70749271
-16346	718	3966	-675	335	625	-25	169	121	12236	61180	12236	70749271
-16296	782	4190	-498	343	576	-25	169	121	12237	61185	12237	70749271
-16256	962	4374	-384	296	534	-24	178	124	12238	61190	12238	70749271
-16242	846	4350	-229	232	519	-24	178	124	12239	61195	12239	70749271
-16288	1116	4442	-165	186	516	-24	170	122	12240	61200	12240	70749301
-16282	1344	4624	-56	172	497	-24	170	122	12241	61205	12241	70749301
-16360	1348	4546	237	129	502	-20	168	116	12242	61210	12242	70749301
-16420	1322	4548	503	71	510	-20	169	116	12243	61215	12243	70749301
-16441	1305	4623	720	38	513	-18	174	116	12244	61220	12244	70749301
-16470	1463	4518	902	-2	513	-19	173	117	12245	61225	12245	70749301
-16527	1360	4637	1109	-39	547	-24	170	120	12246	61230	12246	70749303
-16628	1274	4508	1289	-107	587	-23	171	120	12247	61235	12247	70749316
-16640	1115	4388	1429	-156	637	-21	173	119	12248	61240	12248	70749338
-16657	1103	4452	1576	-185	688	-21	174	117	12249	61245	12249	70749339
-16600	1135	4299	1740	-168	731	-21	177	111	12250	61250	12250	70749339
-16489	921	4166	1991	-147	782	-22	175	112	12251	61255	12251	70749339
-16403	788	4016	2184	-143	805	-23	173	113	12252	61260	12252	70749339
-16371	479	3862	2313	-139	796	-24	172	116	12253	61265	12253	70749350
-16292	263	3833	2352	-121	763	-25	171	121	12254	61270	12254	70749370
-16168	373	3841	2330	-80	706	-23	174	121	12255	61275	12255	70749377
-16160	300	3957	2436	-47	629	-20	178	120	12256	61280	12256	70749377
-16160	190	3974	2624	-36	553	-22	176	120	12257	61285	12257	70749379
-16118	202	3997	2684	-19	461	-24	174	120	12258	61290	12258	70749383
-16101	64	3882	2623	-11	365	-23	170	121	12259	61295	12259	70749383
-16021	28	3849	2446	-2	273	-23	167	121	12260	61300	12260	70749385
-15917	218	4000	2226	16	186	-23	174	122	12261	61305	12261	70749402
-15919	459	4052	2067	-9	118	-23	179	123	12262	61310	12262	70749412
-15998	659	3999	1947	-75	80	-24	174	122	12263	61315	12263	70749412
-16112	850	3942	1741	-140	57	-25	171	121	12264	61320	12264	70749412
-16194	1151	3883	1464	-184	62	-24	175	116	12265	61325	12265	70749412
-16260	1479	3858	1223	-232	115	-23	177	113	12266	61330	12266	70749412
-16287	1708	3768	1058	-308	227	-24	175	120	12267	61335	12267	70749412
-16316	1790	3674	984	-416	348	-24	174	122	12268	61340	12268	70749427
-16385	1820	3632	902	-516	476	-22	177	119	12269	61345	12269	70749452
-16331	1707	3661	753	-592	584	-22	178	118	12270	61350	12270	70749458
-16328	1680	3603	576	-680	680	-26	172	114	12271	61355	12271	70749460
-16412	1608	3554	393	-774	754	-27	171	113	12272	61360	12272	70749461
-16536	1606	3576	247	-839	814	-26	177	115	12273	61365	12273	70749461
-16592	1618	3589	130	-884	859	-26	178	116	12274	61370	12274	70749462
-16772	1550	3614	-8	-905	881	-21	173	123	12275	61375	12275	70749462
-16900	1684	3536	-192	-872	909	-21	173	123	12276	61380	12276	70749484
-16883	1947	3694	-337	-830	910	-24	179	116	12277	61385	12277	70749485
-16930	2162	3665	-444	-815	914	-24	180	114	12278	61390	12278	70749485
-16980	2397	3496	-503	-829	945	-22	174	120	12279	61395	12279	70749485
-17036	2654	3394	-562	-825	985	-21	173	121	12280	61400	12280	70749485
-17082	2824	3292	-609	-815	1037	-21	175	115	12281	61405	12281	70749485
-17053	2868	3184	-604	-791	1086	-21	175	113	12282	61410	12282	70749485
-17023	2990	3194	-570	-763	1138	-23	178	115	12283	61415	12283	70749503
-17020	3006	3104	-497	-732	1200	-23	179	115	12284	61420	12284	70749527
-17014	2890	3150	-410	-662	1242	-23	175	117	12285	61425	12285	70749527
-17022	2694	3248	-318	-580	1289	-23	175	117	12286	61430	12286	70749527
-16918	2482	3424	-196	-500	1331	-23	179	115	12287	61435	12287	70749527
-16842	2138	3472	-92	-437	1361	-23	179	115	12288	61440	12288	70749527
-16832	1876	3562	7	-402	1378	-22	180	122	12289	61445	12289	70749527
-16710	1594	3474	103	-371	1352	-22	180	122	12290	61450	12290	70749527
-16564	1290	3500	167	-304	1296	-19	181	113	12291	61455	12291	70749553
-16279	1060	3523	149	-272	1173	-21	179	114	12292	61460	12292	70749553
-16192	987	3464	134	-291	1053	-27	173	119	12293	61465	12293	70749553
-16232	1025	3474	143	-329	934	-26	173	120	12294	61470	12294	70749553
-16202	1098	3388	144	-363	806	-23	171	123	12295	61475	12295	70749553
-16172	1362	3479	142	-374	682	-23	171	122	12296	61480	12296	70749561
-16109	1486	3466	108	-376	574	-23	173	117	12297	61485	12297	70749591
-16075	1683	3548	66	-388	488	-24	174	116	12298	61490	12298	70749591
-16075	1949	3662	15	-399	422	-26	176	112	12299	61495	12299	70749591
-16178	2180	3747	-6	-422	358	-26	176	114	12300	61500	12300	70749591
-16236	2378	3861	0	-465	315	-26	174	120	12301	61505	12301	70749591
-16157	2480	3996	42	-524	319	-25	176	119	12302	61510	12302	70749591
-16130	2492	4077	107	-612	339	-24	180	118	12303	61515	12303	70749595
-16186	2468	4080	200	-706	370	-24	180	118	12304	61520	12304	70749609
-16175	2389	4030	316	-811	412	-23	179	119	12305	61525	12305	70749622
-16168	2301	3906	418	-911	450	-25	177	119	12306	61530	12306	70749622
-16216	2163	3745	466	-995	482	-27	173	119	12307	61535	12307	70749622
-16291	1987	3695	475	-1051	500	-28	176	122	12308	61540	12308	70749622
-16294	1865	3632	471	-1089	513	-28	178	124	12309	61545	12309	70749622
-16334	1757	3562	469	-1107	511	-27	177	122	12310	61550	12310	70749622
-16381	1690	3492	465	-1105	495	-26	176	120	12311	61555	12311	70749638
-16422	1637	3441	456	-1113	468	-25	177	119	12312	61560	12312	70749661
-16497	1511	3396	428	-1135	435	-24	178	118	12313	61565	12313	70749669
-16554	1396	3362	384	-1148	396	-22	174	116	12314	61570	12314	70749669
-16533	1338	3304	343	-1158	346	-20	172	114	12315	61575	12315	70749669
-16493	1258	3220	314	-1171	301	-22	174	115	12316	61580	12316	70749670
-16478	1256	3149	296	-1202	248	-24	176	116	12317	61585	12317	70749691
-16572	1251	3069	260	-1214	198	-26	174	122	12318	61590	12318	70749737
-16646	1268	3038	230	-1195	131	-27	173	123	12319	61595	12319	70749750
-16695	1368	2984	231	-1164	84	-26	174	121	12320	61600	12320	70749751
-16741	1426	3057	251	-1108	41	-26	174	120	12321	61605	12321	70749751
-16761	1442	3152	261	-1073	12	-26	172	120	12322	61610	12322	70749751
-16823	1476	3156	256	-1049	1	-26	172	120	12323	61615	12323	70749751
-16916	1489	3168	238	-1011	-6	-26	177	118	12324	61620	12324	70749752
-16932	1402	3202	204	-977	7	-26	178	118	12325	61625	12325	70749752
-17028	1434	3202	186	-934	20	-20	174	124	12326	61630	12326	70749752
-16980	1378	3240	212	-863	17	-20	174	124	12327	61635	12327	70749814
-16916	1344	3260	237	-824	51	-24	172	120	12328	61640	12328	70749815
-16908	1158	3318	283	-827	71	-24	172	120	12329	61645	12329	70749815
-16998	1184	3372	344	-842	97	-24	172	116	12330	61650	12330	70749816
-17050	1126	3317	347	-836	116	-24	172	116	12331	61655	12331	70749816
-17060	952	3231	305	-821	146	-24	172	116	12332	61660	12332	70749817
-16926	899	3106	227	-771	169	-24	172	116	12333	61665	12333	70749817
-16728	916	3220	81	-727	196	-21	169	119	12334	61670	12334	70749817
-16624	944	3342	6	-712	202	-21	169	119	12335	61675	12335	70749817
-16602	1040	3488	-29	-693	205	-26	172	118	12336	61680	12336	70749818
-16642	1152	3580	-27	-661	195	-26	172	118	12337	61685	12337	70749818
-16606	1298	3590	-35	-588	188	-22	176	120	12338	61690	12338	70749818
-16636	1280	3650	27	-489	198	-22	176	120	12339	61695	12339	70749859
-16618	1144	3460	55	-403	195	-23	171	119	12340	61700	12340	70749860
-16486	1096	3386	-13	-350	191	-23	171	119	12341	61705	12341	70749860
-16411	1093	3323	-186	-349	200	-26	174	126	12342	61710	12342	70749860
-16381	1168	3309	-370	-401	211	-24	174	125	12343	61715	12343	70749860
-16381	1281	3356	-467	-464	236	-17	173	121	12344	61720	12344	70749861
-16378	1364	3574	-505	-488	251	-18	172	120	12345	61725	12345	70749861
-16289	1383	3593	-508	-497	268	-24	170	116	12346	61730	12346	70749861
-16322	1318	3555	-521	-504	270	-24	171	117	12347	61735	12347	70749862
-16296	1208	3618	-579	-506	270	-25	173	119	12348	61740	12348	70749862
-16206	1073	3646	-640	-497	254	-25	174	119	12349	61745	12349	70749862
-16154	974	3726	-684	-471	221	-24	176	120	12350	61750	12350	70749862
-16143	813	3742	-699	-481	175	-22	176	122	12351	61755	12351	70749862
-16178	817	3710	-746	-472	104	-20	176	124	12352	61760	12352	70749863
-16239	1039	3720	-828	-422	23	-20	177	123	12353	61765	12353	70749863
-16392	1408	3806	-904	-371	-44	-20	178	122	12354	61770	12354	70749863
-16750	1945	4095	-928	-348	-78	-22	176	123	12355	61775	12355	70749876
-17181	2464	4594	-900	-327	-74	-25	173	125	12356	61780	12356	70749895
-17524	2928	5086	-826	-257	-34	-23	173	123	12357	61785	12357	70749895
-17709	3257	5731	-675	-96	73	-21	173	121	12358	61790	12358	70749895
-17578	3092	6290	-358	112	256	-22	175	121	12359	61795	12359	70749895
-17300	2598	6544	120	224	501	-23	177	121	12360	61800	12360	70749895
-17037	1990	6580	688	226	778	-22	176	123	12361	61805	12361	70749895
-16832	1541	6406	1202	121	1034	-22	176	124	12362	61810	12362	70749895
-16656	1283	6194	1603	-37	1239	-22	172	123	12363	61815	12363	70749912
-16534	1244	6014	1907	-173	1368	-22	170	122	12364	61820	12364	70749925
-16325	1381	5948	2110	-229	1432	-27	171	124	12365	61825	12365	70749927
-16149	1462	5796	2283	-218	1449	-30	172	126	12366	61830	12366	70749927
-15942	1558	5489	2422	-163	1386	-28	176	121	12367	61835	12367	70749927
-15798	1415	5358	2527	-126	1303	-27	177	119	12368	61840	12368	70749927
-15742	1143	5036	2549	-126	1191	-24	172	119	12369	61845	12369	70749928
-15731	977	4790	2303	-112	1046	-23	171	119	12370	61850	12370	70749929
-15628	718	4585	1984	-86	891	-23	173	116	12371	61855	12371	70749979
-15418	818	4512	1565	-79	707	-23	173	115	12372	61860	12372	70749993
-15410	780	4528	1133	-126	535	-23	171	115	12373	61865	12373	70749994
-15348	426	4430	790	-214	398	-23	171	115	12374	61870	12374	70749995
-15532	252	4432	315	-290	251	-25	169	117	12375	61875	12375	70749996
-15520	18	4496	-18	-381	179	-25	169	117	12376	61880	12376	70749998
-15584	180	4692	-352	-480	94	-24	174	118	12377	61885	12377	70749999
-15710	182	4764	-545	-590	28	-24	174	118	12378	61890	12378	70750000
-15934	-6	4710	-719	-685	-16	-24	174	122	12379	61895	12379	70750001
-16074	128	4838	-915	-749	-65	-24	174	122	12380	61900	12380	70750023
-16354	206	4742	-1064	-776	-89	-28	170	120	12381	61905	12381	70750023
-16508	300	4646	-1143	-785	-93	-28	170	120	12382	61910	12382	70750023
-16518	386	4528	-1248	-794	-92	-31	175	119	12383	61915	12383	70750023
-16601	575	4361	-1334	-796	-80	-31	175	120	12384	61920	12384	70750023
-16586	762	4346	-1390	-794	-76	-28	172	124	12385	61925	12385	70750023
-16598	944	4158	-1438	-766	-72	-28	172	124	12386	61930	12386	70750062
-16650	1140	4044	-1464	-750	-61	-24	172	112	12387	61935	12387	70750070
-16730	1278	3860	-1453	-720	-74	-24	172	112	12388	61940	12388	70750070
-16688	1536	3744	-1406	-658	-85	-23	171	121	12389	61945	12389	70750071
-16588	1636	3666	-1327	-587	-104	-23	171	121	12390	61950	12390	70750071
-16560	1744	3524	-1236	-532	-137	-27	171	125	12391	61955	12391	70750071
-16454	1942	3612	-1099	-518	-150	-27	171	123	12392	61960	12392	70750071
-16404	2004	3524	-995	-522	-150	-29	169	117	12393	61965	12393	70750071
-16408	2112	3467	-883	-526	-142	-28	169	116	12394	61970	12394	70750071
-16437	2166	3461	-766	-542	-131	-23	169	111	12395	61975	12395	70750072
-16533	2167	3203	-626	-570	-110	-23	171	113	12396	61980	12396	70750072
-16622	2183	3330	-485	-608	-94	-25	179	123	12397	61985	12397	70750079
-16796	2186	3278	-379	-615	-75	-26	178	122	12398	61990	12398	70750109
-16874	2142	3280	-331	-597	-80	-30	176	118	12399	61995	12399	70750110
-16774	2065	3208	-329	-552	-83	-30	176	119	12400	62000	12400	70750110
-16669	1917	3206	-314	-519	-71	-28	176	120	12401	62005	12401	70750110
-16637	1787	3319	-277	-517	-54	-28	176	120	12402	62010	12402	70750110
-16640	1654	3392	-228	-538	-32	-27	175	121	12403	62015	12403	70750110
-16658	1530	3386	-171	-547	-10	-27	175	121	12404	62020	12404	70750110
-16724	1462	3436	-120	-532	5	-26	174	120	12405	62025	12405	70750123
-16782	1442	3525	-62	-518	11	-24	175	120	12406	62030	12406	70750142
-16810	1419	3503	-28	-499	11	-22	176	120	12407	62035	12407	70750143
-16824	1442	3417	-23	-466	16	-25	177	120	12408	62040	12408	70750143
-16821	1555	3370	-31	-440	29	-27	177	119	12409	62045	12409	70750143
-16776	1653	3360	-57	-413	32	-25	174	123	12410	62050	12410	70750143
-16754	1831	3297	-90	-379	45	-24	172	126	12411	62055	12411	70750144
-16688	2013	3346	-104	-341	67	-23	173	122	12412	62060	12412	70750148
-16624	2182	3388	-86	-326	86	-22	174	120	12413	62065	12413	70750167
-16610	2304	3344	-48	-330	100	-23	172	119	12414	62070	12414	70750179
-16548	2388	3419	22	-332	109	-24	170	118	12415	62075	12415	70750179
-16471	2476	3533	107	-331	118	-26	169	121	12416	62080	12416	70750179
-16428	2563	3586	225	-347	136	-27	169	123	12417	62085	12417	70750180
-16384	2582	3654	335	-371	151	-28	168	117	12418	62090	12418	70750180
-16382	2587	3598	477	-398	160	-28	168	116	12419	62095	12419	70750180
-16374	2575	3650	624	-429	163	-26	174	121	12420	62100	12420	70750180
-16418	2450	3689	750	-458	157	-26	176	122	12421	62105	12421	70750209
-16492	2350	3662	864	-464	151	-25	175	121	12422	62110	12422	70750216
-16566	2182	3659	975	-474	137	-25	175	121	12423	62115	12423	70750217
-16590	2069	3751	1049	-481	123	-22	173	123	12424	62120	12424	70750217
-16592	1828	3752	1102	-500	96	-21	173	123	12425	62125	12425	70750217
