2579	-7033	-13524	251	519	-118	-68	71	-106	4858	24290	4858	70254110
2750	-6993	-13345	515	561	304	-66	70	-108	4859	24295	4859	70254110
2971	-7232	-13080	762	537	260	-64	70	-106	4860	24300	4860	70254110
3035	-7469	-12884	882	543	226	-62	70	-104	4861	24305	4861	70254113
2946	-7391	-12671	925	539	311	-63	71	-103	4862	24310	4862	70254119
2968	-7221	-12537	978	517	517	-65	73	-101	4863	24315	4863	70254119
3223	-7356	-12538	1049	524	645	-65	72	-103	4864	24320	4864	70254119
3384	-7555	-12614	1085	500	679	-64	70	-106	4865	24325	4865	70254123
3433	-7760	-12651	1065	459	690	-64	70	-106	4866	24330	4866	70254136
3470	-8004	-12598	985	396	719	-65	69	-105	4867	24335	4867	70254148
3533	-8176	-12612	860	345	743	-66	70	-104	4868	24340	4868	70254148
3658	-8243	-12568	688	317	793	-67	71	-103	4869	24345	4869	70254148
3744	-8206	-12585	519	285	842	-67	72	-106	4870	24350	4870	70254149
3735	-8181	-12814	392	283	924	-66	74	-110	4871	24355	4871	70254149
3716	-8349	-13012	320	287	992	-64	72	-103	4872	24360	4872	70254149
3699	-8418	-13145	284	281	1025	-63	71	-99	4873	24365	4873	70254177
3711	-8484	-13286	280	288	1040	-63	72	-103	4874	24370	4874	70254209
3683	-8494	-13390	261	317	1036	-63	73	-105	4875	24375	4875	70254218
3662	-8478	-13394	243	341	1032	-65	69	-103	4876	24380	4876	70254218
3671	-8448	-13316	260	350	1016	-67	67	-101	4877	24385	4877	70254218
3660	-8399	-13319	313	350	987	-65	70	-98	4878	24390	4878	70254219
3608	-8336	-13316	400	351	926	-64	72	-96	4879	24395	4879	70254219
2733	-7360	-14530	537	388	911	-62	71	-103	4880	24400	4880	70254225
3427	-8030	-14503	1262	646	1258	-61	71	-105	4881	24405	4881	70254248
3787	-9242	-13236	1735	495	996	-59	70	-104	4882	24410	4882	70254253
3438	-9176	-12562	1499	283	324	-58	70	-104	4883	24415	4883	70254253
3086	-8506	-12448	1003	263	375	-62	71	-105	4884	24420	4884	70254253
2951	-7878	-12380	640	282	658	-64	72	-106	4885	24425	4885	70254253
2502	-7050	-13103	584	274	748	-65	70	-105	4886	24430	4886	70254254
2957	-7546	-13530	1088	406	886	-65	69	-105	4887	24435	4887	70254254
3430	-9127	-12755	1582	298	676	-64	68	-106	4888	24440	4888	70254254
3129	-9076	-12274	1183	48	106	-64	68	-106	4889	24445	4889	70254254
2878	-8353	-12412	434	-9	201	-67	68	-103	4890	24450	4890	70254269
2820	-7929	-12540	-12	-42	383	-68	68	-102	4891	24455	4891	70254293
2915	-7908	-12619	-96	-103	293	-59	70	-104	4892	24460	4892	70254298
3014	-8181	-12671	-60	-150	248	-57	71	-105	4893	24465	4893	70254298
2896	-8225	-12811	-136	-190	286	-60	68	-102	4894	24470	4894	70254298
2819	-8158	-12958	-283	-227	327	-61	67	-101	4895	24475	4895	70254298
2960	-8010	-13244	-409	-254	328	-65	67	-111	4896	24480	4896	70254299
3086	-8048	-13342	-480	-274	257	-65	67	-111	4897	24485	4897	70254299
3038	-8110	-13266	-470	-290	235	-68	64	-108	4898	24490	4898	70254299
2996	-7944	-13202	-392	-289	307	-68	64	-108	4899	24495	4899	70254299
3080	-7928	-13234	-343	-283	390	-61	71	-109	4900	24500	4900	70254299
3126	-7904	-13162	-273	-265	413	-61	71	-109	4901	24505	4901	70254299
3202	-7982	-13180	-186	-267	404	-63	73	-107	4902	24510	4902	70254308
3178	-8000	-13134	-113	-270	413	-63	73	-107	4903	24515	4903	70254335
3164	-7968	-13058	-41	-237	469	-63	67	-105	4904	24520	4904	70254335
3226	-7946	-13145	28	-231	549	-63	69	-105	4905	24525	4905	70254336
3235	-8036	-13105	49	-243	567	-65	77	-107	4906	24530	4906	70254336
3282	-7924	-13052	60	-242	565	-65	77	-107	4907	24535	4907	70254336
3316	-7986	-13022	63	-242	586	-68	68	-104	4908	24540	4908	70254336
3168	-8018	-12968	81	-252	600	-68	68	-104	4909	24545	4909	70254337
3228	-8258	-13002	115	-250	600	-62	72	-104	4910	24550	4910	70254436
3164	-8312	-13110	74	-226	607	-62	72	-104	4911	24555	4911	70254437
3154	-8250	-13168	-2	-203	689	-65	73	-107	4912	24560	4912	70254437
3098	-8301	-13141	27	-166	708	-65	72	-105	4913	24565	4913	70254437
3086	-8312	-13182	27	-155	671	-64	66	-98	4914	24570	4914	70254438
3043	-8244	-13224	23	-152	674	-64	67	-99	4915	24575	4915	70254438
2961	-8224	-13178	37	-155	684	-65	73	-105	4916	24580	4916	70254438
2960	-8270	-13074	51	-155	680	-65	72	-104	4917	24585	4917	70254439
2902	-8369	-13014	4	-140	661	-67	67	-101	4918	24590	4918	70254446
2879	-8408	-13020	-60	-132	635	-66	69	-102	4919	24595	4919	70254473
2805	-8391	-12831	-135	-120	616	-63	75	-105	4920	24600	4920	70254474
2804	-8320	-12860	-207	-123	622	-64	72	-104	4921	24605	4921	70254474
2798	-8303	-12878	-247	-119	628	-65	67	-103	4922	24610	4922	70254474
2750	-8270	-12917	-285	-109	634	-68	71	-104	4923	24615	4923	70254474
2729	-8240	-12980	-325	-108	625	-72	76	-106	4924	24620	4924	70254475
2715	-8195	-13086	-360	-119	613	-68	73	-105	4925	24625	4925	70254475
2700	-8118	-13115	-385	-124	602	-63	69	-103	4926	24630	4926	70254475
2696	-8068	-13102	-383	-111	603	-64	70	-103	4927	24635	4927	70254475
2698	-8045	-13170	-354	-94	608	-66	72	-104	4928	24640	4928	70254476
2734	-8009	-13199	-315	-93	604	-67	69	-105	4929	24645	4929	70254476
2781	-8050	-13241	-291	-103	582	-68	64	-106	4930	24650	4930	70254476
2731	-8074	-13177	-278	-107	556	-67	68	-107	4931	24655	4931	70254483
2692	-8104	-13136	-253	-98	550	-65	73	-109	4932	24660	4932	70254493
2710	-8122	-13168	-236	-88	545	-65	72	-107	4933	24665	4933	70254494
2729	-8153	-13189	-227	-85	516	-65	71	-105	4934	24670	4934	70254495
2749	-8184	-13171	-232	-85	480	-63	72	-104	4935	24675	4935	70254495
2735	-8163	-13131	-237	-85	449	-61	73	-103	4936	24680	4936	70254506
2765	-8148	-13092	-238	-83	420	-61	72	-106	4937	24685	4937	70254540
2846	-8172	-13098	-239	-80	387	-61	71	-109	4938	24690	4938	70254558
2829	-8180	-13123	-247	-86	357	-63	72	-106	4939	24695	4939	70254558
2836	-8128	-13146	-249	-91	322	-64	72	-104	4940	24700	4940	70254559
2877	-8119	-13098	-238	-93	293	-65	68	-103	4941	24705	4941	70254559
2889	-8186	-13158	-232	-100	278	-65	65	-103	4942	24710	4942	70254560
2890	-8246	-13142	-235	-108	251	-61	70	-107	4943	24715	4943	70254560
2933	-8320	-13087	-243	-108	216	-59	73	-109	4944	24720	4944	70254563
2974	-8365	-13071	-255	-107	183	-63	72	-103	4945	24725	4945	70254565
3005	-8343	-13088	-260	-107	154	-65	71	-99	4946	24730	4946	70254568
3049	-8392	-13011	-252	-115	127	-63	70	-100	4947	24735	4947	70254585
3079	-8388	-13091	-232	-119	106	-62	70	-100	4948	24740	4948	70254589
3038	-8390	-13174	-207	-119	84	-68	69	-109	4949	24745	4949	70254589
3090	-8411	-13036	-184	-124	66	-69	69	-111	4950	24750	4950	70254589
3121	-8419	-13034	-163	-120	56	-66	71	-108	4951	24755	4951	70254590
3120	-8418	-13045	-142	-120	42	-64	72	-106	4952	24760	4952	70254590
3146	-8391	-13017	-126	-123	37	-63	71	-102	4953	24765	4953	70254590
3164	-8358	-12980	-108	-131	19	-63	71	-99	4954	24770	4954	70254590
3236	-8363	-12906	-88	-152	0	-59	67	-103	4955	24775	4955	70254590
3219	-8395	-12906	-34	-151	-8	-58	66	-104	4956	24780	4956	70254590
3212	-8375	-12902	-20	-168	-3	-64	67	-103	4957	24785	4957	70254590
3281	-8376	-12969	-24	-174	-19	-65	67	-103	4958	24790	4958	70254590
3271	-8354	-12994	-34	-169	-13	-58	73	-102	4959	24795	4959	70254597
3251	-8279	-12908	-46	-174	0	-56	74	-102	4960	24800	4960	70254629
3229	-8299	-12924	-49	-173	10	-63	68	-103	4961	24805	4961	70254636
3288	-8374	-13080	-39	-175	7	-65	67	-103	4962	24810	4962	70254636
3310	-8368	-13032	-58	-181	-18	-65	71	-103	4963	24815	4963	70254637
3256	-8382	-13020	-91	-193	1	-65	71	-103	4964	24820	4964	70254637
3276	-8298	-13060	-109	-186	4	-63	75	-103	4965	24825	4965	70254637
3294	-8300	-13062	-116	-213	22	-63	75	-103	4966	24830	4966	70254637
3302	-8278	-13002	-122	-220	21	-63	73	-103	4967	24835	4967	70254637
3192	-8188	-13172	-147	-234	10	-63	73	-103	4968	24840	4968	70254637
3202	-8178	-13160	-129	-237	28	-64	70	-100	4969	24845	4969	70254644
3248	-8296	-13098	-110	-229	36	-64	70	-100	4970	24850	4970	70254681
3108	-8297	-13050	-111	-263	29	-66	70	-106	4971	24855	4971	70254681
3144	-8334	-12995	-102	-283	7	-67	69	-107	4972	24860	4972	70254681
3042	-8385	-13015	-93	-299	-15	-69	67	-111	4973	24865	4973	70254682
3062	-8440	-12982	-114	-313	-24	-69	67	-111	4974	24870	4974	70254682
2996	-8412	-13044	-121	-321	-27	-62	70	-104	4975	24875	4975	70254682
3050	-8348	-12940	-151	-319	-12	-62	70	-104	4976	24880	4976	70254682
2986	-8378	-12972	-153	-336	-33	-66	70	-102	4977	24885	4977	70254720
2994	-8366	-12920	-176	-334	-48	-66	70	-102	4978	24890	4978	70254720
3018	-8358	-12928	-191	-340	-62	-68	66	-102	4979	24895	4979	70254720
2983	-8330	-12993	-196	-347	-67	-67	66	-103	4980	24900	4980	70254720
2964	-8326	-13022	-201	-352	-60	-63	65	-107	4981	24905	4981	70254720
2931	-8308	-12969	-208	-353	-62	-64	66	-108	4982	24910	4982	70254721
2934	-8250	-13023	-197	-355	-42	-66	68	-112	4983	24915	4983	70254721
2931	-8220	-13033	-177	-337	-30	-66	68	-110	4984	24920	4984	70254721
2974	-8222	-13038	-155	-336	-17	-64	68	-104	4985	24925	4985	70254721
3030	-8228	-12959	-140	-344	-4	-64	69	-104	4986	24930	4986	70254721
3011	-8255	-12974	-147	-352	-7	-63	73	-103	4987	24935	4987	70254731
2950	-8250	-12902	-166	-340	3	-65	71	-102	4988	24940	4988	70254761
2921	-8212	-12962	-161	-337	28	-67	67	-101	4989	24945	4989	70254761
2946	-8176	-13027	-143	-328	57	-65	69	-101	4990	24950	4990	70254761
2982	-8164	-13065	-143	-321	64	-62	72	-102	4991	24955	4991	70254761
2944	-8171	-13105	-155	-322	63	-63	70	-103	4992	24960	4992	70254761
2990	-8183	-13119	-161	-325	64	-65	67	-105	4993	24965	4993	70254761
2976	-8234	-13117	-168	-322	63	-66	67	-106	4994	24970	4994	70254766
2970	-8300	-13079	-185	-311	93	-68	68	-108	4995	24975	4995	70254784
3031	-8321	-13061	-194	-303	120	-66	67	-110	4996	24980	4996	70254803
3023	-8288	-13090	-202	-291	134	-62	66	-112	4997	24985	4997	70254803
3024	-8229	-13097	-218	-278	149	-65	69	-107	4998	24990	4998	70254803
3029	-8179	-13040	-223	-277	159	-70	74	-100	4999	24995	4999	70254804
3016	-8207	-13000	-210	-275	173	-66	72	-100	5000	25000	5000	70254804
3025	-8213	-13023	-187	-260	182	-61	69	-101	5001	25005	5001	70254807
3034	-8248	-13092	-163	-261	193	-63	69	-101	5002	25010	5002	70254823
3026	-8287	-13116	-151	-271	197	-66	68	-102	5003	25015	5003	70254840
3007	-8314	-13072	-147	-286	199	-65	69	-101	5004	25020	5004	70254841
3036	-8322	-13056	-145	-288	210	-64	70	-100	5005	25025	5005	70254841
3080	-8291	-13047	-138	-295	222	-63	69	-101	5006	25030	5006	70254841
3061	-8336	-12988	-135	-316	223	-63	69	-101	5007	25035	5007	70254841
3063	-8362	-13027	-125	-337	221	-64	70	-105	5008	25040	5008	70254841
3052	-8390	-13053	-124	-340	211	-65	71	-107	5009	25045	5009	70254841
3039	-8404	-13078	-134	-342	206	-63	69	-103	5010	25050	5010	70254841
3031	-8394	-13106	-154	-342	211	-61	67	-101	5011	25055	5011	70254841
3005	-8379	-13078	-170	-337	220	-63	67	-102	5012	25060	5012	70254863
3048	-8330	-13022	-186	-338	230	-65	67	-103	5013	25065	5013	70254878
2988	-8268	-13092	-179	-324	227	-66	69	-109	5014	25070	5014	70254878
2989	-8234	-13104	-159	-325	232	-66	70	-110	5015	25075	5015	70254878
2962	-8222	-13056	-125	-332	242	-64	72	-109	5016	25080	5016	70254878
2893	-8191	-13169	-108	-327	231	-63	73	-109	5017	25085	5017	70254878
2902	-8208	-13099	-109	-337	219	-66	70	-108	5018	25090	5018	70254878
2862	-8195	-13103	-115	-343	204	-67	69	-107	5019	25095	5019	70254884
2871	-8182	-13076	-113	-338	203	-64	72	-108	5020	25100	5020	70254904
2881	-8162	-13099	-114	-332	210	-62	74	-108	5021	25105	5021	70254915
2868	-8240	-13096	-108	-328	221	-64	68	-96	5022	25110	5022	70254915
2903	-8238	-13068	-108	-323	226	-65	67	-93	5023	25115	5023	70254915
2918	-8242	-13100	-118	-309	235	-63	69	-104	5024	25120	5024	70254915
2858	-8289	-13134	-124	-292	228	-63	69	-107	5025	25125	5025	70254915
2864	-8294	-13135	-135	-292	224	-64	71	-101	5026	25130	5026	70254915
2840	-8214	-13184	-146	-275	232	-64	72	-100	5027	25135	5027	70254949
2834	-8178	-13140	-140	-265	245	-64	70	-100	5028	25140	5028	70254959
2846	-8138	-13056	-144	-248	251	-64	70	-100	5029	25145	5029	70254960
2870	-8228	-13074	-128	-237	240	-61	71	-103	5030	25150	5030	70254960
2880	-8192	-13218	-118	-227	239	-61	71	-103	5031	25155	5031	70254961
2902	-8200	-13062	-109	-216	239	-61	67	-101	5032	25160	5032	70254961
2952	-8268	-13084	-104	-210	233	-61	67	-101	5033	25165	5033	70254962
2962	-8422	-13054	-122	-204	221	-64	70	-104	5034	25170	5034	70254962
2918	-8282	-12974	-132	-210	213	-64	70	-104	5035	25175	5035	70254987
2974	-8342	-13054	-148	-220	224	-65	71	-105	5036	25180	5036	70254987
2928	-8260	-12958	-143	-180	257	-65	71	-105	5037	25185	5037	70254987
2903	-8300	-12982	-145	-187	263	-67	67	-109	5038	25190	5038	70254987
2942	-8301	-13074	-151	-189	270	-67	68	-108	5039	25195	5039	70254988
2978	-8327	-13081	-148	-198	269	-67	73	-105	5040	25200	5040	70254988
2958	-8394	-13036	-142	-215	266	-67	73	-105	5041	25205	5041	70254988
3012	-8316	-13008	-140	-212	264	-67	67	-107	5042	25210	5042	70255040
2934	-8364	-13092	-118	-218	275	-67	67	-107	5043	25215	5043	70255040
2970	-8406	-13016	-121	-221	276	-59	69	-107	5044	25220	5044	70255040
3024	-8324	-12932	-122	-232	298	-59	69	-107	5045	25225	5045	70255040
3011	-8356	-12970	-143	-252	297	-61	71	-107	5046	25230	5046	70255040
3042	-8303	-12986	-149	-281	287	-61	70	-107	5047	25235	5047	70255040
2990	-8342	-13040	-145	-291	274	-61	65	-105	5048	25240	5048	70255042
2998	-8425	-13002	-138	-283	277	-62	67	-106	5049	25245	5049	70255054
2986	-8346	-13043	-159	-280	258	-68	74	-108	5050	25250	5050	70255078
3030	-8356	-13051	-191	-300	233	-67	73	-107	5051	25255	5051	70255078
3013	-8296	-13078	-217	-303	228	-62	70	-102	5052	25260	5052	70255078
3011	-8224	-13096	-222	-295	229	-64	71	-103	5053	25265	5053	70255078
3044	-8171	-13039	-200	-285	220	-70	74	-106	5054	25270	5054	70255078
3064	-8227	-13098	-178	-285	214	-67	72	-106	5055	25275	5055	70255078
3089	-8221	-13116	-163	-283	205	-63	69	-105	5056	25280	5056	70255078
3045	-8235	-13074	-150	-279	187	-61	69	-104	5057	25285	5057	70255078
3004	-8256	-13122	-124	-272	182	-59	69	-103	5058	25290	5058	70255081
2992	-8195	-13138	-100	-263	184	-62	69	-105	5059	25295	5059	70255097
2982	-8196	-13081	-88	-251	186	-66	70	-108	5060	25300	5060	70255115
2959	-8233	-13086	-76	-246	182	-65	72	-106	5061	25305	5061	70255115
2956	-8254	-13083	-48	-238	183	-64	74	-104	5062	25310	5062	70255116
2954	-8226	-13057	-8	-232	182	-66	73	-105	5063	25315	5063	70255116
2954	-8224	-13053	29	-239	177	-68	72	-106	5064	25320	5064	70255116
2962	-8262	-13042	45	-250	170	-66	70	-104	5065	25325	5065	70255117
2916	-8298	-13066	54	-257	147	-64	68	-100	5066	25330	5066	70255126
2898	-8266	-13077	61	-264	138	-63	68	-103	5067	25335	5067	70255146
2949	-8287	-13035	70	-268	134	-62	68	-108	5068	25340	5068	70255154
2946	-8284	-13090	92	-264	121	-63	71	-108	5069	25345	5069	70255154
2973	-8309	-13145	116	-264	117	-65	75	-109	5070	25350	5070	70255155
2992	-8345	-13058	142	-263	113	-68	74	-105	5071	25355	5071	70255155
2990	-8384	-12965	161	-275	110	-70	72	-100	5072	25360	5072	70255155
3008	-8356	-13000	160	-281	125	-63	71	-102	5073	25365	5073	70255156
3031	-8317	-12993	151	-277	144	-59	71	-103	5074	25370	5074	70255176
3042	-8303	-13002	141	-277	164	-58	70	-104	5075	25375	5075	70255190
3023	-8220	-12978	116	-274	187	-58	70	-104	5076	25380	5076	70255190
3064	-8199	-13010	99	-279	201	-63	70	-103	5077	25385	5077	70255190
3096	-8212	-13043	100	-278	213	-66	70	-102	5078	25390	5078	70255190
3093	-8249	-13133	110	-280	238	-68	67	-99	5079	25395	5079	70255190
3130	-8216	-13076	142	-271	281	-68	66	-98	5080	25400	5080	70255190
3146	-8238	-13086	166	-266	322	-66	65	-102	5081	25405	5081	70255198
3132	-8233	-13080	203	-267	339	-65	65	-103	5082	25410	5082	70255224
3123	-8204	-12921	253	-269	360	-64	67	-107	5083	25415	5083	70255230
3141	-8310	-12956	291	-284	371	-64	68	-108	5084	25420	5084	70255230
3147	-8385	-12974	306	-282	366	-66	73	-105	5085	25425	5085	70255231
3116	-8390	-12987	308	-286	375	-67	75	-103	5086	25430	5086	70255231
3143	-8368	-12991	308	-278	376	-65	73	-103	5087	25435	5087	70255231
3125	-8367	-12942	328	-269	383	-63	71	-103	5088	25440	5088	70255232
3026	-8387	-13003	367	-268	373	-64	72	-101	5089	25445	5089	70255238
3035	-8394	-13054	401	-273	361	-64	72	-100	5090	25450	5090	70255271
3008	-8392	-12993	426	-265	349	-58	70	-101	5091	25455	5091	70255279
3026	-8394	-12954	450	-259	351	-57	69	-101	5092	25460	5092	70255279
2990	-8416	-12969	482	-267	341	-65	67	-103	5093	25465	5093	70255279
3042	-8409	-13051	506	-243	352	-67	67	-103	5094	25470	5094	70255280
2981	-8363	-13054	561	-239	346	-67	67	-101	5095	25475	5095	70255280
2920	-8294	-12990	638	-253	336	-67	67	-101	5096	25480	5096	70255280
2888	-8326	-13010	734	-227	320	-63	75	-105	5097	25485	5097	70255334
2934	-8366	-13044	831	-224	309	-63	75	-105	5098	25490	5098	70255334
2880	-8406	-13084	928	-201	305	-64	76	-106	5099	25495	5099	70255334
2872	-8436	-13200	1006	-180	328	-64	76	-106	5100	25500	5100	70255334
2892	-8530	-13008	1002	-222	303	-59	69	-101	5101	25505	5101	70255335
2894	-8616	-12976	949	-227	244	-59	69	-101	5102	25510	5102	70255336
2930	-8774	-12916	802	-262	202	-67	67	-107	5103	25515	5103	70255336
2896	-8822	-12868	669	-331	146	-67	67	-107	5104	25520	5104	70255336
2812	-8767	-12796	522	-349	125	-57	73	-103	5105	25525	5105	70255354
2848	-8791	-12696	431	-365	115	-58	73	-103	5106	25530	5106	70255395
2917	-8769	-12668	372	-373	100	-61	71	-103	5107	25535	5107	70255395
