3582	-9420	-13516	-23	-312	834	-56	80	-106	9297	46485	9297	70276312
3555	-9065	-13304	283	-254	829	-56	79	-105	9298	46490	9298	70276312
3554	-8783	-13057	625	-179	835	-56	78	-104	9299	46495	9299	70276312
3540	-8626	-12748	927	-89	834	-55	77	-105	9300	46500	9300	70276312
3467	-8634	-12571	1145	-14	814	-54	76	-106	9301	46505	9301	70276312
3390	-8664	-12408	1279	37	793	-54	76	-106	9302	46510	9302	70276312
3289	-8637	-12045	1358	58	805	-55	77	-105	9303	46515	9303	70276319
3314	-8570	-11924	1371	51	867	-55	77	-104	9304	46520	9304	70276351
3333	-8563	-11774	1311	40	958	-56	78	-102	9305	46525	9305	70276358
3426	-8499	-11701	1210	7	1037	-56	76	-101	9306	46530	9306	70276359
3462	-8463	-11604	1086	-50	1116	-56	74	-100	9307	46535	9307	70276359
3510	-8478	-11522	944	-106	1178	-55	74	-101	9308	46540	9308	70276359
3552	-8482	-11454	795	-201	1232	-53	75	-103	9309	46545	9309	70276359
3613	-8442	-11426	640	-313	1289	-55	77	-102	9310	46550	9310	70276359
3645	-8518	-11385	484	-394	1345	-59	79	-101	9311	46555	9311	70276359
3693	-8600	-11359	340	-492	1390	-57	79	-106	9312	46560	9312	70276359
3740	-8620	-11387	257	-620	1437	-54	78	-110	9313	46565	9313	70276365
3778	-8639	-11521	205	-694	1480	-55	81	-112	9314	46570	9314	70276386
3850	-8780	-11695	163	-746	1498	-55	83	-113	9315	46575	9315	70276397
3871	-9027	-11859	158	-800	1482	-57	78	-109	9316	46580	9316	70276397
3863	-9322	-12111	184	-843	1460	-58	74	-106	9317	46585	9317	70276397
3826	-9594	-12277	213	-866	1432	-57	75	-105	9318	46590	9318	70276397
3778	-9774	-12398	263	-895	1398	-57	75	-105	9319	46595	9319	70276398
3795	-9877	-12547	353	-921	1383	-55	76	-105	9320	46600	9320	70276398
3841	-9940	-12592	477	-918	1364	-53	77	-105	9321	46605	9321	70276437
3885	-9966	-12700	586	-891	1327	-51	79	-103	9322	46610	9322	70276476
3806	-10032	-12728	666	-853	1249	-51	79	-103	9323	46615	9323	70276483
3723	-10045	-12651	716	-812	1175	-55	79	-103	9324	46620	9324	70276483
3663	-10067	-12707	763	-755	1120	-57	79	-103	9325	46625	9325	70276483
3588	-10131	-12729	782	-679	1055	-56	81	-103	9326	46630	9326	70276484
3536	-10154	-12672	763	-609	975	-55	83	-103	9327	46635	9327	70276484
3490	-10155	-12591	746	-548	897	-56	81	-102	9328	46640	9328	70276484
3463	-10102	-12522	729	-482	802	-57	79	-101	9329	46645	9329	70276484
3422	-10132	-12509	694	-434	709	-51	77	-102	9330	46650	9330	70276484
3438	-10125	-12487	652	-396	637	-50	76	-102	9331	46655	9331	70276529
3466	-10040	-12412	594	-347	566	-56	77	-101	9332	46660	9332	70276542
3477	-10111	-12308	543	-298	498	-57	77	-101	9333	46665	9333	70276543
3457	-10128	-12334	493	-250	435	-59	76	-105	9334	46670	9334	70276543
3337	-10158	-12293	438	-203	374	-60	76	-106	9335	46675	9335	70276543
3319	-10075	-12219	376	-190	337	-54	79	-106	9336	46680	9336	70276544
3336	-10070	-12164	337	-185	324	-52	80	-106	9337	46685	9337	70276544
3286	-9926	-12062	280	-171	289	-51	77	-105	9338	46690	9338	70276544
3246	-9878	-12086	234	-158	238	-51	77	-105	9339	46695	9339	70276544
3176	-9800	-12002	197	-145	199	-52	82	-104	9340	46700	9340	70276544
3142	-9748	-11888	148	-140	166	-52	82	-104	9341	46705	9341	70276544
3182	-9772	-11942	105	-141	147	-61	75	-109	9342	46710	9342	70276544
3194	-9664	-11932	66	-151	137	-61	75	-109	9343	46715	9343	70276544
3092	-9628	-11892	-20	-154	123	-52	74	-104	9344	46720	9344	70276544
3182	-9588	-11954	-79	-198	115	-52	74	-104	9345	46725	9345	70276544
3164	-9473	-11936	-162	-253	107	-53	77	-101	9346	46730	9346	70276545
3176	-9420	-12026	-209	-275	132	-53	77	-101	9347	46735	9347	70276545
3140	-9364	-11894	-252	-297	162	-51	77	-103	9348	46740	9348	70276571
3216	-9278	-12012	-276	-316	182	-51	77	-103	9349	46745	9349	70276571
3136	-9204	-12064	-300	-345	187	-54	74	-104	9350	46750	9350	70276571
3108	-9214	-11978	-308	-357	233	-54	74	-104	9351	46755	9351	70276571
3078	-9160	-12090	-302	-360	254	-51	79	-107	9352	46760	9352	70276571
3162	-9136	-12076	-294	-384	287	-51	79	-107	9353	46765	9353	70276571
3132	-9100	-12167	-284	-386	330	-57	79	-105	9354	46770	9354	70276571
3172	-9092	-12114	-268	-396	370	-57	79	-104	9355	46775	9355	70276571
3172	-9069	-12149	-248	-391	401	-55	81	-101	9356	46780	9356	70276571
3152	-9103	-12159	-220	-368	444	-55	80	-101	9357	46785	9357	70276578
3212	-9135	-12156	-195	-347	482	-56	78	-102	9358	46790	9358	70276608
3212	-9187	-12206	-182	-346	525	-55	79	-102	9359	46795	9359	70276610
3196	-9224	-12252	-153	-326	554	-53	81	-101	9360	46800	9360	70276610
3225	-9277	-12298	-114	-315	583	-53	80	-102	9361	46805	9361	70276611
3240	-9341	-12241	-73	-288	601	-55	75	-107	9362	46810	9362	70276611
3227	-9318	-12224	-45	-271	635	-56	76	-105	9363	46815	9363	70276611
3290	-9354	-12252	-21	-276	648	-58	78	-102	9364	46820	9364	70276611
3310	-9399	-12245	11	-285	648	-57	79	-103	9365	46825	9365	70276626
3260	-9524	-12261	57	-280	649	-55	81	-105	9366	46830	9366	70276648
3209	-9668	-12244	92	-252	654	-52	83	-105	9367	46835	9367	70276648
3202	-9712	-12221	102	-214	647	-47	87	-105	9368	46840	9368	70276648
3239	-9706	-12159	88	-186	627	-48	85	-104	9369	46845	9369	70276648
3303	-9695	-12104	65	-175	612	-51	81	-103	9370	46850	9370	70276648
3424	-9796	-12160	44	-175	592	-51	81	-102	9371	46855	9371	70276648
3407	-9936	-12164	33	-175	559	-52	80	-100	9372	46860	9372	70276648
3347	-10028	-12174	16	-177	516	-53	79	-103	9373	46865	9373	70276651
3319	-10029	-12110	-2	-177	501	-54	78	-108	9374	46870	9374	70276669
3354	-10016	-12075	-19	-164	506	-55	78	-106	9375	46875	9375	70276688
3364	-9985	-12072	-43	-164	500	-56	78	-102	9376	46880	9376	70276688
3375	-9979	-12037	-55	-185	472	-53	77	-101	9377	46885	9377	70276689
3348	-9976	-12054	-55	-186	421	-48	76	-100	9378	46890	9378	70276689
3345	-9964	-11963	-36	-171	370	-53	77	-104	9379	46895	9379	70276689
3316	-9946	-11958	-18	-174	343	-57	77	-107	9380	46900	9380	70276690
3316	-9950	-11956	-20	-170	327	-56	77	-103	9381	46905	9381	70276713
3308	-9965	-11951	-26	-179	313	-55	77	-101	9382	46910	9382	70276729
3280	-9940	-11937	-44	-195	289	-54	80	-104	9383	46915	9383	70276729
3267	-9902	-11913	-65	-216	252	-54	82	-106	9384	46920	9384	70276729
3236	-9849	-11952	-89	-227	226	-54	82	-106	9385	46925	9385	70276730
3266	-9856	-11996	-108	-231	212	-54	82	-106	9386	46930	9386	70276730
3267	-9908	-11961	-126	-244	192	-53	82	-103	9387	46935	9387	70276730
3256	-9904	-12007	-150	-257	165	-52	82	-102	9388	46940	9388	70276730
3245	-9870	-12004	-179	-265	147	-54	83	-103	9389	46945	9389	70276756
3250	-9929	-12011	-199	-288	150	-55	83	-103	9390	46950	9390	70276762
3265	-9872	-12064	-218	-293	154	-53	85	-102	9391	46955	9391	70276762
3238	-9753	-11982	-232	-293	154	-52	86	-102	9392	46960	9392	70276762
3215	-9672	-11982	-234	-299	141	-51	87	-100	9393	46965	9393	70276762
3183	-9670	-11987	-231	-297	133	-51	87	-99	9394	46970	9394	70276762
3173	-9704	-11996	-218	-285	139	-53	82	-100	9395	46975	9395	70276762
3157	-9677	-12062	-203	-278	144	-55	79	-101	9396	46980	9396	70276770
3164	-9675	-12022	-190	-281	156	-54	86	-103	9397	46985	9397	70276796
3104	-9659	-12016	-180	-276	159	-54	88	-104	9398	46990	9398	70276802
3109	-9630	-12037	-183	-265	165	-56	82	-107	9399	46995	9399	70276802
3138	-9581	-12037	-178	-265	172	-56	80	-108	9400	47000	9400	70276803
3147	-9599	-12074	-183	-253	192	-60	79	-109	9401	47005	9401	70276803
3113	-9596	-12122	-197	-245	188	-61	79	-109	9402	47010	9402	70276804
3107	-9528	-12060	-209	-249	199	-55	80	-105	9403	47015	9403	70276804
3160	-9508	-12026	-234	-252	226	-54	80	-104	9404	47020	9404	70276812
3146	-9450	-12144	-247	-246	228	-56	76	-102	9405	47025	9405	70276839
3136	-9430	-12122	-263	-258	235	-56	76	-102	9406	47030	9406	70276839
3116	-9444	-12150	-263	-246	248	-56	78	-104	9407	47035	9407	70276839
3104	-9420	-12074	-271	-226	256	-56	78	-104	9408	47040	9408	70276839
3166	-9474	-12046	-263	-236	275	-52	84	-98	9409	47045	9409	70276839
3156	-9538	-12166	-260	-223	284	-52	84	-98	9410	47050	9410	70276839
3212	-9502	-12140	-245	-232	299	-57	81	-101	9411	47055	9411	70276850
3184	-9538	-12092	-238	-226	320	-57	81	-101	9412	47060	9412	70276877
3246	-9625	-12092	-217	-235	335	-55	79	-107	9413	47065	9413	70276877
3275	-9602	-12096	-195	-229	347	-55	80	-107	9414	47070	9414	70276877
3309	-9657	-12057	-168	-222	340	-57	83	-109	9415	47075	9415	70276877
3332	-9704	-12110	-137	-218	334	-57	83	-109	9416	47080	9416	70276877
3412	-9750	-12066	-104	-205	342	-52	80	-104	9417	47085	9417	70276877
3390	-9832	-11996	-106	-220	348	-52	80	-104	9418	47090	9418	70276877
3422	-9876	-11966	-111	-245	346	-54	82	-104	9419	47095	9419	70276877
3402	-9912	-11982	-117	-268	333	-54	82	-104	9420	47100	9420	70276914
3392	-9816	-12001	-123	-266	334	-51	79	-105	9421	47105	9421	70276915
3362	-9901	-12068	-136	-259	324	-52	79	-106	9422	47110	9422	70276915
3327	-9902	-12073	-167	-265	311	-55	79	-111	9423	47115	9423	70276915
3326	-9860	-11996	-193	-265	299	-54	78	-109	9424	47120	9424	70276915
3366	-9857	-11973	-218	-265	287	-48	74	-100	9425	47125	9425	70276916
3335	-9852	-12001	-239	-260	279	-50	76	-101	9426	47130	9426	70276920
3311	-9755	-11988	-258	-261	266	-56	82	-104	9427	47135	9427	70276939
3320	-9722	-11969	-268	-254	253	-55	81	-104	9428	47140	9428	70276952
3284	-9657	-12032	-268	-239	254	-50	76	-104	9429	47145	9429	70276952
3277	-9692	-12062	-263	-227	245	-51	77	-104	9430	47150	9430	70276952
3271	-9661	-12058	-264	-215	225	-52	78	-104	9431	47155	9431	70276952
3301	-9654	-12042	-261	-219	212	-51	79	-104	9432	47160	9432	70276952
3280	-9631	-12004	-255	-225	209	-49	81	-105	9433	47165	9433	70276952
3239	-9635	-12038	-250	-230	194	-49	81	-105	9434	47170	9434	70276962
3259	-9629	-12068	-238	-219	183	-50	80	-106	9435	47175	9435	70276982
3285	-9640	-12032	-237	-216	179	-53	80	-106	9436	47180	9436	70276989
3236	-9651	-12038	-254	-229	173	-58	80	-106	9437	47185	9437	70276989
3248	-9633	-12079	-270	-245	167	-55	80	-105	9438	47190	9438	70276989
3253	-9623	-12056	-285	-259	166	-52	80	-104	9439	47195	9439	70276989
3224	-9598	-12022	-312	-267	170	-52	80	-104	9440	47200	9440	70276989
3234	-9585	-12072	-325	-276	163	-52	80	-104	9441	47205	9441	70276993
3260	-9556	-12110	-326	-273	165	-52	80	-106	9442	47210	9442	70277009
3242	-9494	-12125	-334	-269	169	-53	79	-109	9443	47215	9443	70277026
3180	-9505	-12137	-326	-272	170	-53	78	-106	9444	47220	9444	70277026
3173	-9541	-12118	-307	-274	176	-54	76	-102	9445	47225	9445	70277026
3205	-9490	-12144	-285	-266	177	-58	81	-104	9446	47230	9446	70277027
3242	-9466	-12174	-268	-257	191	-60	84	-106	9447	47235	9447	70277027
3230	-9471	-12130	-258	-261	211	-56	80	-106	9448	47240	9448	70277032
3214	-9446	-12060	-245	-276	221	-54	78	-106	9449	47245	9449	70277056
3230	-9435	-12054	-224	-290	240	-53	80	-107	9450	47250	9450	70277071
3237	-9410	-12008	-208	-294	262	-53	81	-107	9451	47255	9451	70277071
3210	-9419	-12039	-188	-290	268	-55	84	-103	9452	47260	9452	70277071
3229	-9417	-12081	-172	-277	269	-56	86	-100	9453	47265	9453	70277072
3246	-9481	-12057	-163	-281	271	-55	82	-102	9454	47270	9454	70277073
3204	-9522	-12040	-161	-280	268	-54	80	-102	9455	47275	9455	70277074
3207	-9531	-12059	-163	-277	279	-53	79	-103	9456	47280	9456	70277082
3268	-9602	-12080	-173	-283	291	-53	79	-103	9457	47285	9457	70277096
3304	-9630	-12111	-186	-273	300	-57	78	-99	9458	47290	9458	70277099
3331	-9678	-12171	-201	-294	296	-58	78	-98	9459	47295	9459	70277099
3317	-9684	-12162	-217	-284	286	-50	83	-104	9460	47300	9460	70277099
3368	-9708	-12138	-245	-286	271	-48	84	-106	9461	47305	9461	70277099
3337	-9712	-12112	-273	-322	258	-60	82	-105	9462	47310	9462	70277099
3340	-9658	-12124	-306	-356	233	-63	81	-105	9463	47315	9463	70277099
3312	-9737	-12093	-368	-404	219	-53	81	-107	9464	47320	9464	70277133
3280	-9685	-12150	-449	-491	195	-51	81	-107	9465	47325	9465	70277142
3349	-9752	-12198	-529	-594	182	-55	85	-108	9466	47330	9466	70277142
3429	-9806	-12227	-656	-775	169	-56	86	-108	9467	47335	9467	70277143
3409	-9862	-12082	-859	-1033	99	-51	86	-103	9468	47340	9468	70277143
3211	-9884	-12055	-1017	-1129	38	-50	86	-102	9469	47345	9469	70277143
3034	-9852	-12106	-1096	-1059	85	-53	83	-99	9470	47350	9470	70277144
2980	-9694	-12316	-1151	-903	159	-54	82	-98	9471	47355	9471	70277144
3090	-9694	-12072	-1292	-732	138	-52	84	-102	9472	47360	9472	70277179
3140	-9702	-12100	-1319	-616	55	-52	84	-102	9473	47365	9473	70277180
3164	-9756	-12122	-1344	-500	-3	-53	75	-103	9474	47370	9474	70277180
3156	-9686	-12114	-1379	-434	3	-53	75	-103	9475	47375	9475	70277180
3160	-9738	-12092	-1347	-399	27	-53	83	-105	9476	47380	9476	70277181
3208	-9622	-12146	-1314	-351	56	-53	83	-105	9477	47385	9477	70277181
3190	-9644	-12200	-1314	-312	50	-58	78	-104	9478	47390	9478	70277181
3136	-9654	-12193	-1303	-274	17	-57	78	-105	9479	47395	9479	70277184
3208	-9631	-12152	-1252	-242	1	-51	79	-107	9480	47400	9480	70277200
3240	-9598	-12106	-1181	-232	-13	-51	79	-107	9481	47405	9481	70277218
3220	-9543	-12121	-1102	-228	-25	-53	81	-105	9482	47410	9482	70277218
3247	-9506	-12197	-1002	-215	-24	-53	82	-104	9483	47415	9483	70277218
3255	-9437	-12266	-879	-195	-30	-52	86	-102	9484	47420	9484	70277218
3211	-9425	-12276	-764	-164	-33	-52	86	-102	9485	47425	9485	70277218
3204	-9418	-12288	-681	-147	-50	-51	83	-103	9486	47430	9486	70277218
3202	-9370	-12166	-556	-136	-59	-51	83	-103	9487	47435	9487	70277218
3244	-9360	-12275	-416	-113	-47	-54	78	-106	9488	47440	9488	70277243
3234	-9373	-12266	-320	-95	-28	-54	78	-107	9489	47445	9489	70277258
3244	-9328	-12299	-241	-82	-26	-54	78	-110	9490	47450	9490	70277259
3272	-9314	-12233	-177	-62	-25	-54	79	-109	9491	47455	9491	70277259
3226	-9302	-12198	-131	-56	-26	-55	83	-105	9492	47460	9492	70277260
3158	-9323	-12194	-95	-63	-21	-54	83	-106	9493	47465	9493	70277260
3234	-9315	-12264	-70	-77	-4	-52	82	-108	9494	47470	9494	70277261
3227	-9310	-12191	-65	-104	18	-54	82	-107	9495	47475	9495	70277268
3219	-9338	-12173	-62	-89	38	-58	80	-104	9496	47480	9496	70277295
3248	-9360	-12142	-63	-91	65	-59	78	-103	9497	47485	9497	70277306
3268	-9353	-12142	-97	-121	75	-60	76	-102	9498	47490	9498	70277307
3226	-9320	-12204	-123	-143	63	-58	77	-103	9499	47495	9499	70277307
3233	-9303	-12229	-124	-142	67	-55	79	-105	9500	47500	9500	70277307
3265	-9308	-12164	-121	-135	89	-56	80	-103	9501	47505	9501	70277307
3316	-9342	-12157	-116	-136	93	-57	81	-101	9502	47510	9502	70277312
3312	-9362	-12191	-116	-148	87	-54	80	-100	9503	47515	9503	70277331
3342	-9415	-12191	-98	-152	93	-49	79	-99	9504	47520	9504	70277348
3338	-9440	-12238	-82	-159	103	-55	79	-101	9505	47525	9505	70277348
3332	-9432	-12320	-68	-151	104	-59	79	-103	9506	47530	9506	70277348
3360	-9466	-12286	-74	-145	96	-54	79	-104	9507	47535	9507	70277349
3382	-9548	-12227	-107	-147	81	-51	79	-105	9508	47540	9508	70277349
3376	-9642	-12215	-153	-161	57	-51	79	-105	9509	47545	9509	70277349
3376	-9682	-12193	-206	-193	31	-52	80	-106	9510	47550	9510	70277349
3428	-9640	-12192	-274	-226	23	-56	80	-106	9511	47555	9511	70277360
3434	-9645	-12197	-367	-279	24	-61	79	-107	9512	47560	9512	70277382
3375	-9634	-12132	-443	-326	16	-59	79	-109	9513	47565	9513	70277388
3352	-9610	-12165	-520	-348	3	-57	79	-111	9514	47570	9514	70277388
3359	-9684	-12132	-704	-348	-23	-58	79	-106	9515	47575	9515	70277389
3309	-9727	-12090	-879	-361	-66	-59	79	-103	9516	47580	9516	70277389
3250	-9668	-12135	-936	-368	-83	-54	80	-103	9517	47585	9517	70277390
3231	-9570	-12180	-973	-362	-57	-51	81	-103	9518	47590	9518	70277390
3256	-9576	-12173	-1014	-349	-57	-53	82	-106	9519	47595	9519	70277390
3216	-9591	-12196	-1026	-323	-95	-54	82	-108	9520	47600	9520	70277391
3204	-9568	-12266	-1028	-290	-121	-52	81	-103	9521	47605	9521	70277441
3194	-9631	-12234	-989	-295	-134	-51	81	-101	9522	47610	9522	70277458
3227	-9557	-12132	-896	-297	-152	-56	79	-107	9523	47615	9523	70277458
3287	-9470	-12139	-785	-292	-139	-57	79	-109	9524	47620	9524	70277459
3305	-9387	-12154	-649	-278	-156	-60	81	-104	9525	47625	9525	70277459
3308	-9442	-12159	-505	-265	-187	-61	81	-103	9526	47630	9526	70277460
3239	-9486	-12130	-362	-241	-225	-55	78	-106	9527	47635	9527	70277466
3278	-9466	-12181	-212	-238	-256	-53	77	-107	9528	47640	9528	70277478
3234	-9454	-12152	-98	-229	-300	-55	77	-103	9529	47645	9529	70277513
3270	-9630	-12294	-19	-197	-343	-55	77	-103	9530	47650	9530	70277513
3288	-9707	-12252	54	-196	-393	-60	74	-98	9531	47655	9531	70277513
3247	-9853	-12324	109	-190	-457	-61	73	-97	9532	47660	9532	70277513
3273	-9916	-12232	143	-182	-514	-55	79	-103	9533	47665	9533	70277513
3293	-9966	-12286	175	-190	-571	-54	80	-104	9534	47670	9534	70277513
3315	-10061	-12405	163	-202	-607	-55	82	-106	9535	47675	9535	70277513
3314	-10048	-12276	109	-238	-691	-55	83	-107	9536	47680	9536	70277520
3342	-10126	-12483	67	-264	-785	-56	81	-106	9537	47685	9537	70277548
3284	-10154	-12368	-7	-275	-892	-56	80	-106	9538	47690	9538	70277555
3322	-10094	-12394	-68	-287	-959	-53	77	-103	9539	47695	9539	70277555
3338	-10044	-12380	-89	-277	-1031	-53	77	-103	9540	47700	9540	70277555
3350	-9998	-12326	-71	-267	-1079	-56	78	-102	9541	47705	9541	70277555
3342	-9974	-12468	-58	-272	-1141	-56	78	-102	9542	47710	9542	70277555
3338	-9902	-12338	-70	-264	-1228	-55	77	-101	9543	47715	9543	70277555
3270	-9980	-12378	-125	-241	-1337	-55	77	-101	9544	47720	9544	70277555
3272	-10028	-12288	-169	-220	-1422	-54	84	-104	9545	47725	9545	70277555
3265	-10052	-12337	-156	-200	-1505	-54	83	-104	9546	47730	9546	70277555
