-9358	-2336	-12186	-2712	1753	-224	-530	4	-222	13667	68335	13667	70298187
-9344	-2290	-12216	-2750	1671	-220	-530	4	-222	13668	68340	13668	70298187
-9380	-2212	-12322	-2783	1587	-225	-528	0	-226	13669	68345	13669	70298187
-9362	-2090	-12452	-2827	1532	-227	-528	0	-226	13670	68350	13670	70298187
-9416	-2036	-12416	-2841	1471	-204	-529	1	-223	13671	68355	13671	70298187
-9490	-1972	-12454	-2861	1439	-196	-529	1	-223	13672	68360	13672	70298187
-9516	-1934	-12516	-2857	1406	-186	-532	2	-224	13673	68365	13673	70298187
-9538	-1826	-12644	-2834	1385	-143	-532	2	-224	13674	68370	13674	70298236
-9674	-1786	-12530	-2793	1371	-101	-529	5	-225	13675	68375	13675	70298236
-9672	-1701	-12739	-2724	1361	-71	-530	5	-224	13676	68380	13676	70298236
-9630	-1698	-12826	-2661	1342	-28	-535	5	-221	13677	68385	13677	70298237
-9676	-1640	-12800	-2590	1336	2	-535	5	-221	13678	68390	13678	70298237
-9648	-1682	-12794	-2494	1334	43	-526	-2	-226	13679	68395	13679	70298237
-9572	-1596	-12856	-2402	1320	67	-526	-2	-226	13680	68400	13680	70298237
-9548	-1610	-12918	-2308	1308	81	-532	2	-224	13681	68405	13681	70298248
-9590	-1636	-12968	-2229	1285	98	-532	2	-224	13682	68410	13682	70298283
-9424	-1634	-12980	-2145	1278	99	-527	1	-225	13683	68415	13683	70298283
-9324	-1575	-13013	-2060	1270	85	-529	1	-226	13684	68420	13684	70298283
-9252	-1640	-13043	-2009	1276	80	-536	0	-228	13685	68425	13685	70298283
-9162	-1670	-13042	-1975	1292	66	-534	1	-228	13686	68430	13686	70298284
-9075	-1694	-13113	-1937	1297	29	-526	4	-226	13687	68435	13687	70298284
-9011	-1729	-13068	-1897	1307	3	-528	4	-227	13688	68440	13688	70298284
-8887	-1747	-13059	-1862	1286	-12	-534	2	-232	13689	68445	13689	70298284
-8836	-1754	-13030	-1840	1231	-20	-533	2	-231	13690	68450	13690	70298285
-8740	-1806	-13030	-1822	1167	-10	-530	4	-226	13691	68455	13691	70298285
-8680	-1859	-13039	-1801	1100	-14	-530	4	-226	13692	68460	13692	70298285
-8588	-1877	-13082	-1790	1028	-8	-531	5	-225	13693	68465	13693	70298297
-8562	-1898	-13097	-1794	962	7	-527	5	-226	13694	68470	13694	70298318
-8502	-1862	-13008	-1806	905	11	-522	4	-228	13695	68475	13695	70298330
-8426	-1829	-12985	-1829	856	16	-523	3	-228	13696	68480	13696	70298343
-8406	-1810	-13021	-1855	797	11	-525	1	-227	13697	68485	13697	70298343
-8378	-1782	-13096	-1888	737	6	-528	0	-228	13698	68490	13698	70298343
-8349	-1726	-13099	-1926	675	0	-533	-1	-229	13699	68495	13699	70298343
-8304	-1666	-13095	-1968	611	-5	-531	-1	-228	13700	68500	13700	70298343
-8336	-1639	-13036	-2029	555	-8	-526	0	-226	13701	68505	13701	70298343
-8304	-1576	-12973	-2076	488	-2	-529	2	-228	13702	68510	13702	70298351
-8318	-1524	-13012	-2115	404	2	-534	4	-230	13703	68515	13703	70298375
-8353	-1490	-13038	-2127	313	20	-534	3	-230	13704	68520	13704	70298393
-8414	-1458	-13006	-2136	246	46	-534	2	-230	13705	68525	13705	70298393
-8504	-1389	-13020	-2135	210	56	-532	3	-230	13706	68530	13706	70298393
-8555	-1339	-13007	-2128	217	61	-530	4	-230	13707	68535	13707	70298393
-8588	-1364	-13026	-2117	277	70	-529	4	-227	13708	68540	13708	70298394
-8627	-1324	-12964	-2108	361	63	-528	4	-224	13709	68545	13709	70298395
-8632	-1339	-12981	-2104	439	38	-528	2	-229	13710	68550	13710	70298395
-8698	-1334	-13004	-2102	508	20	-528	0	-232	13711	68555	13711	70298395
-8777	-1304	-12997	-2101	569	-5	-527	2	-229	13712	68560	13712	70298395
-8858	-1277	-13016	-2101	619	-25	-527	3	-227	13713	68565	13713	70298396
-8903	-1337	-12965	-2098	657	-37	-526	1	-227	13714	68570	13714	70298396
-8941	-1376	-12931	-2100	676	-63	-525	-1	-227	13715	68575	13715	70298400
-8964	-1417	-12872	-2103	674	-80	-526	-1	-229	13716	68580	13716	70298418
-9065	-1471	-12804	-2094	669	-90	-527	-1	-231	13717	68585	13717	70298429
-9090	-1497	-12700	-2082	665	-98	-532	1	-225	13718	68590	13718	70298429
-9128	-1526	-12726	-2079	630	-111	-533	1	-223	13719	68595	13719	70298429
-9141	-1538	-12732	-2063	569	-114	-531	0	-225	13720	68600	13720	70298429
-9232	-1590	-12650	-2037	482	-125	-530	0	-226	13721	68605	13721	70298429
-9229	-1653	-12619	-2017	394	-131	-531	3	-227	13722	68610	13722	70298429
-9241	-1696	-12602	-1994	300	-144	-532	4	-228	13723	68615	13723	70298429
-9228	-1701	-12524	-1976	207	-166	-530	3	-227	13724	68620	13724	70298446
-9243	-1737	-12478	-1968	102	-189	-528	2	-226	13725	68625	13725	70298489
-9324	-1740	-12512	-1959	24	-210	-528	4	-226	13726	68630	13726	70298500
-9379	-1773	-12466	-1966	-25	-248	-528	4	-226	13727	68635	13727	70298501
-9422	-1678	-12410	-1966	-54	-280	-529	0	-227	13728	68640	13728	70298502
-9443	-1602	-12344	-1968	-61	-288	-529	-1	-227	13729	68645	13729	70298503
-9489	-1691	-12354	-1962	-48	-308	-527	2	-224	13730	68650	13730	70298503
-9556	-1676	-12306	-1951	-26	-306	-527	3	-223	13731	68655	13731	70298504
-9503	-1685	-12271	-1931	12	-310	-528	1	-225	13732	68660	13732	70298504
-9508	-1684	-12316	-1922	59	-309	-528	0	-226	13733	68665	13733	70298504
-9470	-1634	-12426	-1913	134	-305	-528	-4	-228	13734	68670	13734	70298565
-9458	-1686	-12344	-1902	181	-294	-528	-4	-228	13735	68675	13735	70298567
-9558	-1732	-12342	-1894	234	-285	-531	3	-225	13736	68680	13736	70298567
-9490	-1706	-12484	-1876	268	-249	-531	3	-225	13737	68685	13737	70298567
-9538	-1760	-12466	-1852	292	-219	-524	0	-222	13738	68690	13738	70298567
-9556	-1748	-12530	-1839	306	-215	-524	0	-222	13739	68695	13739	70298567
-9580	-1786	-12486	-1825	324	-191	-530	-2	-226	13740	68700	13740	70298568
-9578	-1824	-12552	-1821	339	-175	-530	-2	-226	13741	68705	13741	70298568
-9610	-1787	-12496	-1806	323	-191	-531	5	-223	13742	68710	13742	70298578
-9639	-1827	-12487	-1797	313	-200	-530	3	-223	13743	68715	13743	70298586
-9695	-1850	-12500	-1804	311	-224	-528	-4	-224	13744	68720	13744	70298586
-9708	-1872	-12550	-1822	312	-251	-528	-4	-224	13745	68725	13745	70298586
-9768	-1974	-12536	-1848	313	-278	-530	4	-222	13746	68730	13746	70298586
-9736	-1862	-12480	-1868	315	-321	-530	4	-222	13747	68735	13747	70298587
-9794	-1910	-12392	-1912	299	-347	-525	1	-223	13748	68740	13748	70298587
-9758	-1890	-12458	-1947	291	-361	-525	1	-223	13749	68745	13749	70298587
-9754	-1926	-12548	-1983	305	-369	-530	0	-228	13750	68750	13750	70298587
-9784	-1843	-12484	-2032	328	-371	-530	0	-227	13751	68755	13751	70298587
-9737	-1841	-12456	-2080	350	-368	-531	-1	-225	13752	68760	13752	70298587
-9719	-1826	-12484	-2109	375	-358	-530	-1	-226	13753	68765	13753	70298587
-9639	-1867	-12497	-2137	390	-331	-524	0	-230	13754	68770	13754	70298589
-9676	-1803	-12517	-2166	402	-297	-525	1	-229	13755	68775	13755	70298601
-9646	-1812	-12499	-2177	417	-258	-530	4	-224	13756	68780	13756	70298623
-9638	-1802	-12446	-2167	427	-226	-530	5	-225	13757	68785	13757	70298623
-9670	-1804	-12450	-2150	450	-188	-530	8	-230	13758	68790	13758	70298623
-9670	-1801	-12424	-2118	477	-152	-529	6	-228	13759	68795	13759	70298623
-9695	-1786	-12393	-2088	511	-118	-527	3	-225	13760	68800	13760	70298623
-9692	-1804	-12384	-2056	547	-87	-527	3	-226	13761	68805	13761	70298623
-9647	-1877	-12320	-2026	589	-67	-527	3	-227	13762	68810	13762	70298623
-9634	-1893	-12294	-1999	624	-53	-527	2	-228	13763	68815	13763	70298624
-9638	-1863	-12309	-1973	650	-48	-528	0	-230	13764	68820	13764	70298631
-9590	-1901	-12301	-1941	670	-44	-530	3	-228	13765	68825	13765	70298653
-9512	-1957	-12327	-1921	690	-42	-533	7	-225	13766	68830	13766	70298670
-9499	-1939	-12367	-1912	688	-49	-531	5	-223	13767	68835	13767	70298671
-9477	-1914	-12343	-1905	680	-60	-529	1	-221	13768	68840	13768	70298671
-9428	-1918	-12384	-1914	672	-82	-530	2	-225	13769	68845	13769	70298671
-9395	-1936	-12375	-1929	657	-112	-532	4	-230	13770	68850	13770	70298672
-9374	-1948	-12341	-1950	638	-137	-529	3	-227	13771	68855	13771	70298673
-9398	-1927	-12416	-1984	627	-160	-525	1	-223	13772	68860	13772	70298676
-9397	-1918	-12471	-2023	620	-178	-525	1	-225	13773	68865	13773	70298692
-9387	-1914	-12492	-2070	618	-191	-525	1	-227	13774	68870	13774	70298709
-9377	-1945	-12561	-2128	625	-192	-526	5	-228	13775	68875	13775	70298709
-9348	-1916	-12559	-2185	645	-193	-526	8	-228	13776	68880	13776	70298709
-9362	-1948	-12512	-2226	661	-184	-528	3	-230	13777	68885	13777	70298709
-9364	-1957	-12528	-2254	685	-167	-529	-1	-231	13778	68890	13778	70298709
-9379	-1940	-12546	-2268	710	-134	-529	1	-227	13779	68895	13779	70298709
-9381	-1944	-12576	-2267	720	-105	-529	3	-225	13780	68900	13780	70298727
-9360	-1984	-12568	-2251	704	-67	-527	4	-224	13781	68905	13781	70298745
-9366	-2026	-12599	-2217	672	-36	-526	4	-224	13782	68910	13782	70298749
-9453	-2046	-12655	-2177	621	-12	-530	2	-230	13783	68915	13783	70298750
-9536	-2039	-12662	-2146	564	4	-532	0	-234	13784	68920	13784	70298750
-9567	-2087	-12652	-2121	519	9	-531	-1	-230	13785	68925	13785	70298750
-9574	-2106	-12653	-2094	507	16	-531	-1	-229	13786	68930	13786	70298751
-9492	-2140	-12635	-2073	516	21	-529	1	-231	13787	68935	13787	70298765
-9395	-2146	-12713	-2066	557	28	-529	1	-231	13788	68940	13788	70298799
-9300	-2130	-12643	-2066	622	19	-532	2	-230	13789	68945	13789	70298807
-9195	-2169	-12615	-2065	709	-3	-533	3	-229	13790	68950	13790	70298808
-9120	-2184	-12632	-2059	800	-25	-532	5	-225	13791	68955	13791	70298808
-9111	-2144	-12560	-2039	856	-21	-531	7	-223	13792	68960	13792	70298808
-9080	-2139	-12603	-2013	833	-21	-531	1	-231	13793	68965	13793	70298809
-9026	-2169	-12650	-1978	765	-22	-531	-1	-233	13794	68970	13794	70298809
-8910	-2131	-12770	-1954	675	14	-529	-4	-230	13795	68975	13795	70298809
-8884	-2144	-12880	-1939	605	19	-529	-5	-229	13796	68980	13796	70298810
-8882	-2140	-12826	-1950	564	12	-531	-3	-227	13797	68985	13797	70298824
-8890	-2064	-12821	-1975	562	4	-531	-3	-227	13798	68990	13798	70298850
-8903	-2003	-12822	-2013	590	-11	-530	-2	-229	13799	68995	13799	70298856
-8928	-1978	-12808	-2076	636	-48	-530	-2	-230	13800	69000	13800	70298856
-8884	-1942	-12840	-2138	645	-71	-532	-4	-230	13801	69005	13801	70298856
-8884	-1936	-12786	-2219	631	-90	-532	-4	-230	13802	69010	13802	70298856
-8940	-1900	-12754	-2274	626	-90	-528	-2	-226	13803	69015	13803	70298856
-8960	-1980	-12840	-2314	609	-91	-528	-2	-226	13804	69020	13804	70298856
-8916	-1988	-12734	-2354	580	-101	-530	0	-226	13805	69025	13805	70298856
-8914	-1996	-12722	-2380	575	-83	-530	0	-226	13806	69030	13806	70298856
-8948	-2030	-12764	-2361	554	-70	-529	-1	-229	13807	69035	13807	70298856
-9008	-2026	-12722	-2323	532	-52	-529	-1	-229	13808	69040	13808	70298856
-8996	-1975	-12680	-2268	478	-33	-532	6	-228	13809	69045	13809	70298869
-8992	-1988	-12690	-2227	415	-20	-531	4	-228	13810	69050	13810	70298895
-8970	-1973	-12670	-2181	354	-9	-529	-3	-227	13811	69055	13811	70298896
-8970	-2020	-12730	-2129	298	-12	-529	-3	-227	13812	69060	13812	70298896
-8898	-1984	-12674	-2092	242	-23	-527	3	-223	13813	69065	13813	70298896
-8976	-1950	-12674	-2061	205	-30	-527	3	-223	13814	69070	13814	70298896
-8976	-1872	-12704	-2047	172	-37	-530	0	-230	13815	69075	13815	70298896
-8942	-1888	-12698	-2027	169	-58	-530	0	-230	13816	69080	13816	70298896
-8940	-1819	-12737	-2029	176	-91	-524	-2	-228	13817	69085	13817	70298913
-8943	-1812	-12802	-2034	202	-94	-525	-1	-228	13818	69090	13818	70298956
-8879	-1787	-12880	-2047	248	-104	-529	1	-227	13819	69095	13819	70298957
-8919	-1715	-12840	-2067	290	-107	-528	0	-228	13820	69100	13820	70298957
-8862	-1732	-12882	-2074	336	-111	-525	-3	-231	13821	69105	13821	70298957
-8844	-1754	-12946	-2088	373	-100	-526	-3	-230	13822	69110	13822	70298957
-8860	-1768	-12916	-2105	382	-78	-529	-1	-225	13823	69115	13823	70298957
-8853	-1797	-12895	-2116	385	-56	-530	-1	-225	13824	69120	13824	70298957
-8861	-1724	-12891	-2126	366	-24	-533	-1	-225	13825	69125	13825	70298957
-8859	-1722	-12920	-2139	337	-12	-533	0	-227	13826	69130	13826	70298966
-8920	-1732	-12878	-2147	307	-1	-532	2	-230	13827	69135	13827	70298982
-8967	-1754	-12888	-2156	285	-1	-530	4	-232	13828	69140	13828	70298987
-8966	-1751	-12932	-2159	268	-4	-527	7	-235	13829	69145	13829	70298987
-8985	-1762	-12852	-2156	249	-6	-526	6	-232	13830	69150	13830	70298987
-9008	-1760	-12746	-2159	239	-28	-525	5	-227	13831	69155	13831	70298988
-9065	-1756	-12766	-2165	235	-48	-526	1	-225	13832	69160	13832	70298988
-9054	-1773	-12710	-2174	224	-74	-527	-5	-223	13833	69165	13833	70299014
-9040	-1755	-12676	-2189	207	-111	-527	-3	-225	13834	69170	13834	70299039
-9087	-1723	-12690	-2199	187	-135	-527	-1	-227	13835	69175	13835	70299039
-9097	-1736	-12663	-2208	176	-146	-529	-1	-223	13836	69180	13836	70299040
-9062	-1746	-12581	-2218	174	-161	-532	-2	-218	13837	69185	13837	70299040
-9091	-1764	-12596	-2222	171	-170	-530	-1	-221	13838	69190	13838	70299040
-9065	-1754	-12584	-2218	173	-169	-527	1	-225	13839	69195	13839	70299041
-9057	-1749	-12564	-2211	173	-153	-526	1	-227	13840	69200	13840	70299041
-9058	-1726	-12570	-2196	171	-127	-524	2	-230	13841	69205	13841	70299041
-9052	-1713	-12602	-2176	150	-104	-527	0	-228	13842	69210	13842	70299042
-9071	-1701	-12650	-2156	107	-85	-530	-2	-226	13843	69215	13843	70299042
-9116	-1713	-12684	-2139	65	-59	-528	0	-225	13844	69220	13844	70299042
-9178	-1709	-12727	-2130	20	-42	-527	1	-225	13845	69225	13845	70299068
-9256	-1695	-12684	-2111	-5	-45	-530	0	-227	13846	69230	13846	70299086
-9267	-1722	-12660	-2092	8	-51	-532	0	-228	13847	69235	13847	70299086
-9273	-1747	-12626	-2079	55	-56	-532	0	-224	13848	69240	13848	70299086
-9290	-1757	-12652	-2062	126	-66	-532	0	-222	13849	69245	13849	70299087
-9328	-1781	-12699	-2057	229	-84	-531	-1	-224	13850	69250	13850	70299087
-9348	-1826	-12614	-2056	298	-115	-531	-1	-225	13851	69255	13851	70299087
-9364	-1849	-12613	-2062	333	-137	-529	1	-228	13852	69260	13852	70299087
-9350	-1823	-12608	-2062	351	-157	-529	1	-229	13853	69265	13853	70299088
-9368	-1824	-12494	-2064	345	-163	-528	-3	-230	13854	69270	13854	70299088
-9416	-1805	-12620	-2063	337	-179	-528	-4	-230	13855	69275	13855	70299102
-9439	-1829	-12621	-2064	326	-178	-531	-4	-225	13856	69280	13856	70299125
-9393	-1832	-12609	-2062	315	-178	-532	-4	-224	13857	69285	13857	70299130
-9355	-1838	-12597	-2062	309	-178	-530	0	-227	13858	69290	13858	70299130
-9321	-1817	-12560	-2064	308	-174	-529	3	-229	13859	69295	13859	70299130
-9344	-1861	-12460	-2061	300	-170	-529	0	-227	13860	69300	13860	70299131
-9342	-1893	-12483	-2063	292	-151	-529	-1	-227	13861	69305	13861	70299131
-9286	-1767	-12534	-2062	282	-146	-533	-2	-231	13862	69310	13862	70299131
-9293	-1766	-12504	-2057	270	-140	-534	-2	-232	13863	69315	13863	70299131
-9234	-1833	-12526	-2050	274	-140	-527	2	-230	13864	69320	13864	70299131
-9298	-1773	-12537	-2038	274	-127	-525	3	-229	13865	69325	13865	70299131
-9310	-1789	-12503	-2025	288	-125	-526	-1	-225	13866	69330	13866	70299140
-9268	-1830	-12552	-2020	310	-123	-526	-2	-224	13867	69335	13867	70299176
-9314	-1732	-12630	-2014	318	-114	-537	-7	-233	13868	69340	13868	70299177
-9254	-1796	-12670	-2008	321	-115	-537	-7	-233	13869	69345	13869	70299177
-9332	-1838	-12692	-1995	328	-107	-527	-3	-231	13870	69350	13870	70299177
-9292	-1818	-12658	-2012	332	-121	-527	-3	-231	13871	69355	13871	70299177
-9344	-1846	-12612	-2016	339	-139	-526	8	-222	13872	69360	13872	70299178
-9264	-1802	-12646	-2022	346	-129	-526	8	-222	13873	69365	13873	70299178
-9270	-1864	-12636	-2034	356	-147	-529	-3	-227	13874	69370	13874	70299246
-9224	-1942	-12730	-2025	353	-159	-529	-3	-227	13875	69375	13875	70299258
-9288	-1931	-12568	-2041	353	-178	-530	4	-230	13876	69380	13876	70299258
-9282	-1946	-12601	-2056	360	-191	-531	3	-229	13877	69385	13877	70299258
-9286	-1948	-12638	-2067	351	-209	-533	-1	-223	13878	69390	13878	70299258
-9304	-1905	-12684	-2084	357	-215	-533	-1	-225	13879	69395	13879	70299258
-9312	-1922	-12714	-2100	357	-222	-531	1	-235	13880	69400	13880	70299258
-9288	-1894	-12648	-2104	371	-226	-531	1	-235	13881	69405	13881	70299258
-9306	-1818	-12672	-2120	376	-213	-529	-1	-227	13882	69410	13882	70299258
-9290	-1810	-12732	-2137	400	-216	-529	-1	-227	13883	69415	13883	70299260
-9287	-1803	-12629	-2143	433	-213	-524	2	-224	13884	69420	13884	70299318
-9260	-1783	-12618	-2148	457	-201	-526	1	-224	13885	69425	13885	70299319
-9268	-1788	-12602	-2145	477	-186	-532	-4	-224	13886	69430	13886	70299319
-9306	-1782	-12534	-2143	502	-160	-531	-4	-225	13887	69435	13887	70299319
-9286	-1772	-12642	-2124	518	-126	-528	-2	-228	13888	69440	13888	70299319
-9262	-1785	-12645	-2102	528	-107	-528	-1	-228	13889	69445	13889	70299319
-9234	-1732	-12592	-2081	530	-89	-528	2	-228	13890	69450	13890	70299319
-9229	-1703	-12607	-2056	530	-69	-528	1	-228	13891	69455	13891	70299319
-9236	-1725	-12675	-2019	525	-54	-527	-1	-227	13892	69460	13892	70299319
-9219	-1750	-12675	-1978	511	-47	-526	1	-229	13893	69465	13893	70299320
-9242	-1771	-12668	-1950	494	-43	-525	5	-231	13894	69470	13894	70299320
-9188	-1783	-12717	-1932	472	-44	-527	4	-229	13895	69475	13895	70299321
-9152	-1808	-12746	-1920	451	-39	-529	3	-227	13896	69480	13896	70299322
-9168	-1835	-12731	-1912	419	-57	-529	2	-227	13897	69485	13897	70299322
-9184	-1868	-12696	-1918	389	-77	-528	0	-226	13898	69490	13898	70299325
-9165	-1849	-12703	-1939	375	-87	-529	-1	-225	13899	69495	13899	70299340
-9073	-1845	-12712	-1966	355	-110	-530	-2	-224	13900	69500	13900	70299355
-9078	-1835	-12673	-1997	334	-136	-529	0	-228	13901	69505	13901	70299355
-9095	-1804	-12654	-2015	335	-150	-529	1	-231	13902	69510	13902	70299355
-9104	-1830	-12678	-2031	341	-158	-530	-1	-228	13903	69515	13903	70299355
-9114	-1888	-12708	-2053	344	-168	-531	-5	-223	13904	69520	13904	70299355
-9114	-1875	-12715	-2068	355	-163	-528	-3	-223	13905	69525	13905	70299364
-9130	-1876	-12738	-2082	371	-159	-524	0	-224	13906	69530	13906	70299411
-9132	-1856	-12714	-2103	398	-162	-527	1	-226	13907	69535	13907	70299461
-9063	-1819	-12702	-2116	420	-146	-532	2	-228	13908	69540	13908	70299461
-9021	-1846	-12721	-2115	450	-126	-530	-1	-227	13909	69545	13909	70299462
-9054	-1881	-12666	-2118	478	-116	-529	-3	-227	13910	69550	13910	70299462
-9043	-1874	-12743	-2106	491	-104	-531	0	-228	13911	69555	13911	70299462
-8997	-1846	-12804	-2092	482	-95	-532	2	-228	13912	69560	13912	70299463
-8958	-1843	-12826	-2075	453	-76	-531	-2	-230	13913	69565	13913	70299463
-8969	-1866	-12804	-2052	392	-61	-531	-5	-231	13914	69570	13914	70299463
-9066	-1850	-12818	-2032	317	-60	-530	-4	-229	13915	69575	13915	70299463
-9106	-1905	-12843	-2028	234	-63	-529	-3	-227	13916	69580	13916	70299464
-9165	-1876	-12740	-2044	148	-87	-529	-6	-227	13917	69585	13917	70299464
-9249	-1863	-12847	-2059	105	-122	-529	-7	-227	13918	69590	13918	70299484
-9269	-1890	-12876	-2084	111	-141	-532	-4	-227	13919	69595	13919	70299496
-9252	-1928	-12823	-2112	166	-166	-533	-3	-227	13920	69600	13920	70299498
-9130	-1915	-12804	-2132	261	-177	-534	-1	-226	13921	69605	13921	70299498
-9086	-1916	-12871	-2157	378	-177	-534	0	-226	13922	69610	13922	70299498
-9028	-1875	-12749	-2159	503	-182	-531	2	-228	13923	69615	13923	70299498
-8984	-1821	-12749	-2148	592	-173	-530	2	-228	13924	69620	13924	70299498
-8960	-1768	-12724	-2112	622	-132	-531	-4	-226	13925	69625	13925	70299498
-8950	-1820	-12719	-2073	579	-86	-531	-5	-225	13926	69630	13926	70299499
-8937	-1804	-12813	-2020	477	-41	-528	1	-231	13927	69635	13927	70299499
-8944	-1858	-12825	-1982	340	-9	-527	3	-233	13928	69640	13928	70299499
-8984	-1844	-12849	-1963	235	-12	-528	1	-229	13929	69645	13929	70299499
-9000	-1823	-12874	-1951	165	-11	-528	0	-228	13930	69650	13930	70299499
-9055	-1785	-12875	-1951	146	-36	-526	-2	-227	13931	69655	13931	70299507
-9086	-1734	-12794	-1982	183	-78	-525	-3	-227	13932	69660	13932	70299509
-9130	-1751	-12848	-2019	262	-123	-527	3	-225	13933	69665	13933	70299510
-9174	-1706	-12764	-2078	372	-162	-527	5	-225	13934	69670	13934	70299531
-9082	-1702	-12678	-2129	431	-185	-527	-1	-225	13935	69675	13935	70299552
-9140	-1748	-12650	-2167	482	-210	-527	-1	-225	13936	69680	13936	70299553
-9132	-1774	-12588	-2211	512	-210	-527	-7	-227	13937	69685	13937	70299553
-9166	-1756	-12648	-2227	520	-224	-527	-7	-227	13938	69690	13938	70299553
-9112	-1766	-12694	-2232	510	-210	-522	-2	-224	13939	69695	13939	70299554
