2876	-9583	-12215	-158	-330	266	-52	91	-108	15588	77940	15588	70307739
2900	-9610	-12214	-166	-327	253	-54	92	-108	15589	77945	15589	70307746
2920	-9574	-12235	-176	-327	246	-54	90	-108	15590	77950	15590	70307766
2920	-9543	-12285	-183	-335	241	-54	88	-108	15591	77955	15591	70307776
2943	-9545	-12352	-190	-342	237	-55	92	-107	15592	77960	15592	70307776
2952	-9531	-12314	-190	-348	234	-55	95	-107	15593	77965	15593	70307777
2910	-9532	-12319	-193	-339	231	-55	92	-107	15594	77970	15594	70307777
2902	-9554	-12337	-202	-329	221	-55	89	-107	15595	77975	15595	70307777
2935	-9550	-12262	-211	-332	219	-55	90	-108	15596	77980	15596	70307777
2925	-9553	-12264	-224	-329	223	-55	91	-109	15597	77985	15597	70307777
2913	-9564	-12286	-228	-319	223	-56	90	-107	15598	77990	15598	70307777
2882	-9523	-12279	-227	-314	221	-56	90	-106	15599	77995	15599	70307777
2886	-9513	-12274	-236	-314	216	-56	94	-105	15600	78000	15600	70307788
2887	-9486	-12276	-247	-312	211	-56	96	-104	15601	78005	15601	70307806
2906	-9515	-12289	-254	-301	209	-55	94	-111	15602	78010	15602	70307814
2838	-9510	-12304	-258	-294	211	-54	92	-116	15603	78015	15603	70307814
2842	-9520	-12349	-252	-302	217	-50	91	-107	15604	78020	15604	70307814
2844	-9476	-12306	-247	-300	226	-48	90	-104	15605	78025	15605	70307815
2870	-9468	-12262	-250	-275	218	-55	91	-108	15606	78030	15606	70307815
2872	-9454	-12312	-246	-270	228	-57	91	-109	15607	78035	15607	70307815
2873	-9474	-12326	-233	-260	236	-52	86	-109	15608	78040	15608	70307847
2874	-9501	-12312	-234	-251	237	-51	85	-109	15609	78045	15609	70307855
2874	-9514	-12271	-233	-246	239	-57	87	-107	15610	78050	15610	70307855
2898	-9578	-12292	-227	-227	246	-58	88	-106	15611	78055	15611	70307855
2896	-9496	-12268	-232	-221	253	-55	88	-111	15612	78060	15612	70307855
2906	-9502	-12332	-242	-217	262	-54	88	-112	15613	78065	15613	70307855
2832	-9450	-12298	-239	-225	251	-59	87	-109	15614	78070	15614	70307855
2868	-9464	-12328	-243	-212	253	-59	87	-109	15615	78075	15615	70307872
2930	-9468	-12364	-248	-200	254	-54	90	-106	15616	78080	15616	70307895
2892	-9515	-12299	-256	-186	263	-54	90	-106	15617	78085	15617	70307895
2882	-9500	-12296	-256	-183	252	-52	92	-104	15618	78090	15618	70307896
2901	-9449	-12296	-251	-181	251	-52	92	-104	15619	78095	15619	70307896
2935	-9476	-12317	-260	-177	254	-56	91	-106	15620	78100	15620	70307896
2876	-9448	-12232	-253	-184	262	-57	91	-107	15621	78105	15621	70307896
2912	-9426	-12250	-259	-174	273	-53	89	-107	15622	78110	15622	70307897
2904	-9522	-12326	-252	-174	259	-53	89	-107	15623	78115	15623	70307932
2938	-9454	-12282	-243	-177	248	-55	87	-107	15624	78120	15624	70307932
2924	-9416	-12358	-251	-166	262	-55	87	-107	15625	78125	15625	70307932
2952	-9524	-12342	-261	-165	260	-57	87	-107	15626	78130	15626	70307933
2896	-9526	-12258	-250	-152	240	-57	87	-107	15627	78135	15627	70307933
2924	-9550	-12300	-256	-152	249	-55	87	-105	15628	78140	15628	70307933
2971	-9510	-12264	-254	-150	238	-54	87	-106	15629	78145	15629	70307933
2924	-9486	-12212	-258	-153	233	-51	89	-109	15630	78150	15630	70307933
2944	-9470	-12300	-248	-156	236	-51	90	-110	15631	78155	15631	70307939
2923	-9491	-12271	-242	-156	238	-53	95	-113	15632	78160	15632	70307964
2942	-9474	-12221	-230	-152	233	-54	94	-112	15633	78165	15633	70307971
2940	-9482	-12333	-222	-161	235	-57	91	-109	15634	78170	15634	70307976
2952	-9440	-12259	-216	-165	232	-56	92	-109	15635	78175	15635	70307976
2984	-9433	-12286	-213	-161	230	-52	94	-108	15636	78180	15636	70307976
2923	-9403	-12220	-208	-163	230	-52	93	-109	15637	78185	15637	70307976
2915	-9426	-12265	-207	-167	225	-52	90	-110	15638	78190	15638	70307979
2941	-9464	-12307	-206	-160	226	-54	90	-108	15639	78195	15639	70307991
2946	-9497	-12304	-214	-160	227	-57	91	-105	15640	78200	15640	70308008
2946	-9442	-12314	-226	-160	224	-58	90	-105	15641	78205	15641	70308008
2972	-9413	-12210	-227	-166	229	-60	88	-106	15642	78210	15642	70308008
2982	-9460	-12245	-226	-164	230	-59	87	-106	15643	78215	15643	70308008
3022	-9457	-12263	-230	-165	236	-55	85	-105	15644	78220	15644	70308008
3021	-9419	-12303	-236	-177	238	-56	87	-106	15645	78225	15645	70308008
3032	-9418	-12273	-220	-188	244	-59	91	-107	15646	78230	15646	70308011
3050	-9406	-12288	-195	-189	247	-57	89	-107	15647	78235	15647	70308028
3061	-9438	-12260	-172	-196	254	-55	87	-107	15648	78240	15648	70308045
3093	-9429	-12202	-162	-201	255	-55	87	-108	15649	78245	15649	70308045
3082	-9402	-12238	-145	-202	260	-56	88	-110	15650	78250	15650	70308045
3072	-9418	-12296	-130	-213	269	-54	88	-107	15651	78255	15651	70308045
3082	-9431	-12310	-131	-224	276	-50	88	-102	15652	78260	15652	70308045
3066	-9425	-12292	-120	-232	285	-51	87	-105	15653	78265	15653	70308049
3057	-9460	-12295	-106	-237	288	-52	86	-110	15654	78270	15654	70308068
3068	-9465	-12279	-103	-240	283	-55	87	-109	15655	78275	15655	70308083
3083	-9426	-12239	-98	-235	279	-57	87	-109	15656	78280	15656	70308083
3091	-9462	-12188	-91	-235	285	-55	90	-108	15657	78285	15657	70308083
3068	-9474	-12173	-97	-242	285	-54	92	-108	15658	78290	15658	70308083
3024	-9477	-12241	-111	-249	267	-55	91	-107	15659	78295	15659	70308084
2972	-9508	-12243	-118	-247	246	-56	90	-106	15660	78300	15660	70308084
2952	-9520	-12208	-124	-246	224	-54	89	-107	15661	78305	15661	70308088
2961	-9536	-12249	-142	-248	211	-53	89	-107	15662	78310	15662	70308108
2954	-9586	-12309	-156	-249	194	-55	90	-106	15663	78315	15663	70308120
2944	-9589	-12298	-175	-243	169	-56	90	-106	15664	78320	15664	70308120
2960	-9594	-12278	-199	-244	137	-53	93	-109	15665	78325	15665	70308120
2973	-9595	-12283	-215	-250	109	-51	95	-111	15666	78330	15666	70308120
2950	-9587	-12306	-232	-254	90	-53	91	-109	15667	78335	15667	70308120
2953	-9571	-12288	-249	-256	69	-55	89	-107	15668	78340	15668	70308120
2947	-9535	-12271	-255	-266	57	-53	90	-108	15669	78345	15669	70308164
2956	-9531	-12279	-256	-269	46	-52	90	-108	15670	78350	15670	70308198
2901	-9489	-12240	-255	-286	37	-57	89	-109	15671	78355	15671	70308201
2956	-9462	-12311	-244	-282	32	-59	89	-109	15672	78360	15672	70308201
2952	-9458	-12182	-221	-279	29	-58	90	-108	15673	78365	15673	70308201
2895	-9376	-12246	-198	-279	30	-58	90	-108	15674	78370	15674	70308201
2952	-9348	-12232	-176	-269	33	-55	90	-105	15675	78375	15675	70308201
2892	-9344	-12265	-146	-275	28	-54	90	-104	15676	78380	15676	70308208
2966	-9365	-12244	-128	-263	31	-54	90	-107	15677	78385	15677	70308231
2940	-9412	-12303	-109	-258	43	-54	90	-108	15678	78390	15678	70308238
2946	-9430	-12276	-118	-251	49	-59	89	-105	15679	78395	15679	70308238
2992	-9456	-12240	-114	-255	46	-59	89	-105	15680	78400	15680	70308239
2904	-9450	-12204	-108	-261	45	-53	87	-107	15681	78405	15681	70308239
2898	-9428	-12234	-113	-263	54	-53	87	-107	15682	78410	15682	70308239
2984	-9472	-12276	-120	-255	42	-56	88	-110	15683	78415	15683	70308239
2980	-9406	-12328	-116	-265	41	-56	88	-110	15684	78420	15684	70308240
3008	-9428	-12341	-114	-272	38	-51	86	-112	15685	78425	15685	70308240
2998	-9478	-12318	-120	-267	39	-50	86	-112	15686	78430	15686	70308240
3010	-9484	-12362	-120	-278	29	-54	92	-108	15687	78435	15687	70308240
2996	-9514	-12384	-129	-293	12	-55	93	-107	15688	78440	15688	70308241
3044	-9504	-12324	-143	-294	-4	-52	94	-108	15689	78445	15689	70308241
3000	-9484	-12336	-142	-303	-20	-52	94	-108	15690	78450	15690	70308243
2944	-9480	-12354	-148	-301	-35	-51	85	-109	15691	78455	15691	70308244
2894	-9530	-12490	-157	-301	-46	-51	85	-109	15692	78460	15692	70308244
2936	-9454	-12340	-186	-284	-58	-55	95	-107	15693	78465	15693	70308260
2886	-9410	-12416	-212	-279	-58	-55	95	-107	15694	78470	15694	70308266
2880	-9466	-12546	-234	-253	-67	-53	91	-113	15695	78475	15695	70308266
2814	-9470	-12642	-314	-200	-88	-52	91	-113	15696	78480	15696	70308266
2814	-9492	-12688	-390	-158	-99	-46	92	-112	15697	78485	15697	70308266
2770	-9423	-12750	-468	-116	-111	-47	92	-111	15698	78490	15698	70308266
2708	-9419	-12674	-542	-67	-99	-53	93	-107	15699	78495	15699	70308266
2683	-9370	-12699	-598	-17	-80	-52	93	-107	15700	78500	15700	70308271
2684	-9296	-12758	-632	28	-72	-47	93	-105	15701	78505	15701	70308297
2662	-9215	-12736	-650	73	-53	-49	91	-106	15702	78510	15702	70308320
2607	-9154	-12679	-638	148	-42	-59	83	-111	15703	78515	15703	70308320
2649	-9181	-12666	-607	229	-34	-58	86	-111	15704	78520	15704	70308325
2636	-9205	-12694	-544	302	-19	-55	93	-111	15705	78525	15705	70308343
2649	-9244	-12734	-497	364	-12	-55	89	-111	15706	78530	15706	70308350
2687	-9262	-12729	-450	420	-1	-54	84	-110	15707	78535	15707	70308350
2706	-9300	-12766	-429	482	9	-55	86	-110	15708	78540	15708	70308350
2709	-9394	-12798	-399	542	10	-58	92	-112	15709	78545	15709	70308350
2735	-9367	-12788	-373	588	5	-57	92	-111	15710	78550	15710	70308350
2742	-9474	-12774	-353	636	-1	-53	93	-109	15711	78555	15711	70308350
2713	-9566	-12715	-364	689	-1	-53	93	-107	15712	78560	15712	70308360
2764	-9680	-12740	-418	738	-30	-54	92	-102	15713	78565	15713	70308388
2769	-9746	-12765	-490	789	-63	-54	91	-105	15714	78570	15714	70308388
2800	-9754	-12686	-576	828	-107	-55	89	-109	15715	78575	15715	70308388
2807	-9774	-12590	-664	868	-154	-54	90	-108	15716	78580	15716	70308389
2800	-9827	-12626	-756	912	-199	-52	92	-106	15717	78585	15717	70308389
2802	-9894	-12578	-849	941	-242	-53	90	-107	15718	78590	15718	70308390
2840	-10020	-12489	-948	960	-309	-54	86	-108	15719	78595	15719	70308392
2829	-10021	-12530	-1071	992	-381	-53	88	-108	15720	78600	15720	70308394
2804	-10036	-12544	-1186	1018	-424	-51	89	-107	15721	78605	15721	70308395
2904	-10147	-12476	-1294	1019	-497	-51	90	-105	15722	78610	15722	70308407
2904	-10211	-12360	-1392	1024	-605	-51	91	-103	15723	78615	15723	70308421
2893	-10065	-12289	-1458	1009	-672	-53	88	-107	15724	78620	15724	70308425
2973	-9918	-12263	-1525	1005	-699	-55	87	-109	15725	78625	15725	70308425
3081	-9852	-12242	-1601	1019	-719	-56	88	-107	15726	78630	15726	70308425
3159	-9766	-12262	-1670	1021	-789	-56	88	-106	15727	78635	15727	70308425
3237	-9817	-12287	-1716	1017	-844	-56	88	-110	15728	78640	15728	70308425
3313	-9892	-12303	-1788	1016	-891	-56	88	-112	15729	78645	15729	70308433
3350	-9904	-12226	-1874	990	-958	-49	89	-111	15730	78650	15730	70308453
3351	-10028	-12185	-1982	954	-1026	-46	90	-110	15731	78655	15731	70308462
3403	-10080	-12214	-2130	955	-1100	-53	89	-108	15732	78660	15732	70308462
3480	-10019	-12156	-2271	951	-1141	-57	89	-107	15733	78665	15733	70308462
3584	-9913	-12129	-2391	916	-1153	-56	88	-108	15734	78670	15734	70308462
3672	-9797	-12088	-2505	889	-1191	-56	88	-108	15735	78675	15735	70308462
3732	-9738	-12030	-2604	876	-1234	-55	86	-108	15736	78680	15736	70308462
3761	-9691	-12070	-2715	854	-1263	-54	84	-108	15737	78685	15737	70308495
3808	-9654	-12003	-2804	826	-1295	-52	86	-108	15738	78690	15738	70308507
3914	-9662	-11995	-2886	811	-1324	-52	86	-108	15739	78695	15739	70308507
3885	-9580	-11990	-2968	784	-1351	-56	87	-107	15740	78700	15740	70308507
3923	-9444	-11970	-3027	728	-1360	-57	87	-107	15741	78705	15741	70308508
3984	-9381	-12019	-3068	704	-1383	-53	86	-106	15742	78710	15742	70308508
3988	-9322	-11997	-3097	675	-1420	-52	86	-106	15743	78715	15743	70308509
3965	-9308	-12041	-3130	630	-1430	-51	85	-108	15744	78720	15744	70308509
3950	-9310	-12169	-3167	596	-1444	-51	85	-109	15745	78725	15745	70308526
3912	-9330	-12236	-3207	561	-1468	-55	83	-113	15746	78730	15746	70308542
3954	-9374	-12198	-3242	539	-1495	-55	83	-113	15747	78735	15747	70308542
3956	-9336	-12126	-3278	501	-1526	-59	89	-115	15748	78740	15748	70308542
3978	-9246	-12322	-3327	490	-1541	-59	89	-115	15749	78745	15749	70308542
4016	-9192	-12324	-3374	452	-1570	-56	84	-110	15750	78750	15750	70308542
4168	-9108	-12358	-3401	390	-1586	-56	84	-110	15751	78755	15751	70308543
4126	-8974	-12296	-3456	352	-1629	-54	88	-110	15752	78760	15752	70308543
4148	-8997	-12368	-3496	318	-1672	-54	88	-110	15753	78765	15753	70308561
4154	-8906	-12500	-3529	267	-1736	-54	82	-110	15754	78770	15754	70308584
4084	-8926	-12434	-3537	214	-1803	-54	82	-110	15755	78775	15755	70308584
4092	-8866	-12444	-3536	174	-1830	-52	86	-104	15756	78780	15756	70308585
4158	-8790	-12588	-3545	132	-1888	-52	86	-104	15757	78785	15757	70308585
4104	-8842	-12610	-3578	113	-1939	-55	87	-105	15758	78790	15758	70308585
4034	-8822	-12704	-3615	98	-2007	-55	87	-105	15759	78795	15759	70308585
4074	-8786	-12746	-3640	76	-2039	-59	85	-109	15760	78800	15760	70308595
4110	-8876	-12700	-3649	68	-2065	-59	85	-109	15761	78805	15761	70308623
4130	-8834	-12706	-3691	62	-2102	-56	82	-114	15762	78810	15762	70308623
4190	-8722	-12760	-3754	44	-2139	-56	83	-113	15763	78815	15763	70308623
4232	-8632	-12773	-3782	21	-2175	-57	87	-111	15764	78820	15764	70308623
4263	-8581	-12748	-3801	13	-2198	-56	87	-111	15765	78825	15765	70308624
4254	-8450	-12696	-3803	-6	-2222	-54	86	-112	15766	78830	15766	70308624
4268	-8250	-12696	-3792	-19	-2232	-54	85	-112	15767	78835	15767	70308624
4302	-8174	-12646	-3727	-54	-2231	-56	82	-112	15768	78840	15768	70308626
4325	-7977	-12596	-3631	-75	-2219	-56	83	-112	15769	78845	15769	70308640
4348	-7869	-12598	-3508	-76	-2216	-58	88	-110	15770	78850	15770	70308661
4330	-7758	-12585	-3349	-105	-2194	-58	84	-109	15771	78855	15771	70308661
4336	-7579	-12545	-3188	-126	-2170	-58	78	-108	15772	78860	15772	70308661
4360	-7405	-12544	-2994	-153	-2130	-60	79	-109	15773	78865	15773	70308661
4396	-7305	-12476	-2775	-177	-2073	-63	81	-111	15774	78870	15774	70308661
4397	-7238	-12441	-2552	-197	-2012	-61	83	-112	15775	78875	15775	70308661
4376	-7177	-12406	-2352	-225	-1947	-58	86	-114	15776	78880	15776	70308665
4384	-7101	-12402	-2164	-261	-1874	-58	86	-114	15777	78885	15777	70308676
4384	-6965	-12404	-1938	-303	-1784	-59	85	-113	15778	78890	15778	70308698
4356	-6892	-12375	-1702	-345	-1703	-60	84	-113	15779	78895	15779	70308698
4269	-6796	-12446	-1495	-379	-1601	-61	81	-111	15780	78900	15780	70308698
4234	-6814	-12446	-1343	-404	-1512	-61	83	-112	15781	78905	15781	70308698
4198	-6870	-12534	-1198	-435	-1421	-61	85	-113	15782	78910	15782	70308699
4192	-6892	-12646	-1088	-464	-1335	-61	82	-113	15783	78915	15783	70308699
4175	-6927	-12674	-1008	-518	-1253	-60	78	-114	15784	78920	15784	70308706
4161	-6919	-12717	-947	-564	-1156	-60	79	-113	15785	78925	15785	70308724
4151	-6942	-12762	-911	-594	-1060	-60	80	-112	15786	78930	15786	70308737
4105	-7061	-12812	-924	-620	-993	-61	82	-112	15787	78935	15787	70308737
4091	-7098	-12842	-971	-652	-923	-61	83	-111	15788	78940	15788	70308737
4078	-7146	-12979	-1018	-668	-845	-60	85	-112	15789	78945	15789	70308737
3980	-7290	-13132	-1058	-690	-758	-60	86	-112	15790	78950	15790	70308737
3859	-7653	-13339	-1074	-686	-684	-58	82	-116	15791	78955	15791	70308737
3698	-8260	-13736	-1108	-609	-686	-57	79	-119	15792	78960	15792	70308763
3475	-8920	-14177	-1303	-531	-793	-57	81	-119	15793	78965	15793	70308781
3301	-9584	-14616	-1753	-407	-923	-57	83	-119	15794	78970	15794	70308781
3195	-10163	-15007	-2420	-244	-1056	-59	84	-118	15795	78975	15795	70308782
3109	-10560	-15445	-3269	-100	-1200	-61	85	-117	15796	78980	15796	70308782
3087	-10805	-15778	-4005	65	-1341	-60	84	-118	15797	78985	15797	70308782
2968	-11060	-16340	-4653	252	-1512	-60	84	-118	15798	78990	15798	70308783
2943	-11279	-16597	-5166	488	-1677	-61	82	-115	15799	78995	15799	70308783
2918	-11322	-16513	-5696	730	-1930	-61	81	-113	15800	79000	15800	70308800
2973	-11056	-16349	-6148	944	-2272	-65	82	-112	15801	79005	15801	70308812
3071	-10594	-16106	-6376	1128	-2559	-67	83	-111	15802	79010	15802	70308812
3127	-9947	-15731	-6338	1314	-2753	-64	82	-115	15803	79015	15803	70308812
3205	-8996	-15309	-5991	1577	-2917	-62	82	-118	15804	79020	15804	70308812
3365	-8124	-14851	-5428	1813	-3040	-63	80	-119	15805	79025	15805	70308812
3606	-6976	-13753	-4647	1995	-3128	-63	79	-119	15806	79030	15806	70308812
4180	-5090	-13433	-3593	2071	-3156	-65	82	-122	15807	79035	15807	70308819
5430	-4094	-13037	-2553	2574	-3215	-65	83	-123	15808	79040	15808	70308845
6092	-4161	-12297	-1559	2792	-3436	-63	85	-124	15809	79045	15809	70308852
5886	-4372	-12027	-298	2732	-3448	-62	86	-124	15810	79050	15810	70308852
5797	-4508	-11933	833	2873	-3227	-61	79	-120	15811	79055	15811	70308852
5752	-4575	-11742	1579	2935	-3060	-61	77	-119	15812	79060	15812	70308853
5682	-4642	-11570	2296	2848	-2966	-61	81	-117	15813	79065	15813	70308853
5824	-4672	-11430	2924	2745	-2884	-61	81	-117	15814	79070	15814	70308853
5748	-4582	-11424	3521	2605	-2742	-62	78	-122	15815	79075	15815	70308888
5730	-4750	-11370	3973	2424	-2557	-62	78	-122	15816	79080	15816	70308889
5574	-5036	-11528	4233	2206	-2403	-61	79	-121	15817	79085	15817	70308889
5464	-5264	-11504	4342	1987	-2265	-61	79	-121	15818	79090	15818	70308889
5522	-5476	-11592	4274	1798	-2082	-59	75	-119	15819	79095	15819	70308889
5458	-5646	-11678	3972	1587	-1958	-59	75	-119	15820	79100	15820	70308890
5359	-5906	-11764	3408	1329	-1826	-57	81	-119	15821	79105	15821	70308893
5292	-6136	-11906	2911	1144	-1728	-57	81	-119	15822	79110	15822	70308906
5192	-6364	-12078	2158	941	-1589	-57	77	-121	15823	79115	15823	70308927
5086	-6342	-12156	1311	775	-1484	-57	77	-121	15824	79120	15824	70308927
5028	-6418	-12200	460	534	-1391	-56	74	-120	15825	79125	15825	70308927
4938	-6194	-12246	-243	329	-1296	-56	74	-120	15826	79130	15826	70308927
4820	-5840	-12140	-783	110	-1189	-60	76	-118	15827	79135	15827	70308927
4820	-5574	-12242	-1198	-54	-1058	-60	76	-118	15828	79140	15828	70308927
4754	-5272	-12132	-1547	-224	-966	-59	81	-115	15829	79145	15829	70308932
4675	-5180	-12237	-1740	-335	-899	-59	79	-115	15830	79150	15830	70308954
4658	-5084	-12090	-1914	-413	-825	-61	73	-115	15831	79155	15831	70308968
4580	-4964	-12063	-2062	-514	-703	-62	74	-115	15832	79160	15832	70308968
4605	-4875	-11990	-2168	-609	-596	-65	79	-117	15833	79165	15833	70308968
4658	-4925	-12163	-2255	-690	-503	-64	79	-118	15834	79170	15834	70308968
4712	-4979	-12211	-2377	-784	-385	-58	80	-120	15835	79175	15835	70308969
4793	-4922	-12304	-2563	-865	-238	-59	79	-120	15836	79180	15836	70308969
4897	-4767	-12426	-2777	-932	-63	-63	75	-119	15837	79185	15837	70308976
5072	-4726	-12595	-3015	-1006	115	-62	77	-119	15838	79190	15838	70309005
5210	-4672	-12650	-3188	-1075	268	-61	79	-119	15839	79195	15839	70309018
5382	-4565	-12700	-3332	-1144	445	-62	79	-120	15840	79200	15840	70309019
5578	-4459	-12748	-3431	-1210	644	-64	78	-122	15841	79205	15841	70309019
5665	-4375	-12830	-3476	-1265	844	-63	78	-122	15842	79210	15842	70309019
5757	-4306	-12922	-3467	-1310	1052	-61	77	-123	15843	79215	15843	70309019
5816	-4257	-13080	-3379	-1347	1253	-62	77	-122	15844	79220	15844	70309020
5839	-4356	-13154	-3228	-1369	1449	-64	76	-120	15845	79225	15845	70309023
5900	-4511	-12998	-3093	-1418	1641	-66	78	-120	15846	79230	15846	70309038
6043	-4356	-12690	-2968	-1560	1846	-68	82	-120	15847	79235	15847	70309057
6012	-3822	-12135	-2681	-1756	2110	-67	78	-118	15848	79240	15848	70309060
5721	-3411	-11630	-2043	-1956	2439	-65	73	-115	15849	79245	15849	70309061
5320	-3550	-11396	-1168	-2073	2770	-63	76	-116	15850	79250	15850	70309062
4835	-3814	-11368	-440	-2154	3007	-59	81	-117	15851	79255	15851	70309063
4466	-3992	-11369	74	-2226	3197	-59	78	-119	15852	79260	15852	70309063
4344	-4324	-11364	571	-2264	3383	-59	73	-121	15853	79265	15853	70309063
4339	-4798	-11509	1140	-2314	3475	-61	74	-120	15854	79270	15854	70309064
4485	-5077	-11873	1645	-2432	3527	-62	74	-118	15855	79275	15855	70309064
4659	-5228	-12102	1968	-2530	3687	-62	75	-119	15856	79280	15856	70309076
4848	-5328	-12418	2178	-2599	3922	-62	76	-120	15857	79285	15857	70309089
4956	-5441	-12817	2318	-2655	4144	-63	75	-118	15858	79290	15858	70309093
4981	-5612	-13123	2396	-2673	4301	-63	75	-117	15859	79295	15859	70309093
4826	-5796	-13320	2499	-2691	4394	-61	79	-118	15860	79300	15860	70309093
4654	-5996	-13432	2673	-2698	4484	-59	81	-119	15861	79305	15861	70309093
4440	-6150	-13601	2894	-2680	4589	-60	83	-118	15862	79310	15862	70309093
4315	-6324	-13703	3083	-2659	4661	-60	84	-118	15863	79315	15863	70309115
4157	-6448	-13739	3201	-2639	4670	-59	85	-114	15864	79320	15864	70309129
4008	-6582	-13861	3312	-2601	4651	-59	85	-113	15865	79325	15865	70309131
3953	-6775	-13922	3415	-2566	4607	-65	83	-112	15866	79330	15866	70309131
3918	-6925	-13930	3543	-2541	4582	-66	82	-112	15867	79335	15867	70309131
3888	-7220	-13996	3712	-2479	4552	-62	83	-113	15868	79340	15868	70309131
3807	-7464	-14035	3877	-2430	4480	-60	84	-114	15869	79345	15869	70309131
3750	-7644	-14183	4028	-2407	4418	-58	85	-114	15870	79350	15870	70309131
3783	-7887	-14349	4217	-2340	4376	-56	86	-114	15871	79355	15871	70309159
3743	-8076	-14389	4394	-2268	4277	-62	80	-115	15872	79360	15872	70309169
3704	-8123	-14492	4576	-2204	4200	-63	79	-115	15873	79365	15873	70309169
3652	-8318	-14481	4788	-2109	4155	-65	85	-117	15874	79370	15874	70309169
3728	-8728	-14696	4971	-1982	4021	-66	86	-118	15875	79375	15875	70309170
3707	-9066	-14862	5064	-1842	3840	-63	86	-121	15876	79380	15876	70309170
3670	-9397	-15007	5030	-1715	3675	-62	86	-122	15877	79385	15877	70309170
3701	-9611	-15084	4895	-1574	3529	-63	84	-113	15878	79390	15878	70309177
3740	-9802	-15084	4647	-1380	3333	-63	83	-111	15879	79395	15879	70309206
3734	-9864	-14982	4366	-1226	3170	-62	86	-120	15880	79400	15880	70309206
3766	-9892	-14778	4045	-1076	3054	-62	86	-120	15881	79405	15881	70309206
3750	-9914	-14724	3713	-930	2957	-57	87	-113	15882	79410	15882	70309206
3692	-9878	-14548	3355	-780	2833	-57	87	-113	15883	79415	15883	70309206
3678	-9850	-14402	3002	-603	2664	-61	87	-105	15884	79420	15884	70309206
3660	-9692	-14304	2715	-460	2513	-61	87	-105	15885	79425	15885	70309206
3670	-9550	-14046	2498	-306	2395	-57	89	-109	15886	79430	15886	70309243
3642	-9480	-13944	2315	-162	2312	-57	89	-109	15887	79435	15887	70309244
3597	-9457	-13759	2139	16	2203	-55	85	-111	15888	79440	15888	70309244
3629	-9467	-13627	2053	138	2109	-55	85	-111	15889	79445	15889	70309245
3682	-9302	-13394	2016	218	2047	-57	87	-111	15890	79450	15890	70309245
3654	-9164	-13322	2025	314	2008	-57	87	-111	15891	79455	15891	70309246
3664	-9084	-13162	2040	398	1977	-56	82	-112	15892	79460	15892	70309246
3710	-9036	-13050	2058	446	1934	-56	82	-112	15893	79465	15893	70309260
3662	-8910	-12878	2112	471	1909	-57	85	-109	15894	79470	15894	70309288
3658	-8822	-12652	2174	504	1894	-57	85	-109	15895	79475	15895	70309288
3626	-8672	-12559	2263	520	1874	-58	86	-110	15896	79480	15896	70309288
3655	-8615	-12461	2328	534	1870	-59	86	-110	15897	79485	15897	70309288
3650	-8558	-12325	2385	523	1856	-61	87	-111	15898	79490	15898	70309288
3681	-8588	-12225	2435	506	1846	-60	86	-110	15899	79495	15899	70309288
3701	-8540	-12175	2495	470	1835	-56	82	-108	15900	79500	15900	70309290
3658	-8552	-12208	2536	437	1828	-56	82	-109	15901	79505	15901	70309303
3634	-8644	-12174	2537	387	1815	-56	84	-112	15902	79510	15902	70309326
3626	-8717	-12063	2533	328	1806	-56	84	-112	15903	79515	15903	70309326
3557	-8671	-11998	2531	259	1802	-58	86	-110	15904	79520	15904	70309326
3534	-8687	-11957	2505	182	1804	-59	86	-110	15905	79525	15905	70309326
3496	-8754	-11918	2474	122	1782	-60	86	-110	15906	79530	15906	70309326
3438	-8806	-11993	2428	56	1737	-59	85	-112	15907	79535	15907	70309326
3408	-8908	-12104	2370	-21	1689	-58	84	-114	15908	79540	15908	70309326
3371	-8991	-12119	2302	-95	1637	-59	86	-112	15909	79545	15909	70309330
3316	-9125	-12172	2205	-161	1572	-60	90	-108	15910	79550	15910	70309348
3278	-9293	-12247	2086	-229	1493	-58	89	-108	15911	79555	15911	70309367
3290	-9422	-12262	1960	-309	1410	-54	88	-108	15912	79560	15912	70309368
3215	-9524	-12331	1832	-389	1326	-54	88	-107	15913	79565	15913	70309368
3171	-9648	-12436	1681	-466	1232	-54	88	-106	15914	79570	15914	70309368
3136	-9766	-12394	1511	-530	1135	-54	88	-107	15915	79575	15915	70309368
3122	-9852	-12384	1349	-587	1025	-53	87	-109	15916	79580	15916	70309368
3113	-9966	-12443	1179	-635	906	-53	87	-108	15917	79585	15917	70309370
3081	-10097	-12499	1002	-670	780	-53	87	-107	15918	79590	15918	70309384
3084	-10218	-12509	830	-695	653	-55	87	-108	15919	79595	15919	70309401
3109	-10291	-12531	649	-724	516	-59	87	-109	15920	79600	15920	70309401
3144	-10398	-12523	455	-740	373	-57	85	-110	15921	79605	15921	70309401
3182	-10465	-12554	279	-745	233	-56	84	-110	15922	79610	15922	70309402
3166	-10530	-12640	111	-754	96	-56	85	-112	15923	79615	15923	70309403
3170	-10578	-12656	-60	-742	-34	-56	86	-114	15924	79620	15924	70309403
3200	-10610	-12679	-227	-726	-168	-53	85	-110	15925	79625	15925	70309453
3232	-10618	-12587	-384	-716	-293	-51	85	-107	15926	79630	15926	70309487
3209	-10636	-12590	-530	-702	-417	-50	87	-106	15927	79635	15927	70309487
3215	-10582	-12616	-683	-676	-539	-49	89	-105	15928	79640	15928	70309487
3239	-10466	-12672	-846	-634	-662	-52	91	-105	15929	79645	15929	70309487
3219	-10364	-12578	-965	-605	-771	-53	91	-105	15930	79650	15930	70309487
3180	-10374	-12519	-1055	-570	-874	-49	90	-107	15931	79655	15931	70309487
3212	-10246	-12486	-1137	-529	-978	-48	90	-108	15932	79660	15932	70309494
3220	-10180	-12475	-1218	-490	-1065	-54	88	-104	15933	79665	15933	70309519
3214	-10110	-12450	-1295	-463	-1131	-55	87	-103	15934	79670	15934	70309525
3255	-10045	-12461	-1347	-440	-1186	-52	87	-107	15935	79675	15935	70309525
3244	-9896	-12489	-1402	-411	-1230	-51	87	-109	15936	79680	15936	70309525
3239	-9667	-12415	-1460	-370	-1269	-56	93	-109	15937	79685	15937	70309525
3226	-9573	-12460	-1514	-337	-1298	-57	95	-109	15938	79690	15938	70309525
3243	-9456	-12432	-1573	-309	-1322	-58	91	-110	15939	79695	15939	70309526
3258	-9409	-12514	-1638	-274	-1337	-58	90	-110	15940	79700	15940	70309526
3242	-9338	-12549	-1738	-241	-1352	-56	84	-112	15941	79705	15941	70309526
3326	-9252	-12582	-1845	-206	-1344	-56	82	-112	15942	79710	15942	70309526
3386	-9220	-12660	-1975	-171	-1343	-54	84	-111	15943	79715	15943	70309526
3385	-9168	-12750	-2157	-143	-1331	-53	85	-111	15944	79720	15944	70309526
3390	-9130	-12699	-2342	-121	-1305	-51	89	-110	15945	79725	15945	70309526
3300	-8998	-12818	-2563	-104	-1284	-50	90	-110	15946	79730	15946	70309535
3490	-8788	-12748	-2753	-93	-1249	-52	88	-108	15947	79735	15947	70309535
3544	-8642	-12834	-2893	-92	-1228	-52	88	-108	15948	79740	15948	70309535
3612	-8568	-12750	-3082	-51	-1202	-57	89	-113	15949	79745	15949	70309545
3694	-8352	-12832	-3228	-20	-1206	-57	89	-113	15950	79750	15950	70309566
3706	-8280	-12786	-3355	-1	-1187	-57	85	-111	15951	79755	15951	70309566
3860	-8104	-12810	-3465	20	-1164	-57	85	-111	15952	79760	15952	70309566
3948	-7984	-12756	-3541	6	-1147	-61	77	-117	15953	79765	15953	70309567
3903	-7904	-12872	-3579	-1	-1115	-61	79	-116	15954	79770	15954	70309567
3933	-7881	-12906	-3613	15	-1100	-59	85	-113	15955	79775	15955	70309567
3960	-7834	-12896	-3620	44	-1095	-58	85	-113	15956	79780	15956	70309575
3941	-7851	-12935	-3602	57	-1087	-54	86	-114	15957	79785	15957	70309606
4004	-7816	-12970	-3562	63	-1075	-54	86	-114	15958	79790	15958	70309606
4024	-7750	-12974	-3490	47	-1063	-57	91	-119	15959	79795	15959	70309607
4166	-7580	-12970	-3424	38	-1033	-57	91	-119	15960	79800	15960	70309607
4250	-7566	-12984	-3335	32	-1004	-61	85	-115	15961	79805	15961	70309607
4372	-7460	-13044	-3246	16	-1005	-61	85	-115	15962	79810	15962	70309607
4403	-7504	-12954	-3107	-6	-988	-63	81	-109	15963	79815	15963	70309607
4441	-7534	-12970	-2980	-49	-967	-61	82	-110	15964	79820	15964	70309609
4413	-7573	-12992	-2855	-89	-934	-53	85	-115	15965	79825	15965	70309622
4414	-7614	-12932	-2723	-121	-902	-54	86	-115	15966	79830	15966	70309646
4442	-7527	-12887	-2583	-178	-894	-58	90	-114	15967	79835	15967	70309646
4510	-7461	-12864	-2425	-220	-874	-59	89	-113	15968	79840	15968	70309646
4630	-7435	-12749	-2230	-281	-836	-61	83	-109	15969	79845	15969	70309646
4685	-7283	-12715	-2024	-339	-788	-60	83	-110	15970	79850	15970	70309646
4779	-7153	-12611	-1758	-405	-736	-57	83	-113	15971	79855	15971	70309646
4838	-7047	-12464	-1497	-465	-699	-58	83	-114	15972	79860	15972	70309646
4874	-6981	-12374	-1210	-529	-657	-60	82	-116	15973	79865	15973	70309658
4854	-6957	-12355	-909	-595	-616	-60	84	-116	15974	79870	15974	70309678
4844	-6934	-12318	-603	-659	-590	-61	87	-115	15975	79875	15975	70309683
4813	-6968	-12280	-319	-711	-567	-62	83	-115	15976	79880	15976	70309684
4732	-7031	-12219	-79	-772	-546	-64	76	-114	15977	79885	15977	70309684
