-14200	-7347	-6411	-123	-329	23	-11	79	-47	15094	75470	15094	70305273
-14162	-7342	-6417	-73	-308	33	-11	78	-48	15095	75475	15095	70305273
-14184	-7350	-6470	-26	-291	47	-10	74	-52	15096	75480	15096	70305273
-14222	-7382	-6391	20	-277	53	-10	75	-51	15097	75485	15097	70305274
-14179	-7425	-6419	47	-273	57	-8	78	-48	15098	75490	15098	70305289
-14179	-7448	-6463	55	-263	63	-10	76	-48	15099	75495	15099	70305319
-14149	-7445	-6507	49	-254	73	-13	73	-47	15100	75500	15100	70305320
-14147	-7449	-6465	28	-257	78	-13	72	-50	15101	75505	15101	70305320
-14176	-7491	-6481	3	-264	85	-12	70	-54	15102	75510	15102	70305320
-14164	-7506	-6471	-24	-261	84	-11	71	-50	15103	75515	15103	70305320
-14176	-7535	-6422	-60	-263	82	-9	73	-43	15104	75520	15104	70305320
-14181	-7544	-6409	-104	-281	89	-9	74	-46	15105	75525	15105	70305324
-14179	-7536	-6394	-148	-307	92	-9	75	-51	15106	75530	15106	70305341
-14129	-7521	-6363	-191	-329	90	-10	76	-51	15107	75535	15107	70305357
-14152	-7507	-6392	-227	-346	86	-10	76	-50	15108	75540	15108	70305358
-14145	-7488	-6445	-247	-367	80	-11	77	-49	15109	75545	15109	70305358
-14132	-7478	-6436	-261	-385	74	-12	78	-48	15110	75550	15110	70305358
-14152	-7474	-6390	-271	-401	74	-9	76	-46	15111	75555	15111	70305358
-14173	-7436	-6388	-267	-415	76	-7	75	-45	15112	75560	15112	70305358
-14170	-7412	-6360	-257	-426	72	-9	73	-49	15113	75565	15113	70305358
-14141	-7366	-6403	-249	-435	77	-10	72	-52	15114	75570	15114	70305358
-14106	-7357	-6389	-214	-436	80	-8	74	-48	15115	75575	15115	70305366
-14165	-7374	-6299	-182	-434	87	-7	75	-47	15116	75580	15116	70305391
-14192	-7408	-6332	-158	-424	103	-6	69	-45	15117	75585	15117	70305397
-14199	-7379	-6366	-131	-404	118	-6	68	-44	15118	75590	15118	70305397
-14216	-7391	-6377	-112	-377	127	-9	73	-55	15119	75595	15119	70305397
-14185	-7422	-6380	-91	-360	139	-10	74	-58	15120	75600	15120	70305397
-14198	-7423	-6391	-79	-346	148	-8	72	-49	15121	75605	15121	70305397
-14174	-7406	-6437	-60	-325	152	-7	71	-47	15122	75610	15122	70305397
-14123	-7383	-6453	-48	-312	167	-3	70	-49	15123	75615	15123	70305417
-14134	-7350	-6466	-50	-307	177	-2	70	-50	15124	75620	15124	70305451
-14164	-7424	-6442	-69	-303	186	-9	77	-49	15125	75625	15125	70305451
-14238	-7414	-6384	-51	-303	189	-9	77	-49	15126	75630	15126	70305451
-14158	-7372	-6454	-48	-304	195	-5	75	-45	15127	75635	15127	70305451
-14164	-7390	-6442	-81	-312	204	-5	75	-45	15128	75640	15128	70305451
-14164	-7426	-6470	-91	-316	204	-9	75	-45	15129	75645	15129	70305451
-14228	-7464	-6420	-95	-339	196	-9	75	-45	15130	75650	15130	70305451
-14226	-7388	-6430	-112	-353	192	-12	74	-48	15131	75655	15131	70305451
-14173	-7453	-6419	-118	-378	186	-11	74	-47	15132	75660	15132	70305494
-14112	-7418	-6427	-129	-400	178	-7	75	-45	15133	75665	15133	70305494
-14094	-7380	-6438	-152	-423	167	-7	75	-45	15134	75670	15134	70305494
-14190	-7372	-6410	-176	-439	157	-5	75	-47	15135	75675	15135	70305494
-14239	-7429	-6428	-185	-460	147	-8	73	-48	15136	75680	15136	70305494
-14199	-7350	-6412	-193	-472	141	-18	66	-50	15137	75685	15137	70305494
-14159	-7290	-6323	-206	-479	140	-16	68	-49	15138	75690	15138	70305494
-14191	-7345	-6343	-213	-482	135	-10	78	-46	15139	75695	15139	70305494
-14142	-7352	-6343	-192	-490	114	-9	78	-47	15140	75700	15140	70305495
-14152	-7367	-6363	-173	-495	110	-6	78	-48	15141	75705	15141	70305498
-14158	-7346	-6411	-153	-492	101	-6	77	-47	15142	75710	15142	70305521
-14160	-7350	-6443	-146	-492	96	-7	75	-45	15143	75715	15143	70305548
-14164	-7295	-6445	-142	-495	87	-8	75	-45	15144	75720	15144	70305548
-14173	-7331	-6468	-123	-504	86	-10	74	-44	15145	75725	15145	70305548
-14162	-7314	-6498	-96	-522	82	-10	74	-46	15146	75730	15146	70305549
-14206	-7320	-6559	-78	-542	61	-10	74	-48	15147	75735	15147	70305549
-14241	-7369	-6551	-65	-564	47	-9	74	-50	15148	75740	15148	70305549
-14228	-7382	-6576	-54	-586	35	-8	74	-52	15149	75745	15149	70305549
-14261	-7368	-6628	-47	-597	12	-9	77	-48	15150	75750	15150	70305565
-14262	-7394	-6598	-49	-608	-14	-9	79	-45	15151	75755	15151	70305619
-14244	-7433	-6523	-54	-621	-29	-7	77	-49	15152	75760	15152	70305648
-14260	-7428	-6565	-60	-638	-51	-5	75	-51	15153	75765	15153	70305648
-14246	-7429	-6568	-74	-656	-75	-5	75	-47	15154	75770	15154	70305648
-14223	-7387	-6532	-89	-683	-91	-5	75	-45	15155	75775	15155	70305648
-14171	-7367	-6446	-104	-710	-101	-12	73	-46	15156	75780	15156	70305648
-14155	-7267	-6418	-130	-731	-104	-16	72	-46	15157	75785	15157	70305648
-14146	-7280	-6343	-135	-744	-110	-9	76	-45	15158	75790	15158	70305648
-14169	-7287	-6274	-142	-768	-89	-7	77	-45	15159	75795	15159	70305648
-14080	-7267	-6300	-138	-794	-62	-8	75	-41	15160	75800	15160	70305648
-14056	-7241	-6259	-118	-814	-40	-8	74	-40	15161	75805	15161	70305654
-14067	-7276	-6243	-94	-811	-2	-7	75	-46	15162	75810	15162	70305686
-14088	-7360	-6288	-78	-798	18	-7	75	-47	15163	75815	15163	70305695
-14092	-7333	-6238	-74	-769	47	-13	77	-46	15164	75820	15164	70305695
-14174	-7416	-6254	-89	-731	74	-14	78	-46	15165	75825	15165	70305695
-14198	-7420	-6196	-105	-697	68	-10	74	-52	15166	75830	15166	70305695
-14236	-7358	-6302	-112	-660	63	-10	74	-52	15167	75835	15167	70305695
-14232	-7380	-6296	-94	-631	66	-11	69	-45	15168	75840	15168	70305695
-14230	-7426	-6284	-92	-619	46	-11	69	-45	15169	75845	15169	70305714
-14294	-7398	-6314	-75	-616	43	-9	75	-45	15170	75850	15170	70305735
-14352	-7378	-6324	-48	-636	43	-9	75	-45	15171	75855	15171	70305735
-14316	-7310	-6314	-14	-648	35	-1	75	-47	15172	75860	15172	70305735
-14346	-7296	-6336	31	-658	36	-1	75	-47	15173	75865	15173	70305736
-14342	-7342	-6336	106	-659	43	-4	72	-44	15174	75870	15174	70305736
-14312	-7393	-6297	163	-651	55	-4	73	-44	15175	75875	15175	70305736
-14328	-7406	-6361	215	-643	64	-4	78	-46	15176	75880	15176	70305736
-14230	-7427	-6332	258	-641	70	-6	76	-44	15177	75885	15177	70305736
-14224	-7493	-6279	286	-640	73	-12	70	-38	15178	75890	15178	70305736
-14218	-7514	-6329	292	-635	73	-11	71	-39	15179	75895	15179	70305736
-14202	-7509	-6349	306	-638	73	-9	73	-41	15180	75900	15180	70305736
-14197	-7499	-6336	281	-652	62	-9	72	-42	15181	75905	15181	70305738
-14145	-7568	-6283	234	-661	56	-10	68	-44	15182	75910	15182	70305744
-14131	-7574	-6242	195	-660	57	-11	72	-47	15183	75915	15183	70305745
-14139	-7562	-6181	129	-664	62	-13	77	-51	15184	75920	15184	70305745
-14136	-7541	-6228	62	-662	59	-12	72	-49	15185	75925	15185	70305745
-14145	-7529	-6263	1	-656	54	-11	65	-45	15186	75930	15186	70305745
-14162	-7559	-6204	-50	-648	47	-10	68	-45	15187	75935	15187	70305745
-14204	-7488	-6140	-103	-642	44	-8	72	-44	15188	75940	15188	70305761
-14177	-7450	-6144	-158	-632	34	-7	74	-46	15189	75945	15189	70305786
-14141	-7434	-6129	-212	-618	20	-6	78	-48	15190	75950	15190	70305786
-14158	-7412	-6127	-265	-616	5	-7	75	-46	15191	75955	15191	70305786
-14193	-7375	-6120	-310	-617	-10	-7	73	-45	15192	75960	15192	70305786
-14186	-7304	-6158	-340	-621	-30	-8	72	-41	15193	75965	15193	70305787
-14187	-7265	-6100	-360	-628	-50	-8	72	-38	15194	75970	15194	70305787
-14209	-7204	-6035	-376	-638	-63	-9	70	-44	15195	75975	15195	70305787
-14262	-7170	-6034	-382	-655	-72	-10	68	-48	15196	75980	15196	70305787
-14302	-7166	-5984	-369	-675	-82	-12	72	-47	15197	75985	15197	70305787
-14289	-7107	-6004	-329	-690	-91	-14	74	-46	15198	75990	15198	70305787
-14264	-7088	-6062	-256	-700	-100	-10	76	-45	15199	75995	15199	70305813
-14282	-7067	-6019	-188	-697	-91	-9	77	-45	15200	76000	15200	70305840
-14314	-7092	-6065	-116	-691	-84	-11	81	-44	15201	76005	15201	70305845
-14309	-7151	-6171	-62	-669	-82	-12	82	-44	15202	76010	15202	70305845
-14303	-7121	-6141	5	-648	-93	-9	77	-47	15203	76015	15203	70305845
-14337	-7124	-6142	71	-637	-95	-8	76	-48	15204	76020	15204	70305845
-14381	-7165	-6151	140	-633	-98	-5	73	-48	15205	76025	15205	70305845
-14356	-7214	-6184	203	-608	-98	-4	72	-48	15206	76030	15206	70305845
-14394	-7268	-6180	263	-598	-108	-5	71	-47	15207	76035	15207	70305845
-14424	-7342	-6188	325	-573	-112	-5	71	-47	15208	76040	15208	70305845
-14310	-7456	-6148	356	-566	-119	-5	77	-51	15209	76045	15209	70305855
-14428	-7488	-6244	403	-561	-122	-5	77	-51	15210	76050	15210	70305882
-14380	-7478	-6210	435	-562	-121	-9	73	-49	15211	76055	15211	70305882
-14462	-7534	-6218	462	-561	-120	-9	73	-49	15212	76060	15212	70305882
-14414	-7602	-6324	511	-540	-118	-4	78	-48	15213	76065	15213	70305882
-14474	-7694	-6328	526	-509	-119	-4	78	-48	15214	76070	15214	70305882
-14462	-7736	-6218	547	-479	-113	-5	81	-43	15215	76075	15215	70305883
-14468	-7781	-6241	519	-410	-119	-5	79	-44	15216	76080	15216	70305883
-14411	-7740	-6183	480	-378	-130	-5	73	-49	15217	76085	15217	70305883
-14298	-7680	-6120	441	-370	-144	-5	74	-49	15218	76090	15218	70305892
-14196	-7642	-6189	399	-371	-151	-5	77	-49	15219	76095	15219	70305930
-13970	-7537	-6123	364	-386	-156	-6	76	-47	15220	76100	15220	70305930
-13826	-7456	-6013	311	-421	-152	-8	70	-40	15221	76105	15221	70305930
-13793	-7394	-6038	243	-465	-145	-8	72	-41	15222	76110	15222	70305930
-13737	-7331	-6047	190	-508	-135	-7	79	-47	15223	76115	15223	70305930
-13709	-7257	-6110	130	-540	-117	-7	80	-46	15224	76120	15224	70305930
-13804	-7282	-6152	101	-528	-92	-6	82	-44	15225	76125	15225	70305930
-13872	-7266	-6189	95	-451	-62	-7	79	-45	15226	76130	15226	70305930
-13900	-7266	-6191	106	-328	-56	-8	74	-46	15227	76135	15227	70305930
-13920	-7283	-6255	115	-190	-63	-8	73	-45	15228	76140	15228	70305950
-13931	-7329	-6346	105	-61	-73	-9	71	-43	15229	76145	15229	70305980
-13930	-7321	-6347	78	37	-94	-9	74	-47	15230	76150	15230	70305980
-13903	-7277	-6315	41	88	-115	-10	78	-52	15231	76155	15231	70305981
-13906	-7259	-6316	-5	77	-137	-9	76	-52	15232	76160	15232	70305981
-13915	-7276	-6237	-46	16	-145	-7	73	-51	15233	76165	15233	70305981
-13998	-7314	-6162	-71	-44	-140	-7	77	-50	15234	76170	15234	70305982
-14060	-7306	-5998	-95	-108	-126	-7	79	-49	15235	76175	15235	70305982
-14054	-7275	-5870	-124	-181	-93	-6	75	-48	15236	76180	15236	70305982
-14069	-7242	-5801	-125	-255	-39	-5	73	-47	15237	76185	15237	70305986
-14122	-7172	-5762	-114	-309	32	-9	74	-45	15238	76190	15238	70306006
-14214	-7076	-5742	-109	-313	109	-11	75	-43	15239	76195	15239	70306018
-14314	-7101	-5768	-92	-237	185	-9	73	-47	15240	76200	15240	70306018
-14410	-7130	-5830	-78	-82	251	-8	72	-48	15241	76205	15241	70306019
-14388	-7172	-5884	-31	124	294	-14	75	-46	15242	76210	15242	70306019
-14384	-7147	-6006	16	325	340	-16	76	-46	15243	76215	15243	70306019
-14408	-7245	-6140	43	498	378	-15	72	-37	15244	76220	15244	70306020
-14425	-7363	-6185	67	669	401	-15	71	-35	15245	76225	15245	70306020
-14487	-7460	-6236	118	811	417	-13	77	-46	15246	76230	15246	70306020
-14571	-7552	-6288	189	951	427	-13	79	-49	15247	76235	15247	70306020
-14578	-7663	-6356	280	1077	439	-11	73	-50	15248	76240	15248	70306057
-14560	-7798	-6456	411	1212	458	-10	72	-50	15249	76245	15249	70306066
-14498	-7912	-6452	532	1290	460	-9	77	-49	15250	76250	15250	70306066
-14418	-8020	-6406	643	1323	470	-9	77	-49	15251	76255	15251	70306066
-14408	-8152	-6552	731	1319	459	-11	73	-47	15252	76260	15252	70306066
-14390	-8260	-6540	827	1301	440	-11	73	-47	15253	76265	15253	70306066
-14388	-8292	-6574	880	1291	414	-7	75	-45	15254	76270	15254	70306066
-14260	-8388	-6550	964	1273	401	-7	75	-45	15255	76275	15255	70306074
-14268	-8462	-6536	1027	1265	378	-6	76	-48	15256	76280	15256	70306103
-14159	-8506	-6503	1088	1172	374	-7	74	-48	15257	76285	15257	70306103
-14114	-8512	-6493	1088	1063	374	-10	68	-48	15258	76290	15258	70306103
-14087	-8557	-6562	1100	915	392	-10	70	-47	15259	76295	15259	70306103
-14025	-8541	-6572	1088	764	397	-10	76	-42	15260	76300	15260	70306103
-14039	-8535	-6581	1068	667	427	-10	76	-43	15261	76305	15261	70306103
-13996	-8548	-6571	1003	604	467	-10	74	-46	15262	76310	15262	70306103
-14009	-8493	-6550	944	539	509	-9	75	-45	15263	76315	15263	70306103
-13920	-8513	-6533	875	462	553	-7	77	-41	15264	76320	15264	70306103
-13850	-8491	-6468	841	364	594	-7	77	-43	15265	76325	15265	70306111
-13761	-8506	-6396	801	211	622	-7	75	-49	15266	76330	15266	70306135
-13732	-8460	-6401	718	38	645	-8	72	-45	15267	76335	15267	70306140
-13703	-8370	-6408	599	-126	677	-9	67	-39	15268	76340	15268	70306140
-13638	-8309	-6399	471	-257	721	-9	69	-43	15269	76345	15269	70306140
-13668	-8231	-6441	348	-381	768	-10	72	-48	15270	76350	15270	70306140
-13713	-8152	-6566	232	-509	809	-7	70	-48	15271	76355	15271	70306140
-13721	-8041	-6645	108	-635	838	-2	68	-48	15272	76360	15272	70306150
-13722	-7915	-6529	-51	-805	863	-5	72	-45	15273	76365	15273	70306178
-13775	-7719	-6440	-187	-1049	884	-7	75	-41	15274	76370	15274	70306191
-13859	-7497	-6487	-267	-1268	895	-10	74	-43	15275	76375	15275	70306191
-13976	-7362	-6528	-337	-1401	911	-12	74	-44	15276	76380	15276	70306191
-14126	-7202	-6448	-405	-1455	931	-11	75	-43	15277	76385	15277	70306191
-14263	-7053	-6439	-469	-1480	964	-10	76	-42	15278	76390	15278	70306191
-14311	-6976	-6451	-498	-1484	992	-7	74	-45	15279	76395	15279	70306191
-14325	-6910	-6398	-478	-1452	1015	-5	73	-47	15280	76400	15280	70306198
-14357	-6815	-6371	-425	-1399	1029	-7	73	-47	15281	76405	15281	70306219
-14420	-6731	-6363	-334	-1335	1040	-9	73	-47	15282	76410	15282	70306229
-14404	-6656	-6261	-239	-1276	1054	-10	74	-51	15283	76415	15283	70306229
-14390	-6589	-6284	-120	-1217	1060	-10	74	-52	15284	76420	15284	70306229
-14402	-6586	-6230	19	-1142	1054	-8	72	-50	15285	76425	15285	70306229
-14441	-6540	-6254	177	-1050	1049	-8	72	-50	15286	76430	15286	70306229
-14461	-6517	-6246	316	-949	1025	-10	70	-46	15287	76435	15287	70306229
-14410	-6512	-6314	452	-850	993	-11	69	-45	15288	76440	15288	70306230
-14401	-6464	-6367	585	-746	965	-7	67	-51	15289	76445	15289	70306230
-14362	-6392	-6236	751	-642	921	-6	66	-52	15290	76450	15290	70306240
-14330	-6446	-6246	896	-599	906	-11	73	-43	15291	76455	15291	70306280
-14378	-6490	-6112	1048	-590	876	-11	73	-43	15292	76460	15292	70306280
-14386	-6570	-6106	1232	-536	832	-11	73	-41	15293	76465	15293	70306280
-14410	-6602	-6042	1433	-466	800	-11	73	-41	15294	76470	15294	70306281
-14346	-6724	-5936	1633	-453	762	-3	71	-51	15295	76475	15295	70306281
-14388	-6828	-5976	1768	-435	735	-3	71	-51	15296	76480	15296	70306281
-14434	-6916	-5952	1837	-407	700	-7	73	-47	15297	76485	15297	70306282
-14422	-6940	-6032	1815	-368	694	-7	73	-47	15298	76490	15298	70306298
-14498	-7105	-5951	1755	-305	683	-7	73	-45	15299	76495	15299	70306317
-14413	-7146	-5856	1728	-288	676	-8	73	-45	15300	76500	15300	70306317
-14370	-7181	-5788	1710	-327	684	-12	74	-44	15301	76505	15301	70306318
-14440	-7272	-5831	1635	-397	691	-11	74	-45	15302	76510	15302	70306318
-14443	-7344	-5784	1527	-462	690	-8	74	-48	15303	76515	15303	70306318
-14455	-7374	-5777	1395	-520	696	-8	74	-47	15304	76520	15304	70306318
-14427	-7341	-5783	1258	-556	702	-8	72	-44	15305	76525	15305	70306318
-14418	-7356	-5794	1117	-613	700	-9	72	-44	15306	76530	15306	70306318
-14390	-7403	-5828	976	-683	691	-11	73	-43	15307	76535	15307	70306328
-14383	-7358	-5838	871	-726	666	-12	73	-44	15308	76540	15308	70306348
-14447	-7350	-5766	784	-749	627	-14	72	-46	15309	76545	15309	70306355
-14542	-7311	-5696	718	-769	594	-14	70	-44	15310	76550	15310	70306355
-14579	-7268	-5684	666	-793	563	-14	68	-40	15311	76555	15311	70306355
-14625	-7221	-5641	584	-798	536	-12	69	-42	15312	76560	15312	70306355
-14656	-7228	-5684	509	-781	508	-8	70	-44	15313	76565	15313	70306355
-14660	-7234	-5685	471	-768	485	-10	72	-44	15314	76570	15314	70306359
-14614	-7233	-5737	465	-766	467	-12	74	-44	15315	76575	15315	70306378
-14567	-7211	-5783	473	-762	444	-11	76	-45	15316	76580	15316	70306392
-14527	-7174	-5769	483	-759	416	-11	77	-45	15317	76585	15317	70306393
-14464	-7132	-5759	493	-755	387	-10	75	-43	15318	76590	15318	70306393
-14433	-7132	-5758	505	-744	358	-9	73	-41	15319	76595	15319	70306393
-14411	-7154	-5762	533	-722	332	-7	72	-43	15320	76600	15320	70306393
-14433	-7144	-5759	553	-681	304	-6	72	-44	15321	76605	15321	70306393
-14426	-7114	-5724	564	-623	279	-10	77	-43	15322	76610	15322	70306398
-14446	-7147	-5754	578	-560	264	-13	81	-43	15323	76615	15323	70306417
-14498	-7211	-5755	595	-489	248	-10	77	-48	15324	76620	15324	70306427
-14482	-7172	-5792	601	-429	226	-9	75	-49	15325	76625	15325	70306427
-14428	-7234	-5793	603	-372	213	-15	76	-50	15326	76630	15326	70306427
-14456	-7314	-5859	571	-322	197	-16	76	-50	15327	76635	15327	70306427
-14576	-7311	-5791	540	-270	173	-11	74	-50	15328	76640	15328	70306428
-14551	-7236	-5887	484	-217	160	-10	74	-50	15329	76645	15329	70306428
-14530	-7271	-5783	425	-174	141	-4	74	-42	15330	76650	15330	70306459
-14563	-7268	-5811	383	-153	118	-2	74	-40	15331	76655	15331	70306467
-14450	-7266	-5792	330	-140	94	-9	75	-45	15332	76660	15332	70306467
-14444	-7202	-5770	315	-100	83	-9	75	-45	15333	76665	15333	70306467
-14504	-7232	-5776	289	-53	75	-6	74	-52	15334	76670	15334	70306468
-14472	-7214	-5818	261	-40	75	-6	74	-52	15335	76675	15335	70306468
-14424	-7326	-5750	235	-51	67	-9	73	-45	15336	76680	15336	70306468
-14458	-7264	-5746	208	-64	55	-9	73	-45	15337	76685	15337	70306468
-14414	-7214	-5816	181	-85	50	-9	75	-47	15338	76690	15338	70306511
-14518	-7252	-5854	171	-93	50	-9	75	-47	15339	76695	15339	70306512
-14474	-7268	-5834	128	-104	63	-7	75	-45	15340	76700	15340	70306513
-14561	-7167	-5900	126	-99	88	-6	76	-46	15341	76705	15341	70306513
-14535	-7230	-5921	135	-77	98	-4	78	-48	15342	76710	15342	70306514
-14456	-7232	-6012	128	-50	106	-4	77	-47	15343	76715	15343	70306514
-14526	-7331	-5911	125	-28	115	-6	72	-42	15344	76720	15344	70306517
-14600	-7324	-5902	80	-10	115	-7	72	-43	15345	76725	15345	70306531
-14579	-7360	-5918	41	8	125	-12	74	-46	15346	76730	15346	70306549
-14589	-7325	-5941	4	26	124	-9	75	-45	15347	76735	15347	70306549
-14564	-7332	-5944	-36	32	119	1	77	-43	15348	76740	15348	70306549
-14528	-7294	-5916	-75	32	119	-3	77	-46	15349	76745	15349	70306549
-14504	-7277	-5879	-116	15	110	-8	76	-50	15350	76750	15350	70306549
-14421	-7229	-5864	-159	-22	102	-10	73	-48	15351	76755	15351	70306549
-14336	-7194	-5827	-203	-57	84	-12	68	-46	15352	76760	15352	70306549
-14314	-7177	-5818	-238	-85	60	-10	70	-46	15353	76765	15353	70306552
-14300	-7146	-5806	-272	-102	44	-8	72	-46	15354	76770	15354	70306568
-14302	-7118	-5745	-321	-107	31	-8	73	-46	15355	76775	15355	70306586
-14303	-7080	-5730	-364	-99	21	-9	75	-47	15356	76780	15356	70306586
-14257	-7051	-5808	-416	-84	13	-11	74	-48	15357	76785	15357	70306586
-14306	-7037	-5827	-482	-65	4	-13	73	-49	15358	76790	15358	70306586
-14359	-7044	-5845	-538	-35	2	-8	72	-47	15359	76795	15359	70306586
-14410	-6984	-5888	-578	11	-7	-4	72	-46	15360	76800	15360	70306586
-14457	-6938	-5881	-600	60	-27	-8	72	-45	15361	76805	15361	70306591
-14513	-6932	-5877	-587	112	-43	-10	72	-44	15362	76810	15362	70306611
-14559	-6915	-5906	-541	165	-53	-8	75	-45	15363	76815	15363	70306623
-14541	-6947	-5857	-479	206	-75	-7	77	-45	15364	76820	15364	70306623
-14518	-7009	-5897	-376	262	-93	-11	73	-53	15365	76825	15365	70306623
-14540	-7007	-5898	-263	318	-97	-12	72	-56	15366	76830	15366	70306624
-14607	-7078	-5866	-164	371	-103	-8	76	-49	15367	76835	15367	70306624
-14563	-7178	-5868	-86	414	-116	-7	77	-47	15368	76840	15368	70306624
-14522	-7244	-5822	-37	446	-120	-10	77	-53	15369	76845	15369	70306647
-14428	-7368	-5868	10	477	-133	-11	77	-55	15370	76850	15370	70306653
-14396	-7497	-5916	24	484	-144	-4	73	-53	15371	76855	15371	70306653
-14364	-7570	-5884	-5	464	-160	-2	72	-52	15372	76860	15372	70306653
-14348	-7641	-5935	-83	427	-177	-7	75	-55	15373	76865	15373	70306654
-14330	-7696	-5978	-234	378	-203	-8	76	-56	15374	76870	15374	70306654
-14334	-7738	-6016	-341	336	-218	-5	73	-49	15375	76875	15375	70306654
-14286	-7758	-5962	-472	293	-234	-5	73	-49	15376	76880	15376	70306663
-14232	-7772	-6050	-600	237	-252	-3	75	-49	15377	76885	15377	70306702
-14294	-7638	-6096	-691	187	-281	-3	75	-49	15378	76890	15378	70306703
-14350	-7664	-6126	-782	164	-311	-10	76	-46	15379	76895	15379	70306703
-14366	-7694	-6138	-835	145	-347	-10	76	-46	15380	76900	15380	70306703
-14348	-7618	-6132	-889	124	-380	-7	73	-47	15381	76905	15381	70306704
-14433	-7602	-6189	-919	107	-415	-7	73	-47	15382	76910	15382	70306718
-14411	-7582	-6146	-929	105	-449	-6	72	-48	15383	76915	15383	70306740
-14462	-7552	-6158	-937	108	-472	-6	72	-48	15384	76920	15384	70306740
-14540	-7590	-6067	-958	110	-488	-4	70	-48	15385	76925	15385	70306740
-14470	-7556	-6058	-983	107	-496	-4	71	-47	15386	76930	15386	70306740
-14513	-7586	-6044	-999	97	-504	-5	75	-45	15387	76935	15387	70306740
-14518	-7518	-6068	-1026	82	-509	-6	74	-44	15388	76940	15388	70306740
-14474	-7506	-6044	-1054	66	-508	-8	70	-40	15389	76945	15389	70306740
-14436	-7481	-6020	-1089	36	-505	-9	72	-42	15390	76950	15390	70306741
-14440	-7433	-5953	-1139	-7	-490	-10	76	-46	15391	76955	15391	70306741
-14396	-7426	-5941	-1186	-52	-470	-10	75	-46	15392	76960	15392	70306759
-14393	-7402	-5987	-1234	-97	-451	-9	73	-45	15393	76965	15393	70306788
-14395	-7369	-6006	-1287	-140	-429	-7	73	-47	15394	76970	15394	70306793
-14336	-7278	-5994	-1334	-189	-400	-4	74	-50	15395	76975	15395	70306793
-14302	-7206	-6037	-1372	-241	-365	-5	74	-50	15396	76980	15396	70306794
-14240	-7191	-6098	-1390	-284	-333	-7	75	-51	15397	76985	15397	70306794
-14156	-7112	-6119	-1406	-325	-307	-6	73	-49	15398	76990	15398	70306794
-14092	-7070	-6182	-1417	-361	-282	-4	70	-46	15399	76995	15399	70306794
-14063	-7054	-6246	-1415	-392	-271	-5	75	-47	15400	77000	15400	70306825
-14088	-7075	-6286	-1406	-408	-267	-6	78	-48	15401	77005	15401	70306846
-14092	-7047	-6256	-1384	-406	-264	-8	78	-50	15402	77010	15402	70306846
-14119	-6987	-6267	-1347	-393	-255	-10	78	-52	15403	77015	15403	70306846
-14132	-6983	-6326	-1304	-378	-245	-5	77	-53	15404	77020	15404	70306846
-14152	-7046	-6413	-1245	-364	-242	-2	76	-54	15405	77025	15405	70306846
-14162	-7087	-6467	-1184	-325	-228	-4	76	-47	15406	77030	15406	70306846
-14201	-7078	-6521	-1101	-270	-205	-6	76	-42	15407	77035	15407	70306852
-14155	-7162	-6525	-1014	-222	-186	-9	74	-47	15408	77040	15408	70306915
-14249	-7202	-6552	-935	-172	-179	-10	74	-48	15409	77045	15409	70306930
-14300	-7204	-6552	-852	-128	-164	-10	72	-40	15410	77050	15410	70306931
-14330	-7254	-6548	-758	-90	-151	-10	72	-38	15411	77055	15411	70306931
-14347	-7255	-6633	-667	-54	-144	-5	70	-46	15412	77060	15412	70306931
-14344	-7278	-6633	-585	-25	-138	-4	70	-48	15413	77065	15413	70306931
-14406	-7314	-6591	-492	-5	-132	-11	66	-57	15414	77070	15414	70306932
-14354	-7354	-6680	-389	9	-135	-13	65	-59	15415	77075	15415	70306932
-14322	-7366	-6606	-324	15	-131	-4	70	-48	15416	77080	15416	70306932
-14330	-7394	-6620	-272	-7	-134	-4	70	-48	15417	77085	15417	70306932
-14316	-7408	-6670	-255	-36	-146	-5	77	-51	15418	77090	15418	70306933
-14188	-7574	-6616	-244	-60	-145	-5	77	-51	15419	77095	15419	70306933
-14180	-7532	-6618	-242	-91	-154	-7	71	-49	15420	77100	15420	70306938
-14098	-7554	-6606	-260	-117	-151	-7	71	-49	15421	77105	15421	70306947
-14090	-7578	-6618	-297	-154	-168	-13	77	-45	15422	77110	15422	70306982
-14114	-7598	-6498	-347	-196	-159	-13	77	-45	15423	77115	15423	70306983
-14020	-7591	-6544	-401	-246	-161	-14	66	-44	15424	77120	15424	70306983
-14002	-7597	-6506	-470	-273	-151	-12	68	-44	15425	77125	15425	70306983
-14012	-7570	-6434	-523	-294	-142	-6	74	-46	15426	77130	15426	70306983
-13966	-7538	-6419	-577	-310	-127	-6	75	-46	15427	77135	15427	70306983
-13966	-7498	-6477	-616	-314	-112	-7	77	-47	15428	77140	15428	70306983
-13966	-7491	-6439	-641	-323	-91	-7	76	-47	15429	77145	15429	70306983
-13968	-7483	-6466	-646	-329	-62	-5	73	-49	15430	77150	15430	70306983
-13935	-7425	-6487	-668	-324	-49	-7	73	-48	15431	77155	15431	70306983
-13964	-7403	-6481	-661	-311	-14	-12	74	-44	15432	77160	15432	70306983
-13999	-7418	-6496	-630	-303	16	-8	74	-44	15433	77165	15433	70306983
-14028	-7379	-6497	-598	-291	33	-3	75	-45	15434	77170	15434	70306983
