446	-2992	-15802	-73	-533	-150	31423	83	-45	13334	66670	13334	70296495
456	-3014	-15793	-122	-439	-160	31424	83	-47	13335	66675	13335	70296495
515	-3001	-15745	-177	-365	-172	31425	83	-47	13336	66680	13336	70296495
506	-2992	-15705	-219	-341	-175	31426	84	-46	13337	66685	13337	70296495
510	-3020	-15731	-215	-365	-162	31427	84	-44	13338	66690	13338	70296496
503	-3006	-15767	-172	-427	-151	31428	83	-39	13339	66695	13339	70296496
508	-3039	-15767	-135	-488	-136	31429	82	-40	13340	66700	13340	70296502
524	-3046	-15767	-120	-526	-132	31430	81	-41	13341	66705	13341	70296517
540	-3035	-15804	-116	-556	-137	31431	80	-40	13342	66710	13342	70296524
538	-3036	-15763	-101	-565	-128	31432	79	-39	13343	66715	13343	70296525
533	-3057	-15796	-96	-550	-121	31433	81	-42	13344	66720	13344	70296525
499	-3068	-15799	-99	-542	-129	31434	84	-46	13345	66725	13345	70296525
475	-3068	-15782	-84	-541	-132	31435	85	-43	13346	66730	13346	70296525
537	-3054	-15802	-78	-527	-134	31437	87	-39	13347	66735	13347	70296531
510	-3061	-15788	-87	-497	-139	31438	83	-43	13348	66740	13348	70296558
475	-3022	-15826	-109	-471	-143	31439	81	-45	13349	66745	13349	70296573
528	-2999	-15807	-145	-461	-148	31440	83	-46	13350	66750	13350	70296573
581	-2996	-15770	-171	-467	-154	31440	84	-46	13351	66755	13351	70296573
613	-3008	-15823	-176	-488	-151	31441	84	-45	13352	66760	13352	70296573
608	-3009	-15815	-163	-511	-140	31442	83	-43	13353	66765	13353	70296573
564	-3017	-15777	-138	-523	-135	31443	83	-43	13354	66770	13354	70296573
579	-3038	-15782	-121	-533	-127	31445	84	-44	13355	66775	13355	70296587
588	-3013	-15792	-102	-557	-126	31446	82	-46	13356	66780	13356	70296614
581	-3009	-15807	-78	-582	-123	31447	81	-47	13357	66785	13357	70296623
561	-3018	-15759	-59	-606	-122	31448	82	-40	13358	66790	13358	70296624
572	-3020	-15762	-50	-627	-116	31449	82	-36	13359	66795	13359	70296624
584	-3034	-15788	-52	-620	-107	31450	86	-38	13360	66800	13360	70296624
566	-3023	-15752	-65	-606	-114	31451	88	-40	13361	66805	13361	70296624
569	-3036	-15748	-75	-612	-119	31452	84	-41	13362	66810	13362	70296641
541	-3048	-15767	-80	-607	-123	31453	82	-42	13363	66815	13363	70296684
547	-3054	-15831	-70	-583	-118	31454	81	-46	13364	66820	13364	70296694
522	-3072	-15897	-49	-565	-123	31455	81	-47	13365	66825	13365	70296695
538	-3050	-15868	-37	-548	-130	31456	83	-41	13366	66830	13366	70296695
533	-3014	-15746	-40	-545	-125	31457	83	-39	13367	66835	13367	70296695
551	-3035	-15686	-42	-551	-126	31458	84	-40	13368	66840	13368	70296695
591	-3050	-15696	-50	-563	-126	31459	85	-41	13369	66845	13369	70296695
586	-3055	-15758	-58	-590	-121	31460	85	-41	13370	66850	13370	70296695
545	-3016	-15816	-44	-614	-112	31461	85	-41	13371	66855	13371	70296695
581	-2990	-15761	-35	-628	-105	31462	87	-46	13372	66860	13372	70296700
571	-2974	-15747	-39	-628	-114	31463	88	-48	13373	66865	13373	70296724
503	-3018	-15704	-50	-628	-125	31464	86	-45	13374	66870	13374	70296730
526	-2947	-15772	-51	-627	-122	31465	86	-44	13375	66875	13375	70296730
571	-2942	-15718	-36	-609	-126	31466	84	-42	13376	66880	13376	70296731
607	-2932	-15742	-26	-605	-127	31467	84	-42	13377	66885	13377	70296731
611	-2949	-15757	-33	-599	-123	31468	83	-43	13378	66890	13378	70296731
541	-2941	-15790	-26	-597	-121	31469	83	-43	13379	66895	13379	70296732
460	-2934	-15886	-13	-618	-119	31470	83	-37	13380	66900	13380	70296732
570	-2966	-15830	-24	-617	-123	31471	83	-37	13381	66905	13381	70296732
546	-2966	-15810	-53	-613	-119	31472	83	-39	13382	66910	13382	70296733
626	-2908	-15738	-88	-615	-122	31473	83	-39	13383	66915	13383	70296733
608	-2884	-15920	-113	-622	-133	31474	87	-45	13384	66920	13384	70296733
548	-2918	-15784	-118	-618	-123	31475	87	-45	13385	66925	13385	70296734
518	-2916	-15804	-119	-630	-125	31476	81	-44	13386	66930	13386	70296741
522	-2966	-15750	-121	-614	-129	31477	80	-44	13387	66935	13387	70296743
495	-2964	-15722	-123	-603	-126	31478	80	-46	13388	66940	13388	70296743
516	-2942	-15682	-135	-579	-118	31479	80	-46	13389	66945	13389	70296762
578	-2930	-15828	-131	-579	-120	31480	83	-41	13390	66950	13390	70296773
490	-2974	-15718	-118	-574	-120	31481	83	-41	13391	66955	13391	70296773
510	-2952	-15816	-121	-607	-118	31482	91	-47	13392	66960	13392	70296774
582	-2934	-16006	-197	-624	-121	31483	91	-47	13393	66965	13393	70296774
482	-2966	-16170	-387	-594	-145	31484	83	-39	13394	66970	13394	70296774
484	-2928	-16212	-787	-539	-184	31485	83	-39	13395	66975	13395	70296774
404	-2772	-15912	-1334	-396	-235	31486	84	-38	13396	66980	13396	70296785
292	-2758	-15692	-1911	-87	-333	31487	84	-38	13397	66985	13397	70296814
282	-2679	-15525	-2205	195	-410	31488	82	-38	13398	66990	13398	70296815
224	-2702	-15426	-2223	448	-468	31489	82	-38	13399	66995	13399	70296815
286	-2776	-15554	-1938	640	-506	31490	81	-37	13400	67000	13400	70296815
342	-2889	-15694	-1607	806	-543	31491	82	-38	13401	67005	13401	70296815
379	-2982	-15912	-1598	944	-585	31492	86	-40	13402	67010	13402	70296815
354	-3084	-15891	-2117	1023	-647	31493	86	-40	13403	67015	13403	70296816
322	-3066	-15546	-2995	1045	-723	31494	85	-39	13404	67020	13404	70296816
273	-2867	-14994	-4779	1073	-890	31495	84	-40	13405	67025	13405	70296832
170	-2749	-14723	-6088	1168	-1033	31496	81	-45	13406	67030	13406	70296852
137	-2696	-14728	-6807	1343	-1151	31497	80	-45	13407	67035	13407	70296852
331	-2847	-15081	-6969	1420	-1236	31498	78	-44	13408	67040	13408	70296852
370	-3139	-15661	-6942	1326	-1300	31499	78	-43	13409	67045	13409	70296852
379	-3539	-15976	-7128	1201	-1377	31500	77	-41	13410	67050	13410	70296852
232	-3942	-16020	-7713	1193	-1492	31501	78	-41	13411	67055	13411	70296852
180	-4223	-15823	-8886	1318	-1649	31502	83	-41	13412	67060	13412	70296852
234	-4246	-15670	-10769	1370	-1803	31503	83	-41	13413	67065	13413	70296867
179	-3743	-15561	-12577	1095	-1805	31504	84	-42	13414	67070	13414	70296913
14	-3248	-15998	-12726	758	-1599	31505	83	-40	13415	67075	13415	70296914
-212	-3071	-16622	-11592	617	-1324	31506	81	-37	13416	67080	13416	70296914
-429	-2928	-17132	-10208	702	-1093	31507	83	-36	13417	67085	13417	70296914
-610	-2629	-17317	-9396	869	-929	31508	85	-35	13418	67090	13418	70296914
-710	-2008	-17152	-9196	1016	-782	31509	83	-34	13419	67095	13419	70296915
-694	-1223	-17044	-9197	1087	-624	31510	79	-33	13420	67100	13420	70296918
-607	-437	-17262	-8981	1100	-471	31511	80	-34	13421	67105	13421	70296939
-703	412	-17995	-7921	1258	-343	31512	83	-37	13422	67110	13422	70296988
-728	838	-18420	-6536	1692	-311	31513	81	-39	13423	67115	13423	70296990
-586	1138	-18293	-5445	2246	-354	31514	79	-41	13424	67120	13424	70296990
-419	1576	-18066	-4847	2682	-450	31515	81	-40	13425	67125	13425	70296991
-235	1886	-18192	-4253	3065	-584	31516	84	-38	13426	67130	13426	70296991
53	1638	-18450	-3535	3493	-731	31517	84	-37	13427	67135	13427	70296992
375	1121	-18555	-3173	3778	-831	31518	84	-36	13428	67140	13428	70296993
648	758	-18482	-3346	3787	-835	31519	82	-34	13429	67145	13429	70296993
720	521	-18351	-3644	3536	-732	31521	78	-32	13430	67150	13430	70296993
636	430	-18355	-3553	3254	-548	31522	79	-34	13431	67155	13431	70296994
496	460	-18470	-3043	3195	-353	31523	80	-36	13432	67160	13432	70296994
370	366	-18530	-2272	3424	-201	31524	79	-38	13433	67165	13433	70297002
338	215	-18296	-1624	3867	-118	31525	79	-39	13434	67170	13434	70297008
357	-6	-17852	-1446	4358	-63	31526	82	-37	13435	67175	13435	70297008
463	-56	-17394	-1805	4764	38	31527	84	-36	13436	67180	13436	70297008
510	92	-17256	-2345	5056	211	31528	82	-37	13437	67185	13437	70297008
450	403	-17536	-2595	5321	423	31529	81	-37	13438	67190	13438	70297008
281	659	-17938	-2420	5745	631	31530	79	-35	13439	67195	13439	70297008
144	909	-18145	-1997	6438	795	31531	78	-34	13440	67200	13440	70297008
67	1204	-18126	-1404	7265	915	31532	79	-33	13441	67205	13441	70297037
-26	1461	-18127	-635	8029	1010	31533	79	-33	13442	67210	13442	70297056
-16	1639	-18054	91	8759	1081	31534	75	-36	13443	67215	13443	70297056
95	1836	-17916	657	9505	1118	31535	72	-38	13444	67220	13444	70297056
310	2028	-17789	1136	10176	1137	31536	74	-36	13445	67225	13445	70297056
680	2172	-17707	1438	10679	1147	31537	76	-34	13446	67230	13446	70297056
1172	2388	-17286	1472	10918	1175	31538	71	-35	13447	67235	13447	70297056
1552	2664	-16986	1431	10856	1198	31539	69	-35	13448	67240	13448	70297057
1908	2792	-17142	1808	10790	1227	31540	71	-36	13449	67245	13449	70297057
2295	2424	-17534	2624	10789	1263	31541	72	-36	13450	67250	13450	70297057
2584	1982	-17769	3446	10741	1321	31542	70	-36	13451	67255	13451	70297057
2799	1670	-17483	4011	10689	1359	31543	70	-36	13452	67260	13452	70297064
2901	1472	-16972	4550	10689	1404	31544	71	-38	13453	67265	13453	70297096
3098	1238	-16384	5291	10678	1470	31545	71	-39	13454	67270	13454	70297103
3346	775	-16123	6027	10602	1504	31546	65	-38	13455	67275	13455	70297104
3474	386	-15848	6332	10504	1487	31547	64	-38	13456	67280	13456	70297104
3700	88	-15607	6114	10433	1448	31548	68	-39	13457	67285	13457	70297104
4038	-139	-15453	5957	10457	1438	31549	69	-39	13458	67290	13458	70297104
4462	-424	-15407	6145	10446	1427	31550	68	-41	13459	67295	13459	70297105
4505	-852	-15420	6234	10339	1405	31551	68	-42	13460	67300	13460	70297119
4390	-1123	-15523	6257	10268	1359	31552	64	-38	13461	67305	13461	70297157
4322	-1464	-15706	6503	10468	1215	31553	63	-37	13462	67310	13462	70297166
4363	-1823	-15688	6835	10715	1027	31554	64	-41	13463	67315	13463	70297167
4522	-2200	-15466	7126	10721	873	31555	64	-42	13464	67320	13464	70297167
4578	-2554	-15116	7211	10594	786	31556	60	-40	13465	67325	13465	70297167
4446	-2806	-14656	7125	10486	728	31557	60	-40	13466	67330	13466	70297168
4438	-3032	-14154	7118	10420	637	31558	58	-40	13467	67335	13467	70297169
4614	-3222	-13984	7252	10357	528	31559	58	-40	13468	67340	13468	70297169
4784	-3350	-14202	7378	10365	448	31560	64	-48	13469	67345	13469	70297171
4996	-3566	-14766	7488	10478	429	31561	64	-48	13470	67350	13470	70297171
5176	-3612	-15190	7628	10601	296	31562	56	-44	13471	67355	13471	70297172
5250	-3622	-15194	7731	10676	92	31563	56	-44	13472	67360	13472	70297172
5412	-3630	-14800	7568	10740	-101	31564	58	-46	13473	67365	13473	70297173
5534	-3568	-14150	6976	10893	-294	31565	58	-46	13474	67370	13474	70297214
5678	-3484	-13844	6357	11074	-488	31566	55	-47	13475	67375	13475	70297214
5920	-3362	-13744	6193	11174	-595	31567	55	-47	13476	67380	13476	70297215
5974	-3318	-14016	6513	11149	-570	31568	45	-49	13477	67385	13477	70297215
6038	-3288	-13902	6751	11071	-464	31569	45	-49	13478	67390	13478	70297215
6006	-3280	-13726	6593	11030	-390	31570	52	-48	13479	67395	13479	70297215
6127	-3460	-13472	6195	11151	-272	31571	52	-47	13480	67400	13480	70297218
6343	-3470	-13564	6002	11273	-179	31572	52	-44	13481	67405	13481	70297234
6555	-3528	-13972	6071	11418	-35	31573	50	-46	13482	67410	13482	70297261
6587	-3768	-14206	6164	11488	56	31574	42	-52	13483	67415	13483	70297261
6752	-3790	-14444	6109	11448	79	31575	42	-51	13484	67420	13484	70297261
6875	-3612	-14603	6167	11391	138	31576	44	-46	13485	67425	13485	70297261
6980	-3598	-14742	6456	11479	221	31577	45	-45	13486	67430	13486	70297261
6972	-3563	-14724	6488	11730	295	31578	51	-43	13487	67435	13487	70297261
7146	-3314	-14406	5908	11859	285	31579	50	-43	13488	67440	13488	70297261
7294	-3038	-13951	5176	11800	306	31580	45	-43	13489	67445	13489	70297261
7376	-2938	-13626	4890	11728	336	31581	45	-45	13490	67450	13490	70297263
7505	-2911	-13057	4893	11745	401	31582	44	-54	13491	67455	13491	70297276
7640	-2954	-12421	5066	11716	462	31583	43	-53	13492	67460	13492	70297304
7778	-3016	-11961	5255	11495	511	31584	41	-49	13493	67465	13493	70297304
7745	-3043	-11897	5266	11280	515	31585	39	-49	13494	67470	13494	70297304
7620	-3026	-11953	5305	11249	490	31586	33	-49	13495	67475	13495	70297304
7666	-3003	-12159	5551	11345	461	31587	35	-49	13496	67480	13496	70297304
7798	-2980	-12250	6117	11616	261	31588	39	-47	13497	67485	13497	70297304
8006	-3246	-12167	6601	11941	39	31589	39	-47	13498	67490	13498	70297305
8210	-3522	-12027	6555	12060	-114	31590	38	-46	13499	67495	13499	70297305
8261	-3783	-12064	6062	11813	-211	31591	35	-45	13500	67500	13500	70297319
8274	-4134	-11993	5476	11541	-269	31592	30	-44	13501	67505	13501	70297353
8360	-4556	-11708	4937	11532	-332	31593	30	-44	13502	67510	13502	70297373
8490	-4971	-11534	4625	11561	-330	31594	30	-44	13503	67515	13503	70297373
8561	-5207	-11558	4597	11468	-265	31595	29	-47	13504	67520	13504	70297373
8503	-5362	-11655	4853	11468	-206	31597	27	-51	13505	67525	13505	70297373
9546	-5217	-10340	5280	11398	-246	31598	30	-51	13506	67530	13506	70297374
11081	-5076	-9104	5737	10177	-238	31598	32	-50	13507	67535	13507	70297374
12326	-5271	-9252	6008	7395	-93	31599	30	-47	13508	67540	13508	70297374
13509	-5574	-9358	5904	4570	80	31600	27	-43	13509	67545	13509	70297374
14187	-5522	-9300	5826	1727	210	31601	25	-45	13510	67550	13510	70297384
16653	-5164	-7590	5539	-1705	519	31602	23	-49	13511	67555	13511	70297419
19986	-4984	-6215	4744	-7345	1355	31603	24	-49	13512	67560	13512	70297448
17434	-4561	-7735	3996	-14849	2783	31605	25	-49	13513	67565	13513	70297448
13272	-4648	-9662	3725	-18150	3610	31606	27	-52	13514	67570	13514	70297448
11088	-5670	-12242	2935	-16951	3547	31607	28	-54	13515	67575	13515	70297448
10310	-6781	-14882	1434	-13577	3148	31608	28	-53	13516	67580	13516	70297448
10022	-7435	-16844	-315	-10172	2722	31609	28	-52	13517	67585	13517	70297464
9571	-7613	-17652	-1927	-7547	2509	31610	31	-49	13518	67590	13518	70297481
8699	-7372	-17353	-3140	-5531	2406	31611	33	-47	13519	67595	13519	70297487
7601	-6879	-16381	-4031	-3888	2414	31612	34	-49	13520	67600	13520	70297487
6358	-6197	-15307	-4983	-2440	2541	31613	34	-50	13521	67605	13521	70297487
4767	-4782	-13840	-6323	-1012	2520	31614	34	-47	13522	67610	13522	70297487
-70	-1943	-12832	-7073	205	1985	31615	34	-46	13523	67615	13523	70297487
-20586	11478	-12380	-3661	9636	773	31616	29	-50	13524	67620	13524	70297488
-15556	7613	-8455	4885	25906	-3275	31617	26	-52	13525	67625	13525	70297488
4859	-1554	-7174	6348	32767	-4568	31618	26	-45	13526	67630	13526	70297488
13074	-1162	-6919	3742	29389	-3104	31619	26	-40	13527	67635	13527	70297488
13674	-1143	-6600	4170	25656	-2453	31620	22	-44	13528	67640	13528	70297488
13673	-2678	-6651	6028	24350	-2034	31621	20	-46	13529	67645	13529	70297488
14478	-4175	-6621	7624	22154	-1746	31622	23	-48	13530	67650	13530	70297497
15649	-4664	-6720	8278	18928	-1443	31623	24	-48	13531	67655	13531	70297500
16127	-5451	-7468	8062	16131	-948	31624	22	-42	13532	67660	13532	70297500
16438	-5680	-7660	7658	13877	-656	31625	21	-41	13533	67665	13533	70297501
17112	-5799	-6972	6776	11579	-249	31626	12	-45	13534	67670	13534	70297501
16458	-5688	-7163	6062	9406	90	31627	10	-46	13535	67675	13535	70297501
17197	-6862	-6771	5617	7805	182	31628	13	-46	13536	67680	13536	70297510
16419	-6871	-7258	4464	5361	257	31629	14	-46	13537	67685	13537	70297529
14622	-6064	-7783	3367	3064	520	31630	16	-41	13538	67690	13538	70297534
13448	-5954	-7846	2698	1482	808	31631	16	-40	13539	67695	13539	70297534
12756	-5588	-7826	2050	746	917	31632	18	-44	13540	67700	13540	70297534
12826	-5425	-8144	1613	312	1131	31633	18	-44	13541	67705	13541	70297534
12326	-4918	-8838	1020	-337	1304	31634	12	-43	13542	67710	13542	70297534
12588	-4949	-9223	783	-637	1523	31635	11	-43	13543	67715	13543	70297534
11769	-4524	-9517	505	-859	1636	31636	12	-44	13544	67720	13544	70297534
10884	-4323	-9691	754	-493	1734	31637	12	-44	13545	67725	13545	70297534
10920	-4203	-10174	1358	288	1622	31638	14	-41	13546	67730	13546	70297534
10146	-4564	-10250	1782	1238	1221	31639	14	-40	13547	67735	13547	70297541
9472	-3780	-10264	2123	2568	1346	31640	10	-42	13548	67740	13548	70297579
9344	-3308	-10006	2652	3933	1133	31641	10	-42	13549	67745	13549	70297579
9424	-3326	-9526	3460	5207	1046	31642	16	-42	13550	67750	13550	70297580
10468	-3464	-8908	4242	6071	772	31643	16	-42	13551	67755	13551	70297580
11176	-3926	-7812	4753	6643	479	31644	14	-44	13552	67760	13552	70297580
10292	-3732	-7598	5459	7326	129	31645	14	-44	13553	67765	13553	70297580
11080	-4706	-7004	6807	8740	-244	31646	12	-40	13554	67770	13554	70297580
12829	-4917	-7459	7353	9622	-416	31647	11	-40	13555	67775	13555	70297580
13853	-5772	-6515	7339	9602	-515	31648	9	-41	13556	67780	13556	70297580
14754	-6555	-6088	6703	8354	-726	31649	10	-41	13557	67785	13557	70297585
14072	-6272	-5170	4993	6874	-663	31650	15	-39	13558	67790	13558	70297608
14460	-6266	-5176	4114	5396	-851	31651	15	-39	13559	67795	13559	70297617
13684	-5628	-5694	3116	3963	-891	31652	13	-41	13560	67800	13560	70297617
13306	-5316	-5844	2855	3117	-849	31653	13	-41	13561	67805	13561	70297618
13308	-5102	-5892	2632	2166	-838	31654	11	-39	13562	67810	13562	70297618
12732	-4594	-6202	2173	1395	-694	31655	11	-39	13563	67815	13563	70297618
12648	-4133	-6307	2119	1260	-597	31656	11	-37	13564	67820	13564	70297618
12706	-3931	-6529	2383	1338	-606	31657	10	-37	13565	67825	13565	70297619
12831	-3797	-6360	2419	1480	-534	31658	6	-38	13566	67830	13566	70297621
12898	-3624	-6234	2124	1663	-468	31659	7	-38	13567	67835	13567	70297640
13049	-3117	-6916	2147	1738	-513	31660	10	-40	13568	67840	13568	70297674
13300	-3260	-6774	1782	1734	-265	31661	10	-39	13569	67845	13569	70297674
12962	-3122	-7234	1954	1255	-515	31662	8	-34	13570	67850	13570	70297674
13148	-2595	-7274	1900	715	-777	31663	8	-35	13571	67855	13571	70297674
12708	-2568	-6972	1492	113	-958	31664	9	-39	13572	67860	13572	70297674
12512	-2265	-6396	1213	-289	-1042	31665	8	-40	13573	67865	13573	70297674
11978	-2568	-5400	1015	-601	-808	31666	6	-42	13574	67870	13574	70297690
11629	-2667	-5145	1544	-1114	-790	31667	6	-42	13575	67875	13575	70297722
11547	-664	-6674	2639	-1879	-1050	31668	8	-40	13576	67880	13576	70297722
11483	-1124	-4382	1966	-1829	439	31669	8	-40	13577	67885	13577	70297722
10860	-937	-4420	2335	-2656	1203	31670	6	-40	13578	67890	13578	70297722
10944	-594	-4367	3631	-3306	1537	31671	7	-41	13579	67895	13579	70297722
14532	1541	-2746	4712	-4498	2750	31672	11	-43	13580	67900	13580	70297722
15710	-966	-3928	5604	-9010	6256	31673	12	-43	13581	67905	13581	70297722
9285	-3417	-8837	6166	-11529	7241	31674	13	-43	13582	67910	13582	70297736
9568	-3004	-8454	6449	-9418	6530	31675	13	-43	13583	67915	13583	70297761
11094	-3740	-7898	7221	-7964	6316	31676	14	-42	13584	67920	13584	70297767
10343	-4847	-8996	7812	-8315	6292	31677	12	-43	13585	67925	13585	70297767
10303	-5112	-9194	7662	-8422	6157	31678	10	-44	13586	67930	13586	70297767
11068	-5691	-8980	7303	-8308	6155	31679	12	-43	13587	67935	13587	70297768
11108	-6970	-9210	7015	-8279	6128	31681	15	-41	13588	67940	13588	70297768
11667	-7703	-8962	6487	-8028	5999	31682	14	-42	13589	67945	13589	70297768
11994	-7573	-8402	6055	-7718	5815	31683	14	-42	13590	67950	13590	70297768
12234	-7978	-8183	5579	-7556	5896	31684	12	-41	13591	67955	13591	70297768
12500	-8892	-8351	5068	-7757	6106	31685	11	-41	13592	67960	13592	70297772
12784	-9128	-8296	4459	-7950	6163	31685	14	-42	13593	67965	13593	70297788
13597	-8926	-7917	3638	-8143	6356	31686	19	-43	13594	67970	13594	70297805
13048	-8970	-8560	2853	-9002	6742	31687	19	-44	13595	67975	13595	70297805
12217	-8645	-9098	2060	-9585	6847	31688	19	-45	13596	67980	13596	70297805
14552	-8436	-7962	1175	-10050	7274	31690	22	-47	13597	67985	13597	70297805
10447	-7520	-10022	1018	-11661	7710	31691	25	-49	13598	67990	13598	70297805
9419	-6909	-9935	1310	-10701	7542	31692	24	-44	13599	67995	13599	70297805
12115	-7228	-8218	799	-9795	7545	31693	24	-40	13600	68000	13600	70297805
12461	-7283	-8397	-159	-11146	7924	31694	22	-39	13601	68005	13601	70297806
11637	-6700	-9098	-338	-12563	8253	31695	21	-39	13602	68010	13602	70297806
10960	-6737	-9612	-7	-13198	8666	31696	25	-44	13603	68015	13603	70297806
10458	-6715	-9631	206	-13435	8839	31697	27	-47	13604	68020	13604	70297828
10265	-6582	-9228	-48	-13543	8909	31698	29	-48	13605	68025	13605	70297842
9716	-6563	-9228	-328	-13648	8938	31699	30	-48	13606	68030	13606	70297842
9032	-6790	-9574	-457	-13507	8858	31700	30	-46	13607	68035	13607	70297842
8635	-7016	-9638	-583	-13030	8660	31701	30	-46	13608	68040	13608	70297842
8477	-7053	-9571	-826	-12650	8463	31702	28	-44	13609	68045	13609	70297842
8131	-7133	-9551	-1087	-12430	8261	31703	27	-43	13610	68050	13610	70297842
7500	-7187	-9637	-1199	-12325	8083	31704	34	-46	13611	68055	13611	70297847
6748	-7160	-9866	-1160	-12165	7865	31705	38	-48	13612	68060	13612	70297883
6134	-7129	-10151	-954	-11771	7626	31706	36	-50	13613	68065	13613	70297905
5738	-7297	-10414	-578	-11309	7464	31707	35	-51	13614	68070	13614	70297905
5437	-7393	-10780	-63	-10837	7329	31708	32	-46	13615	68075	13615	70297905
5302	-7619	-11285	582	-10298	7214	31709	31	-45	13616	68080	13616	70297905
5175	-7928	-11685	1319	-9716	7103	31710	35	-43	13617	68085	13617	70297905
5270	-8334	-12120	2060	-9188	6992	31711	36	-42	13618	68090	13618	70297905
5474	-8870	-12701	2786	-8771	6885	31712	38	-44	13619	68095	13619	70297978
5691	-9334	-13298	3471	-8446	6782	31713	39	-45	13620	68100	13620	70297998
5849	-9840	-13894	4120	-8177	6661	31714	41	-42	13621	68105	13621	70297998
6034	-10574	-14618	4723	-7885	6479	31715	41	-41	13622	68110	13622	70297998
6118	-11192	-14934	4836	-7719	6278	31716	38	-44	13623	68115	13623	70297998
6208	-11766	-15198	4581	-7574	6043	31717	38	-44	13624	68120	13624	70297998
6294	-12252	-15136	4064	-7454	5796	31718	40	-42	13625	68125	13625	70297998
6322	-12488	-15070	3447	-7347	5551	31719	40	-42	13626	68130	13626	70297999
6107	-12510	-14760	2907	-7250	5319	31720	44	-45	13627	68135	13627	70297999
5992	-12952	-14480	2324	-7117	5193	31721	45	-45	13628	68140	13628	70298021
5884	-12928	-14096	1676	-6923	5175	31722	41	-43	13629	68145	13629	70298027
5642	-12616	-13628	953	-6674	5078	31723	40	-42	13630	68150	13630	70298027
5400	-12274	-13316	472	-6482	4912	31724	42	-46	13631	68155	13631	70298028
5184	-12020	-12938	95	-6238	4747	31725	42	-46	13632	68160	13632	70298028
4900	-11700	-12726	-263	-5946	4575	31726	42	-44	13633	68165	13633	70298028
4618	-11484	-12524	-557	-5629	4367	31727	42	-44	13634	68170	13634	70298028
4506	-11164	-12428	-724	-5315	4206	31728	47	-49	13635	68175	13635	70298028
4298	-11020	-12418	-783	-5015	4042	31729	47	-49	13636	68180	13636	70298028
4126	-10570	-12444	-806	-4733	3868	31730	45	-49	13637	68185	13637	70298028
4000	-10440	-12330	-719	-4370	3661	31731	45	-49	13638	68190	13638	70298028
3828	-10158	-12421	-531	-3904	3375	31732	42	-44	13639	68195	13639	70298030
3770	-10000	-12562	-329	-3549	3093	31733	44	-44	13640	68200	13640	70298037
3806	-9886	-12695	-124	-3208	2815	31734	50	-44	13641	68205	13641	70298037
3832	-9890	-12972	40	-2897	2496	31735	49	-44	13642	68210	13642	70298037
3876	-9922	-13101	137	-2627	2177	31736	47	-43	13643	68215	13643	70298037
3926	-10034	-13258	179	-2374	1911	31737	47	-43	13644	68220	13644	70298037
4156	-10268	-13466	174	-2103	1583	31738	51	-51	13645	68225	13645	70298037
4162	-10426	-13582	172	-1844	1310	31739	51	-51	13646	68230	13646	70298037
4349	-10669	-13611	159	-1616	1002	31740	47	-43	13647	68235	13647	70298039
4541	-10942	-13751	172	-1482	765	31741	47	-44	13648	68240	13648	70298052
4650	-11108	-13779	130	-1363	530	31742	46	-46	13649	68245	13649	70298074
4816	-11189	-13741	82	-1258	315	31743	45	-46	13650	68250	13650	70298075
4965	-11199	-13742	64	-1179	139	31744	40	-48	13651	68255	13651	70298075
5086	-11226	-13706	68	-1081	-11	31745	41	-48	13652	68260	13652	70298076
5162	-11188	-13443	83	-996	-131	31746	44	-50	13653	68265	13653	70298076
5255	-11030	-13312	100	-883	-246	31747	45	-49	13654	68270	13654	70298077
5293	-10830	-13135	162	-737	-348	31748	48	-44	13655	68275	13655	70298084
5251	-10617	-12884	288	-586	-474	31749	47	-42	13656	68280	13656	70298110
5246	-10443	-12727	382	-449	-583	31750	45	-39	13657	68285	13657	70298122
5216	-10297	-12472	404	-293	-690	31751	48	-42	13658	68290	13658	70298122
5234	-10166	-12173	399	-104	-770	31752	52	-46	13659	68295	13659	70298122
5333	-10007	-12072	398	65	-820	31753	51	-47	13660	68300	13660	70298122
5391	-9864	-11915	406	190	-871	31754	49	-49	13661	68305	13661	70298122
5492	-9670	-11884	373	259	-928	31755	48	-48	13662	68310	13662	70298122
5576	-9503	-11825	264	283	-989	31756	45	-45	13663	68315	13663	70298122
5618	-9224	-11727	75	346	-1065	31757	45	-45	13664	68320	13664	70298135
5621	-9092	-11659	-69	432	-1129	31758	44	-44	13665	68325	13665	70298156
5674	-8962	-11601	-185	521	-1178	31759	46	-44	13666	68330	13666	70298160
5791	-8790	-11558	-269	581	-1193	31760	49	-45	13667	68335	13667	70298160
