2998	-10070	-11741	-183	-307	263	-53	86	-107	13939	69695	13939	70299546
2963	-10080	-11753	-167	-305	275	-52	90	-112	13940	69700	13940	70299547
2943	-10120	-11759	-149	-304	293	-50	91	-108	13941	69705	13941	70299547
2943	-10118	-11722	-135	-313	309	-48	92	-102	13942	69710	13942	70299547
2929	-10120	-11715	-127	-319	313	-50	90	-104	13943	69715	13943	70299547
2922	-10172	-11736	-125	-324	324	-52	86	-108	13944	69720	13944	70299548
2876	-10157	-11780	-124	-328	334	-52	86	-108	13945	69725	13945	70299548
2812	-10178	-11775	-122	-323	339	-52	86	-108	13946	69730	13946	70299558
2835	-10178	-11802	-125	-313	332	-54	86	-107	13947	69735	13947	70299582
2858	-10172	-11818	-131	-311	325	-56	86	-106	13948	69740	13948	70299594
2852	-10172	-11772	-142	-311	330	-53	87	-104	13949	69745	13949	70299594
2828	-10179	-11772	-150	-304	334	-50	88	-102	13950	69750	13950	70299594
2806	-10191	-11838	-153	-300	325	-51	90	-105	13951	69755	13951	70299594
2818	-10184	-11834	-166	-301	315	-52	94	-110	13952	69760	13952	70299594
2798	-10204	-11848	-169	-297	308	-50	92	-110	13953	69765	13953	70299594
2797	-10221	-11834	-170	-289	294	-47	89	-109	13954	69770	13954	70299595
2768	-10200	-11818	-179	-290	282	-51	89	-103	13955	69775	13955	70299595
2783	-10204	-11852	-180	-285	269	-53	89	-99	13956	69780	13956	70299595
2818	-10243	-11819	-179	-284	254	-51	90	-102	13957	69785	13957	70299595
2752	-10205	-11861	-178	-277	243	-50	90	-104	13958	69790	13958	70299599
2733	-10185	-11885	-172	-264	241	-53	86	-103	13959	69795	13959	70299633
2766	-10210	-11829	-172	-264	235	-55	83	-103	13960	69800	13960	70299654
2758	-10199	-11845	-177	-273	229	-54	88	-105	13961	69805	13961	70299654
2775	-10206	-11788	-185	-271	221	-53	91	-107	13962	69810	13962	70299654
2795	-10198	-11794	-188	-260	212	-57	89	-111	13963	69815	13963	70299654
2793	-10144	-11826	-180	-261	207	-58	88	-112	13964	69820	13964	70299655
2770	-10129	-11784	-181	-256	210	-55	88	-107	13965	69825	13965	70299655
2764	-10158	-11754	-193	-256	216	-54	88	-106	13966	69830	13966	70299655
2777	-10148	-11744	-200	-256	213	-52	84	-102	13967	69835	13967	70299655
2737	-10131	-11800	-190	-258	196	-51	83	-101	13968	69840	13968	70299670
2705	-10133	-11788	-185	-249	203	-49	92	-103	13969	69845	13969	70299690
2734	-10083	-11763	-197	-257	216	-48	94	-104	13970	69850	13970	70299694
2778	-10120	-11720	-199	-246	229	-52	90	-104	13971	69855	13971	70299694
2790	-10080	-11757	-207	-253	224	-52	90	-104	13972	69860	13972	70299694
2826	-10114	-11839	-203	-246	223	-54	88	-108	13973	69865	13973	70299694
2816	-10106	-11888	-208	-244	229	-55	87	-109	13974	69870	13974	70299695
2852	-10139	-11875	-211	-246	235	-53	87	-104	13975	69875	13975	70299695
2817	-10175	-11875	-215	-244	239	-53	87	-103	13976	69880	13976	70299695
2841	-10124	-11817	-214	-237	256	-53	87	-106	13977	69885	13977	70299695
2866	-10136	-11797	-197	-226	254	-53	87	-107	13978	69890	13978	70299695
2838	-10142	-11802	-186	-229	257	-53	89	-105	13979	69895	13979	70299695
2892	-10196	-11870	-195	-227	275	-53	89	-105	13980	69900	13980	70299710
2848	-10202	-11838	-197	-212	269	-55	87	-101	13981	69905	13981	70299730
2852	-10216	-11806	-207	-205	262	-55	87	-101	13982	69910	13982	70299730
2928	-10172	-11762	-205	-189	265	-46	92	-102	13983	69915	13983	70299730
2830	-10200	-11844	-207	-195	263	-46	92	-102	13984	69920	13984	70299730
2888	-10174	-11866	-192	-194	261	-49	89	-109	13985	69925	13985	70299731
2838	-10166	-11758	-196	-175	263	-49	89	-109	13986	69930	13986	70299731
2818	-10126	-11822	-196	-179	268	-48	84	-102	13987	69935	13987	70299731
2814	-10161	-11779	-180	-177	252	-49	84	-103	13988	69940	13988	70299731
2848	-10180	-11749	-170	-170	245	-52	86	-108	13989	69945	13989	70299736
2884	-10136	-11780	-169	-167	244	-51	86	-107	13990	69950	13990	70299762
2852	-10107	-11718	-172	-168	251	-49	87	-103	13991	69955	13991	70299780
2818	-10160	-11810	-169	-167	259	-50	88	-102	13992	69960	13992	70299780
2810	-10101	-11796	-167	-168	257	-54	90	-100	13993	69965	13993	70299780
2853	-10126	-11776	-157	-165	276	-54	89	-101	13994	69970	13994	70299780
2869	-10109	-11767	-151	-172	289	-52	86	-104	13995	69975	13995	70299780
2877	-10090	-11748	-142	-176	278	-52	86	-104	13996	69980	13996	70299780
2834	-10074	-11710	-139	-178	279	-52	84	-104	13997	69985	13997	70299783
2819	-10139	-11762	-130	-182	297	-52	85	-104	13998	69990	13998	70299799
2788	-10142	-11725	-141	-182	298	-53	91	-103	13999	69995	13999	70299809
2877	-10142	-11735	-143	-177	302	-54	90	-102	14000	70000	14000	70299810
2888	-10148	-11754	-141	-196	298	-58	86	-100	14001	70005	14001	70299810
2884	-10156	-11739	-135	-198	305	-57	87	-101	14002	70010	14002	70299810
2873	-10140	-11805	-133	-200	306	-53	91	-107	14003	70015	14003	70299810
2906	-10177	-11820	-137	-199	314	-53	89	-108	14004	70020	14004	70299811
2931	-10158	-11806	-150	-200	306	-52	84	-112	14005	70025	14005	70299811
2915	-10152	-11794	-153	-192	309	-52	85	-111	14006	70030	14006	70299811
2862	-10169	-11765	-157	-194	311	-53	87	-109	14007	70035	14007	70299815
2879	-10142	-11758	-146	-199	311	-54	86	-106	14008	70040	14008	70299837
2925	-10117	-11776	-137	-197	312	-55	85	-101	14009	70045	14009	70299861
2926	-10095	-11806	-133	-195	314	-53	85	-100	14010	70050	14010	70299861
2909	-10077	-11778	-122	-199	309	-51	85	-99	14011	70055	14011	70299861
2909	-10099	-11792	-105	-199	300	-53	85	-102	14012	70060	14012	70299861
2938	-10142	-11842	-92	-194	304	-55	85	-105	14013	70065	14013	70299868
2951	-10168	-11838	-79	-203	315	-54	86	-107	14014	70070	14014	70299892
2934	-10181	-11850	-62	-202	318	-54	86	-108	14015	70075	14015	70299907
2913	-10161	-11834	-42	-194	320	-54	86	-106	14016	70080	14016	70299907
2911	-10138	-11822	-29	-186	321	-54	86	-104	14017	70085	14017	70299908
2910	-10118	-11813	-22	-190	322	-54	88	-106	14018	70090	14018	70299908
2921	-10099	-11726	-13	-195	328	-54	90	-108	14019	70095	14019	70299908
2941	-10111	-11667	3	-192	332	-50	89	-108	14020	70100	14020	70299908
2926	-10060	-11711	29	-196	342	-45	87	-107	14021	70105	14021	70299919
2903	-9999	-11699	60	-199	359	-49	85	-103	14022	70110	14022	70299941
2896	-10008	-11692	89	-197	370	-52	84	-100	14023	70115	14023	70299951
2917	-10013	-11754	133	-197	370	-48	82	-102	14024	70120	14024	70299951
2924	-10026	-11746	172	-201	367	-45	81	-103	14025	70125	14025	70299952
2898	-10016	-11753	200	-197	372	-48	82	-104	14026	70130	14026	70299952
2927	-10031	-11794	221	-189	389	-50	82	-104	14027	70135	14027	70299952
2931	-10043	-11808	242	-190	409	-46	88	-105	14028	70140	14028	70299952
2883	-10028	-11827	265	-191	433	-44	92	-106	14029	70145	14029	70299953
2885	-10106	-11814	269	-195	451	-50	93	-104	14030	70150	14030	70299953
2912	-10134	-11800	265	-186	450	-51	93	-103	14031	70155	14031	70299954
2988	-10165	-11827	257	-180	450	-51	95	-105	14032	70160	14032	70299954
2952	-10217	-11928	240	-178	447	-51	95	-105	14033	70165	14033	70299961
3015	-10271	-11882	220	-188	442	-52	89	-107	14034	70170	14034	70299992
3018	-10301	-11942	187	-191	451	-52	88	-108	14035	70175	14035	70299999
3027	-10284	-11973	165	-201	454	-48	89	-102	14036	70180	14036	70299999
2960	-10280	-12066	158	-209	463	-47	89	-101	14037	70185	14037	70299999
2954	-10226	-11906	187	-200	460	-47	93	-107	14038	70190	14038	70299999
3050	-10258	-11858	228	-203	469	-47	93	-107	14039	70195	14039	70299999
3046	-10232	-11806	269	-182	463	-55	85	-105	14040	70200	14040	70299999
3052	-10274	-11676	359	-166	456	-55	85	-105	14041	70205	14041	70299999
3089	-10351	-11703	442	-164	449	-48	85	-103	14042	70210	14042	70300023
3109	-10443	-11655	499	-162	440	-47	85	-103	14043	70215	14043	70300034
3110	-10494	-11703	516	-165	424	-49	88	-108	14044	70220	14044	70300037
3108	-10545	-11683	520	-160	420	-49	89	-109	14045	70225	14045	70300037
3172	-10582	-11690	520	-159	416	-49	91	-105	14046	70230	14046	70300037
3122	-10658	-11740	496	-205	384	-49	91	-105	14047	70235	14047	70300037
3068	-10634	-11574	479	-233	325	-51	87	-107	14048	70240	14048	70300038
3126	-10632	-11530	543	-284	290	-51	87	-107	14049	70245	14049	70300057
3128	-10636	-11532	682	-309	283	-53	87	-105	14050	70250	14050	70300080
3168	-10894	-11474	829	-369	222	-53	87	-105	14051	70255	14051	70300081
3046	-11206	-11388	1021	-405	44	-49	91	-111	14052	70260	14052	70300081
3018	-11448	-11294	1245	-452	-117	-49	91	-111	14053	70265	14053	70300081
2978	-12022	-11135	1618	-490	-300	-51	87	-107	14054	70270	14054	70300081
2960	-12626	-11142	2075	-507	-512	-50	87	-106	14055	70275	14055	70300082
2948	-13296	-11201	2472	-511	-829	-44	86	-104	14056	70280	14056	70300085
2940	-13774	-11143	2605	-540	-1166	-45	86	-104	14057	70285	14057	70300095
2844	-14164	-11202	2707	-563	-1480	-48	86	-106	14058	70290	14058	70300095
2666	-14579	-11144	2742	-562	-1821	-47	85	-105	14059	70295	14059	70300105
2467	-14873	-11035	2730	-566	-2264	-43	83	-103	14060	70300	14060	70300143
2312	-14774	-10977	2769	-640	-2718	-44	84	-103	14061	70305	14061	70300143
2252	-14527	-10796	2918	-741	-3113	-50	88	-102	14062	70310	14062	70300144
2155	-14203	-10960	3104	-846	-3511	-48	88	-103	14063	70315	14063	70300144
2067	-14101	-10901	2967	-820	-3881	-45	87	-105	14064	70320	14064	70300145
1926	-14114	-10871	2667	-786	-4264	-47	87	-105	14065	70325	14065	70300145
1821	-14206	-10908	2269	-742	-4668	-53	87	-107	14066	70330	14066	70300146
1763	-14077	-10886	1746	-706	-5003	-51	87	-106	14067	70335	14067	70300148
1776	-13759	-10860	1147	-726	-5279	-43	85	-103	14068	70340	14068	70300160
1804	-13331	-10761	499	-742	-5506	-43	85	-103	14069	70345	14069	70300185
1918	-12819	-10826	-147	-789	-5697	-44	84	-102	14070	70350	14070	70300186
2030	-12274	-10891	-799	-834	-5868	-45	84	-106	14071	70355	14071	70300186
2067	-11956	-10986	-1360	-873	-5985	-46	84	-112	14072	70360	14072	70300186
2079	-11671	-10944	-1997	-889	-6074	-45	85	-110	14073	70365	14073	70300186
2104	-11286	-10846	-2624	-904	-6104	-44	86	-106	14074	70370	14074	70300186
2242	-10867	-10884	-3181	-923	-6064	-42	84	-105	14075	70375	14075	70300186
2394	-10398	-10884	-3763	-931	-6012	-40	82	-104	14076	70380	14076	70300186
2578	-9887	-10881	-4361	-979	-5969	-43	85	-106	14077	70385	14077	70300186
2768	-9465	-10968	-4938	-1014	-5919	-48	90	-110	14078	70390	14078	70300186
2947	-9126	-10923	-5536	-1049	-5846	-47	89	-108	14079	70395	14079	70300191
3159	-8823	-10948	-6053	-1118	-5725	-46	88	-106	14080	70400	14080	70300212
3322	-8569	-11025	-6465	-1167	-5602	-47	86	-109	14081	70405	14081	70300223
3398	-8356	-11126	-6808	-1227	-5476	-47	85	-111	14082	70410	14082	70300223
3469	-8161	-11247	-7044	-1298	-5311	-46	89	-111	14083	70415	14083	70300223
3610	-7916	-11326	-7183	-1362	-5120	-45	91	-111	14084	70420	14084	70300224
3738	-7754	-11468	-7229	-1413	-4932	-49	91	-110	14085	70425	14085	70300224
3864	-7612	-11634	-7226	-1448	-4755	-51	91	-109	14086	70430	14086	70300225
3982	-7545	-11752	-7202	-1453	-4575	-49	86	-110	14087	70435	14087	70300225
4065	-7629	-11940	-7190	-1454	-4436	-48	84	-110	14088	70440	14088	70300231
4103	-7682	-12130	-7155	-1461	-4288	-51	85	-108	14089	70445	14089	70300263
4140	-7692	-12214	-7069	-1479	-4107	-53	85	-107	14090	70450	14090	70300283
4191	-7671	-12274	-6928	-1504	-3928	-53	86	-113	14091	70455	14091	70300283
4221	-7568	-12428	-6732	-1516	-3759	-53	87	-117	14092	70460	14092	70300284
4233	-7444	-12561	-6488	-1518	-3594	-53	85	-113	14093	70465	14093	70300284
4247	-7395	-12702	-6202	-1490	-3431	-53	83	-111	14094	70470	14094	70300284
4248	-7427	-12777	-5868	-1443	-3279	-51	84	-113	14095	70475	14095	70300284
4226	-7393	-12849	-5410	-1407	-3112	-50	84	-114	14096	70480	14096	70300295
4209	-7328	-12992	-4938	-1381	-2969	-49	85	-110	14097	70485	14097	70300340
4200	-7180	-12916	-4445	-1358	-2809	-49	85	-109	14098	70490	14098	70300350
4179	-7125	-12917	-3918	-1316	-2639	-51	81	-110	14099	70495	14099	70300350
4089	-7027	-12882	-3397	-1244	-2475	-52	80	-110	14100	70500	14100	70300350
4028	-7022	-12914	-2905	-1157	-2320	-53	81	-119	14101	70505	14101	70300350
4085	-6972	-12854	-2449	-1081	-2176	-53	81	-121	14102	70510	14102	70300350
4043	-7006	-12926	-2054	-1016	-2034	-51	83	-117	14103	70515	14103	70300350
3970	-6962	-12976	-1671	-932	-1820	-50	84	-116	14104	70520	14104	70300360
3900	-6912	-13078	-1454	-863	-1663	-57	89	-113	14105	70525	14105	70300388
3914	-6830	-13058	-1271	-801	-1478	-57	89	-113	14106	70530	14106	70300388
3844	-6596	-13048	-1143	-757	-1300	-53	81	-107	14107	70535	14107	70300388
3884	-6434	-13010	-1057	-708	-1087	-53	81	-107	14108	70540	14108	70300388
3916	-6296	-13014	-1015	-659	-894	-52	82	-112	14109	70545	14109	70300388
3888	-6268	-12952	-1012	-604	-700	-52	82	-112	14110	70550	14110	70300388
3890	-6241	-12949	-1042	-562	-561	-60	79	-112	14111	70555	14111	70300389
3912	-6271	-12878	-1077	-521	-392	-62	78	-112	14112	70560	14112	70300389
3994	-6230	-12796	-1105	-497	-168	-52	80	-116	14113	70565	14113	70300389
3988	-6252	-12764	-1116	-483	10	-52	80	-116	14114	70570	14114	70300389
4088	-6270	-12728	-1083	-477	203	-55	85	-119	14115	70575	14115	70300389
4066	-6334	-12570	-1029	-510	383	-55	85	-119	14116	70580	14116	70300389
4180	-6344	-12494	-991	-514	565	-54	90	-116	14117	70585	14117	70300398
4236	-6360	-12530	-915	-513	736	-54	90	-116	14118	70590	14118	70300399
4298	-6540	-12456	-826	-517	892	-54	86	-110	14119	70595	14119	70300399
4340	-6728	-12428	-731	-533	1027	-54	86	-110	14120	70600	14120	70300399
4344	-6984	-12475	-595	-553	1180	-54	86	-112	14121	70605	14121	70300401
4372	-7201	-12650	-500	-575	1311	-53	86	-113	14122	70610	14122	70300412
4392	-7395	-12576	-420	-596	1417	-50	84	-116	14123	70615	14123	70300427
4356	-7648	-12602	-365	-611	1500	-52	83	-115	14124	70620	14124	70300428
4334	-7825	-12660	-316	-630	1565	-58	78	-112	14125	70625	14125	70300429
4398	-8052	-12702	-295	-654	1625	-58	80	-112	14126	70630	14126	70300430
4387	-8200	-12716	-251	-686	1673	-58	88	-112	14127	70635	14127	70300430
4307	-8338	-12685	-196	-718	1719	-59	87	-112	14128	70640	14128	70300431
4274	-8474	-12634	-105	-753	1748	-61	81	-111	14129	70645	14129	70300434
4217	-8543	-12625	21	-790	1762	-57	82	-111	14130	70650	14130	70300463
4204	-8559	-12568	161	-814	1770	-52	84	-110	14131	70655	14131	70300497
4112	-8652	-12562	338	-843	1776	-56	84	-111	14132	70660	14132	70300498
3999	-8768	-12599	520	-858	1774	-63	85	-113	14133	70665	14133	70300499
3908	-8881	-12686	686	-845	1759	-61	86	-111	14134	70670	14134	70300499
3795	-9044	-12682	836	-823	1719	-55	91	-101	14135	70675	14135	70300500
3698	-9203	-12845	906	-801	1667	-54	90	-103	14136	70680	14136	70300500
3615	-9371	-12929	864	-765	1630	-52	84	-112	14137	70685	14137	70300512
3688	-9416	-12895	763	-730	1568	-52	86	-112	14138	70690	14138	70300546
3680	-9458	-12905	657	-713	1493	-53	89	-111	14139	70695	14139	70300547
3632	-9499	-12892	526	-687	1422	-53	89	-111	14140	70700	14140	70300547
3535	-9551	-12962	362	-659	1389	-52	88	-110	14141	70705	14141	70300547
3498	-9462	-12922	196	-637	1384	-54	88	-110	14142	70710	14142	70300547
3160	-9286	-13013	14	-649	1415	-57	87	-111	14143	70715	14143	70300548
2486	-9129	-13231	-285	-684	1672	-57	84	-113	14144	70720	14144	70300550
2656	-8943	-13235	-530	-571	2089	-58	80	-116	14145	70725	14145	70300573
3354	-8328	-13151	-632	-484	1918	-56	87	-114	14146	70730	14146	70300592
3406	-7756	-13054	-715	-538	1603	-54	92	-112	14147	70735	14147	70300592
3152	-7899	-12993	-705	-523	1604	-53	88	-111	14148	70740	14148	70300593
2922	-8318	-12927	-682	-414	1736	-52	86	-110	14149	70745	14149	70300593
2909	-8432	-12848	-683	-336	1775	-53	86	-106	14150	70750	14150	70300593
3040	-8296	-12725	-651	-319	1761	-54	86	-104	14151	70755	14151	70300593
3158	-8120	-12655	-546	-317	1819	-55	85	-108	14152	70760	14152	70300593
3173	-7986	-12666	-369	-312	1946	-56	84	-110	14153	70765	14153	70300594
3174	-7949	-12685	-83	-286	2050	-54	86	-108	14154	70770	14154	70300594
3146	-8038	-12784	228	-237	2024	-53	87	-107	14155	70775	14155	70300594
3146	-8199	-12814	511	-189	1999	-49	83	-111	14156	70780	14156	70300594
3144	-8467	-12759	727	-128	2006	-48	82	-112	14157	70785	14157	70300603
3170	-8751	-12771	940	-67	2013	-52	82	-111	14158	70790	14158	70300608
3217	-9010	-12808	1110	-26	2004	-54	82	-110	14159	70795	14159	70300608
3310	-9198	-12862	1229	0	2000	-54	84	-111	14160	70800	14160	70300609
3425	-9343	-12934	1310	18	2002	-54	86	-112	14161	70805	14161	70300616
3395	-9448	-12899	1350	20	1968	-53	87	-113	14162	70810	14162	70300636
3402	-9565	-13033	1399	40	1923	-53	87	-113	14163	70815	14163	70300641
3375	-9718	-12973	1439	75	1871	-55	85	-110	14164	70820	14164	70300641
3368	-9835	-12935	1460	104	1803	-55	85	-109	14165	70825	14165	70300641
3381	-9960	-12958	1461	151	1739	-56	87	-113	14166	70830	14166	70300642
3338	-10071	-12977	1382	212	1656	-56	88	-114	14167	70835	14167	70300642
3332	-10145	-12882	1241	259	1570	-57	89	-112	14168	70840	14168	70300643
3400	-10228	-12845	1071	306	1478	-57	89	-111	14169	70845	14169	70300656
3453	-10200	-12796	899	345	1422	-56	85	-110	14170	70850	14170	70300690
3392	-10110	-12748	710	376	1348	-56	84	-110	14171	70855	14171	70300698
3404	-10114	-12646	572	433	1267	-56	84	-108	14172	70860	14172	70300698
3292	-10000	-12646	471	464	1180	-56	84	-108	14173	70865	14173	70300699
3322	-10016	-12448	375	495	1112	-59	83	-109	14174	70870	14174	70300699
3276	-9950	-12368	302	539	1050	-59	83	-109	14175	70875	14175	70300699
3322	-10004	-12400	221	567	965	-50	90	-108	14176	70880	14176	70300700
3284	-9938	-12384	145	580	905	-50	90	-108	14177	70885	14177	70300700
3286	-9914	-12364	74	595	824	-52	82	-108	14178	70890	14178	70300700
3241	-9783	-12308	14	608	766	-51	83	-108	14179	70895	14179	70300702
3278	-9756	-12256	-10	602	736	-43	87	-107	14180	70900	14180	70300709
3246	-9690	-12086	-44	573	701	-43	87	-107	14181	70905	14181	70300735
3238	-9604	-12080	-72	553	670	-55	83	-111	14182	70910	14182	70300736
3262	-9546	-12006	-89	552	626	-55	83	-111	14183	70915	14183	70300736
3330	-9462	-12060	-98	552	608	-52	90	-104	14184	70920	14184	70300736
3368	-9440	-12004	-109	550	565	-52	90	-104	14185	70925	14185	70300736
3392	-9396	-11988	-119	515	534	-54	88	-112	14186	70930	14186	70300737
3350	-9456	-11968	-143	483	515	-54	88	-112	14187	70935	14187	70300737
3386	-9453	-11928	-193	457	474	-50	86	-106	14188	70940	14188	70300737
3418	-9419	-12004	-216	419	457	-50	85	-108	14189	70945	14189	70300737
3435	-9386	-12003	-239	370	438	-49	83	-115	14190	70950	14190	70300737
3433	-9330	-11978	-281	318	419	-51	84	-113	14191	70955	14191	70300747
3539	-9299	-12011	-319	274	410	-57	87	-107	14192	70960	14192	70300785
3532	-9287	-11992	-340	241	414	-57	87	-108	14193	70965	14193	70300785
3552	-9307	-12004	-366	205	414	-57	87	-113	14194	70970	14194	70300785
3547	-9265	-12008	-397	164	414	-56	88	-113	14195	70975	14195	70300785
3527	-9247	-12016	-434	110	412	-53	89	-111	14196	70980	14196	70300785
3534	-9240	-12027	-458	66	410	-54	86	-111	14197	70985	14197	70300785
3527	-9220	-11984	-470	31	406	-56	82	-112	14198	70990	14198	70300789
3574	-9184	-12032	-467	3	399	-54	86	-112	14199	70995	14199	70300809
3618	-9119	-12046	-469	-29	400	-50	92	-112	14200	71000	14200	70300832
3656	-9072	-12057	-468	-54	407	-52	89	-112	14201	71005	14201	70300833
3654	-9106	-12071	-463	-69	416	-57	83	-111	14202	71010	14202	70300833
3705	-9140	-12154	-464	-90	419	-57	84	-112	14203	71015	14203	70300833
3684	-9107	-12189	-458	-118	430	-58	88	-114	14204	71020	14204	70300834
3682	-9115	-12229	-444	-124	426	-55	86	-110	14205	71025	14205	70300834
3689	-9142	-12281	-435	-133	427	-51	83	-105	14206	71030	14206	70300838
3708	-9153	-12302	-422	-146	430	-53	83	-105	14207	71035	14207	70300867
3722	-9163	-12315	-404	-152	425	-56	84	-104	14208	71040	14208	70300900
3751	-9163	-12344	-401	-176	419	-57	84	-105	14209	71045	14209	70300901
3732	-9152	-12416	-411	-205	407	-58	84	-106	14210	71050	14210	70300903
3704	-9152	-12388	-409	-216	397	-57	86	-106	14211	71055	14211	70300904
3759	-9154	-12416	-404	-239	401	-56	88	-106	14212	71060	14212	70300905
3722	-9144	-12393	-390	-271	400	-57	89	-105	14213	71065	14213	70300905
3710	-9187	-12396	-379	-308	396	-57	89	-105	14214	71070	14214	70300905
3677	-9200	-12400	-381	-325	394	-55	86	-109	14215	71075	14215	70300905
3664	-9173	-12374	-374	-336	401	-54	84	-112	14216	71080	14216	70300906
3631	-9140	-12336	-350	-355	405	-50	86	-112	14217	71085	14217	70300906
3651	-9088	-12238	-340	-368	416	-48	88	-112	14218	71090	14218	70300915
3638	-9056	-12185	-336	-378	437	-52	89	-113	14219	71095	14219	70300928
3590	-9024	-12240	-336	-392	456	-54	90	-114	14220	71100	14220	70300932
3514	-9102	-12174	-342	-391	482	-55	83	-109	14221	71105	14221	70300932
3428	-9080	-12254	-346	-387	490	-55	81	-107	14222	71110	14222	70300933
3409	-9124	-12248	-337	-394	493	-55	81	-109	14223	71115	14223	70300933
3355	-9096	-12157	-345	-388	514	-55	81	-109	14224	71120	14224	70300933
3381	-9079	-12225	-377	-383	532	-58	85	-110	14225	71125	14225	70300933
3390	-9086	-12317	-421	-380	552	-59	87	-111	14226	71130	14226	70300937
3283	-9078	-12318	-461	-383	570	-56	88	-108	14227	71135	14227	70300965
3212	-9103	-12390	-506	-380	590	-54	88	-106	14228	71140	14228	70300982
3215	-9164	-12389	-561	-381	604	-51	84	-100	14229	71145	14229	70300982
3242	-9181	-12435	-602	-360	603	-50	82	-98	14230	71150	14230	70300982
3202	-9187	-12457	-635	-357	605	-53	90	-109	14231	71155	14231	70300983
3128	-9257	-12492	-670	-359	607	-54	92	-112	14232	71160	14232	70300983
3101	-9277	-12514	-709	-347	612	-55	90	-110	14233	71165	14233	70300983
3104	-9323	-12584	-739	-346	622	-55	89	-109	14234	71170	14234	70300983
3146	-9312	-12533	-767	-336	620	-56	90	-107	14235	71175	14235	70300984
3130	-9274	-12564	-782	-318	623	-56	90	-106	14236	71180	14236	70300984
3156	-9197	-12549	-794	-307	633	-54	84	-107	14237	71185	14237	70300984
3158	-9194	-12582	-806	-292	626	-53	83	-107	14238	71190	14238	70301009
3246	-9246	-12588	-800	-262	615	-56	88	-110	14239	71195	14239	70301017
3184	-9266	-12546	-801	-235	612	-56	88	-110	14240	71200	14240	70301017
3264	-9228	-12546	-796	-218	596	-60	86	-108	14241	71205	14241	70301018
3178	-9190	-12576	-808	-212	577	-60	86	-108	14242	71210	14242	70301018
3140	-9228	-12504	-796	-192	568	-59	87	-109	14243	71215	14243	70301018
3144	-9188	-12588	-790	-163	568	-59	87	-109	14244	71220	14244	70301018
3146	-9226	-12634	-790	-119	562	-53	85	-107	14245	71225	14245	70301018
3151	-9182	-12687	-786	-95	558	-53	85	-108	14246	71230	14246	70301024
3214	-9232	-12664	-796	-85	558	-52	84	-110	14247	71235	14247	70301054
3174	-9182	-12688	-821	-44	550	-52	84	-110	14248	71240	14248	70301064
3234	-9202	-12606	-830	-26	541	-61	89	-105	14249	71245	14249	70301064
3262	-9206	-12634	-853	-17	532	-61	89	-105	14250	71250	14250	70301064
3268	-9170	-12694	-864	9	526	-52	86	-108	14251	71255	14251	70301064
3360	-9084	-12614	-882	32	524	-52	86	-108	14252	71260	14252	70301064
3390	-9174	-12578	-903	43	517	-51	89	-111	14253	71265	14253	70301064
3545	-9048	-12585	-923	48	509	-52	89	-111	14254	71270	14254	70301064
3521	-9043	-12570	-926	52	487	-56	88	-112	14255	71275	14255	70301066
3564	-9043	-12581	-932	54	483	-57	88	-112	14256	71280	14256	70301080
3547	-9091	-12536	-930	71	488	-60	86	-110	14257	71285	14257	70301101
3527	-9077	-12523	-930	97	484	-60	86	-110	14258	71290	14258	70301102
3586	-9076	-12520	-920	106	472	-61	85	-111	14259	71295	14259	70301102
3555	-9079	-12552	-908	120	473	-61	85	-111	14260	71300	14260	70301103
3585	-9056	-12443	-907	132	484	-61	87	-113	14261	71305	14261	70301103
3531	-9035	-12485	-916	135	489	-58	86	-112	14262	71310	14262	70301104
3582	-8974	-12497	-933	114	495	-50	84	-108	14263	71315	14263	70301119
3608	-8934	-12460	-955	101	499	-52	84	-107	14264	71320	14264	70301142
3555	-8914	-12381	-974	97	496	-56	84	-106	14265	71325	14265	70301142
3531	-8865	-12421	-979	77	484	-55	86	-107	14266	71330	14266	70301143
3554	-8833	-12428	-973	64	476	-54	88	-108	14267	71335	14267	70301143
3574	-8790	-12352	-964	48	478	-54	86	-108	14268	71340	14268	70301143
3585	-8730	-12316	-944	21	493	-55	83	-109	14269	71345	14269	70301143
3576	-8654	-12305	-918	-3	520	-57	82	-110	14270	71350	14270	70301143
3576	-8572	-12248	-879	-33	543	-61	79	-111	14271	71355	14271	70301143
3563	-8548	-12271	-849	-68	573	-60	81	-110	14272	71360	14272	70301158
3532	-8496	-12205	-810	-100	612	-58	84	-108	14273	71365	14273	70301181
3519	-8463	-12235	-761	-128	639	-58	84	-112	14274	71370	14274	70301181
3482	-8445	-12210	-723	-153	659	-57	83	-119	14275	71375	14275	70301181
3422	-8452	-12245	-685	-176	688	-57	83	-116	14276	71380	14276	70301181
3386	-8466	-12324	-642	-195	722	-56	84	-112	14277	71385	14277	70301181
3365	-8482	-12393	-605	-229	753	-56	86	-110	14278	71390	14278	70301181
3359	-8537	-12440	-576	-267	794	-56	90	-108	14279	71395	14279	70301186
3312	-8548	-12464	-559	-288	837	-57	86	-107	14280	71400	14280	70301206
3341	-8564	-12536	-538	-313	870	-57	83	-107	14281	71405	14281	70301216
3362	-8590	-12532	-512	-329	911	-55	85	-108	14282	71410	14282	70301216
3355	-8582	-12532	-501	-346	949	-54	86	-108	14283	71415	14283	70301216
3371	-8602	-12616	-486	-355	978	-52	85	-110	14284	71420	14284	70301216
3384	-8603	-12612	-465	-354	996	-51	85	-111	14285	71425	14285	70301216
3385	-8581	-12576	-426	-367	1018	-54	84	-109	14286	71430	14286	70301217
3400	-8622	-12588	-384	-364	1032	-56	84	-108	14287	71435	14287	70301225
3370	-8651	-12613	-343	-354	1049	-50	86	-110	14288	71440	14288	70301257
3399	-8657	-12725	-284	-352	1075	-49	87	-111	14289	71445	14289	70301265
3462	-8655	-12714	-225	-345	1077	-55	85	-109	14290	71450	14290	70301266
3449	-8700	-12763	-163	-353	1075	-56	84	-108	14291	71455	14291	70301266
3431	-8676	-12715	-83	-343	1080	-57	84	-112	14292	71460	14292	70301266
3419	-8606	-12649	40	-349	1092	-58	84	-114	14293	71465	14293	70301267
3374	-8572	-12733	219	-364	1096	-57	86	-112	14294	71470	14294	70301267
3359	-8634	-12817	332	-333	1076	-56	88	-110	14295	71475	14295	70301287
3294	-8793	-12757	366	-281	1037	-57	92	-111	14296	71480	14296	70301301
3382	-8880	-12827	384	-254	1021	-57	93	-111	14297	71485	14297	70301301
3381	-8934	-12874	411	-241	997	-55	87	-113	14298	71490	14298	70301301
3347	-8941	-12856	419	-246	994	-55	85	-113	14299	71495	14299	70301301
3346	-8951	-12911	377	-230	969	-50	87	-110	14300	71500	14300	70301301
3351	-8986	-12987	303	-201	925	-49	87	-109	14301	71505	14301	70301301
3429	-9010	-12975	232	-185	883	-55	88	-107	14302	71510	14302	70301309
3440	-9040	-12966	152	-169	837	-56	88	-106	14303	71515	14303	70301345
3502	-9000	-12810	52	-162	804	-54	84	-114	14304	71520	14304	70301353
3576	-8976	-12804	-13	-160	785	-54	84	-114	14305	71525	14305	70301353
3528	-8754	-12840	-75	-146	769	-54	84	-110	14306	71530	14306	70301353
3598	-8730	-12788	-108	-161	759	-54	84	-110	14307	71535	14307	70301353
3512	-8628	-12750	-112	-180	729	-58	92	-106	14308	71540	14308	70301353
3538	-8560	-12612	-100	-191	708	-58	92	-106	14309	71545	14309	70301353
3494	-8470	-12594	-48	-200	698	-59	87	-105	14310	71550	14310	70301353
3444	-8556	-12514	5	-197	685	-59	87	-105	14311	71555	14311	70301353
3444	-8422	-12486	65	-217	682	-54	86	-112	14312	71560	14312	70301362
3394	-8508	-12443	175	-226	679	-54	86	-111	14313	71565	14313	70301397
3400	-8466	-12443	249	-251	702	-53	85	-109	14314	71570	14314	70301397
3360	-8408	-12458	307	-260	711	-53	85	-109	14315	71575	14315	70301397
3396	-8492	-12538	391	-290	724	-55	93	-111	14316	71580	14316	70301397
3332	-8534	-12558	449	-295	731	-55	93	-111	14317	71585	14317	70301398
3356	-8450	-12542	511	-328	754	-57	87	-109	14318	71590	14318	70301398
3284	-8590	-12524	570	-346	754	-57	87	-109	14319	71595	14319	70301398
3278	-8554	-12542	630	-375	773	-52	86	-110	14320	71600	14320	70301407
3284	-8598	-12534	672	-381	786	-53	86	-111	14321	71605	14321	70301435
3276	-8698	-12562	664	-389	791	-57	87	-113	14322	71610	14322	70301435
3284	-8758	-12550	655	-394	799	-56	88	-112	14323	71615	14323	70301435
3290	-8798	-12554	649	-410	822	-52	92	-110	14324	71620	14324	70301435
