2932	-8332	-13036	-166	-101	219	-60	93	-114	17894	89470	17894	70319268
2921	-8300	-13013	-156	-81	212	-58	94	-112	17895	89475	17895	70319268
2927	-8362	-13038	-162	-86	220	-58	92	-112	17896	89480	17896	70319268
2924	-8407	-13044	-163	-94	225	-57	89	-111	17897	89485	17897	70319272
2912	-8394	-13036	-163	-93	221	-59	89	-109	17898	89490	17898	70319292
2904	-8374	-13023	-162	-97	221	-61	89	-105	17899	89495	17899	70319314
2873	-8359	-12965	-162	-94	226	-61	92	-106	17900	89500	17900	70319314
2916	-8381	-13006	-163	-87	230	-61	97	-109	17901	89505	17901	70319315
2944	-8368	-13021	-170	-99	228	-61	95	-109	17902	89510	17902	70319316
2995	-8398	-13001	-180	-106	230	-62	86	-108	17903	89515	17903	70319317
2954	-8413	-12956	-192	-96	236	-63	88	-109	17904	89520	17904	70319318
2903	-8383	-13048	-194	-105	224	-64	92	-112	17905	89525	17905	70319318
2890	-8416	-13036	-197	-116	224	-62	91	-112	17906	89530	17906	70319319
2909	-8394	-12998	-207	-116	224	-58	90	-112	17907	89535	17907	70319328
2916	-8398	-13038	-217	-118	221	-58	92	-110	17908	89540	17908	70319342
2910	-8406	-13040	-219	-122	218	-58	94	-106	17909	89545	17909	70319342
2919	-8387	-13059	-219	-128	212	-60	94	-110	17910	89550	17910	70319342
2895	-8429	-12978	-222	-130	203	-63	93	-115	17911	89555	17911	70319342
2879	-8493	-12986	-221	-137	190	-63	93	-112	17912	89560	17912	70319342
2895	-8464	-13018	-225	-137	183	-62	92	-108	17913	89565	17913	70319342
2877	-8412	-12956	-224	-149	190	-61	94	-109	17914	89570	17914	70319348
2860	-8426	-12912	-224	-156	199	-60	96	-110	17915	89575	17915	70319369
2905	-8412	-12919	-230	-157	199	-61	96	-110	17916	89580	17916	70319380
2940	-8387	-12948	-229	-157	198	-62	96	-110	17917	89585	17917	70319381
2965	-8404	-12975	-236	-166	196	-61	95	-111	17918	89590	17918	70319382
2895	-8423	-12961	-243	-173	189	-60	94	-112	17919	89595	17919	70319383
2927	-8419	-13043	-246	-178	189	-60	94	-110	17920	89600	17920	70319384
2919	-8392	-13045	-252	-186	196	-60	94	-108	17921	89605	17921	70319385
2963	-8384	-13030	-259	-185	186	-60	91	-111	17922	89610	17922	70319402
2948	-8427	-13067	-268	-182	177	-60	90	-112	17923	89615	17923	70319415
2921	-8415	-13016	-270	-194	186	-59	93	-112	17924	89620	17924	70319418
2926	-8402	-13018	-271	-200	193	-58	94	-112	17925	89625	17925	70319418
2946	-8351	-12964	-273	-201	193	-57	95	-114	17926	89630	17926	70319418
2934	-8332	-12939	-275	-202	191	-57	95	-115	17927	89635	17927	70319418
2916	-8386	-12966	-277	-200	194	-62	94	-116	17928	89640	17928	70319419
2963	-8371	-13017	-279	-199	188	-66	94	-116	17929	89645	17929	70319419
2911	-8318	-13046	-290	-196	187	-57	95	-118	17930	89650	17930	70319443
2966	-8345	-13020	-288	-210	190	-55	95	-119	17931	89655	17931	70319457
2976	-8322	-13106	-285	-212	193	-56	93	-115	17932	89660	17932	70319459
2936	-8296	-13052	-297	-204	198	-56	92	-114	17933	89665	17933	70319459
2939	-8364	-13046	-306	-210	197	-58	93	-112	17934	89670	17934	70319460
2896	-8374	-13012	-300	-216	199	-59	93	-111	17935	89675	17935	70319460
2942	-8343	-13024	-300	-212	191	-59	93	-111	17936	89680	17936	70319461
2932	-8322	-13064	-294	-208	199	-59	93	-111	17937	89685	17937	70319476
2974	-8270	-12950	-301	-211	214	-64	88	-112	17938	89690	17938	70319508
2924	-8306	-13008	-294	-213	205	-64	88	-112	17939	89695	17939	70319508
2888	-8296	-13012	-285	-222	209	-58	90	-112	17940	89700	17940	70319508
2880	-8260	-12940	-275	-215	225	-58	90	-112	17941	89705	17941	70319508
2946	-8266	-12986	-265	-214	224	-65	97	-115	17942	89710	17942	70319508
2962	-8272	-13114	-257	-218	227	-65	97	-115	17943	89715	17943	70319509
2898	-8260	-13068	-259	-209	222	-62	92	-112	17944	89720	17944	70319509
2960	-8180	-13074	-253	-215	228	-62	92	-112	17945	89725	17945	70319509
2922	-8216	-13093	-253	-211	235	-54	96	-110	17946	89730	17946	70319545
2911	-8152	-13081	-254	-221	230	-54	96	-111	17947	89735	17947	70319545
2896	-8152	-12966	-244	-218	235	-56	98	-116	17948	89740	17948	70319545
2940	-8166	-12986	-243	-205	242	-56	98	-116	17949	89745	17949	70319545
2954	-8176	-13020	-244	-199	229	-55	95	-115	17950	89750	17950	70319545
2924	-8236	-13092	-251	-209	233	-55	95	-115	17951	89755	17951	70319545
2938	-8214	-13120	-233	-191	232	-57	89	-115	17952	89760	17952	70319545
2978	-8276	-13102	-219	-205	249	-57	89	-115	17953	89765	17953	70319545
2944	-8189	-13041	-205	-208	270	-61	87	-109	17954	89770	17954	70319545
2965	-8136	-13027	-199	-210	270	-60	87	-110	17955	89775	17955	70319547
2953	-8147	-12954	-179	-222	277	-57	89	-113	17956	89780	17956	70319562
2927	-8112	-12986	-156	-221	285	-57	89	-114	17957	89785	17957	70319591
2941	-8144	-13046	-130	-208	294	-59	89	-117	17958	89790	17958	70319591
2982	-8161	-13003	-109	-209	290	-59	91	-116	17959	89795	17959	70319591
2998	-8200	-13055	-93	-226	289	-60	98	-114	17960	89800	17960	70319592
2979	-8250	-13038	-65	-232	288	-60	96	-112	17961	89805	17961	70319592
2935	-8292	-13135	-49	-232	293	-60	90	-104	17962	89810	17962	70319592
2902	-8314	-13224	-43	-234	288	-58	91	-108	17963	89815	17963	70319607
2889	-8359	-13186	-34	-236	280	-56	92	-114	17964	89820	17964	70319630
2871	-8394	-13147	-38	-240	262	-60	90	-112	17965	89825	17965	70319630
2872	-8416	-13193	-44	-228	240	-67	87	-109	17966	89830	17966	70319630
2879	-8429	-13138	-46	-227	212	-65	90	-109	17967	89835	17967	70319631
2835	-8440	-13156	-48	-233	193	-62	94	-110	17968	89840	17968	70319631
2776	-8472	-13124	-63	-221	168	-61	92	-110	17969	89845	17969	70319631
2773	-8480	-13006	-62	-220	129	-60	90	-110	17970	89850	17970	70319632
2803	-8456	-13056	-38	-224	98	-60	93	-114	17971	89855	17971	70319632
2830	-8419	-13039	-27	-212	69	-59	95	-117	17972	89860	17972	70319665
2832	-8410	-13069	-14	-198	29	-58	93	-117	17973	89865	17973	70319714
2804	-8470	-13108	9	-198	-12	-57	89	-117	17974	89870	17974	70319715
2811	-8460	-13129	35	-193	-52	-59	88	-117	17975	89875	17975	70319715
2776	-8481	-13114	61	-183	-98	-63	87	-117	17976	89880	17976	70319716
2770	-8554	-13074	75	-182	-135	-61	91	-115	17977	89885	17977	70319716
2794	-8566	-13025	79	-189	-157	-57	97	-111	17978	89890	17978	70319716
2823	-8584	-13065	64	-196	-180	-57	95	-113	17979	89895	17979	70319720
2766	-8584	-13110	56	-205	-212	-56	92	-114	17980	89900	17980	70319738
2715	-8534	-13032	50	-226	-240	-57	91	-113	17981	89905	17981	70319749
2757	-8531	-12985	50	-237	-260	-58	90	-112	17982	89910	17982	70319749
2778	-8536	-12904	74	-253	-267	-60	89	-116	17983	89915	17983	70319749
2791	-8499	-12868	100	-271	-269	-62	88	-118	17984	89920	17984	70319750
2776	-8454	-12803	118	-286	-268	-62	88	-117	17985	89925	17985	70319750
2732	-8418	-12745	142	-294	-268	-62	88	-116	17986	89930	17986	70319750
2773	-8419	-12706	174	-290	-276	-63	92	-112	17987	89935	17987	70319750
2819	-8382	-12864	205	-286	-283	-63	93	-111	17988	89940	17988	70319750
2797	-8412	-12837	212	-286	-271	-62	92	-113	17989	89945	17989	70319751
2812	-8384	-12846	208	-280	-293	-62	92	-114	17990	89950	17990	70319751
2869	-8475	-12926	202	-279	-320	-56	94	-113	17991	89955	17991	70319751
2784	-8551	-13002	161	-262	-341	-55	95	-113	17992	89960	17992	70319757
2742	-8604	-12976	109	-260	-369	-55	90	-116	17993	89965	17993	70319758
2759	-8680	-13096	34	-251	-395	-55	89	-117	17994	89970	17994	70319768
2785	-8722	-13195	-46	-241	-432	-61	92	-109	17995	89975	17995	70319787
2756	-8734	-13228	-152	-236	-488	-63	93	-107	17996	89980	17996	70319792
2758	-8773	-13288	-255	-226	-538	-58	91	-112	17997	89985	17997	70319792
2701	-8844	-13265	-369	-218	-598	-57	91	-113	17998	89990	17998	70319792
2716	-8794	-13214	-469	-224	-649	-59	88	-105	17999	89995	17999	70319792
2734	-8741	-13190	-558	-208	-706	-59	87	-103	18000	90000	18000	70319793
2736	-8777	-13263	-612	-195	-768	-60	91	-107	18001	90005	18001	70319793
2800	-8751	-13269	-648	-181	-817	-60	92	-108	18002	90010	18002	70319793
2768	-8731	-13218	-657	-144	-867	-55	94	-114	18003	90015	18003	70319793
2784	-8660	-13206	-653	-104	-936	-54	94	-116	18004	90020	18004	70319801
2854	-8708	-13290	-639	-75	-990	-59	97	-109	18005	90025	18005	70319828
2878	-8664	-13192	-602	-36	-1023	-59	97	-109	18006	90030	18006	70319828
2980	-8720	-13294	-589	9	-1053	-65	93	-115	18007	90035	18007	70319828
2978	-8622	-13268	-556	45	-1088	-65	93	-115	18008	90040	18008	70319828
2988	-8694	-13182	-555	80	-1134	-58	90	-112	18009	90045	18009	70319829
3060	-8636	-13364	-569	89	-1157	-58	90	-112	18010	90050	18010	70319829
3018	-8704	-13350	-577	129	-1179	-61	91	-115	18011	90055	18011	70319829
3074	-8786	-13418	-626	163	-1222	-61	91	-115	18012	90060	18012	70319838
3064	-8839	-13296	-750	192	-1257	-58	92	-112	18013	90065	18013	70319878
3137	-8853	-13296	-856	220	-1282	-59	92	-112	18014	90070	18014	70319878
3238	-8735	-13300	-971	225	-1281	-61	93	-113	18015	90075	18015	70319878
3277	-8699	-13209	-1082	242	-1287	-61	91	-113	18016	90080	18016	70319878
3310	-8590	-13172	-1210	263	-1302	-59	85	-113	18017	90085	18017	70319878
3446	-8506	-13189	-1333	287	-1309	-58	86	-113	18018	90090	18018	70319879
3568	-8458	-13116	-1438	316	-1319	-55	93	-115	18019	90095	18019	70319879
3676	-8322	-12978	-1531	324	-1332	-55	93	-115	18020	90100	18020	70319887
3704	-8244	-12896	-1601	320	-1333	-58	94	-108	18021	90105	18021	70319919
3710	-8140	-12857	-1636	311	-1318	-59	95	-109	18022	90110	18022	70319920
3701	-7986	-12850	-1645	293	-1294	-62	100	-114	18023	90115	18023	70319920
3660	-7885	-12824	-1622	272	-1265	-61	99	-114	18024	90120	18024	70319920
3639	-7787	-12774	-1594	254	-1232	-58	94	-112	18025	90125	18025	70319920
3641	-7711	-12738	-1533	228	-1199	-58	93	-112	18026	90130	18026	70319920
3652	-7606	-12704	-1459	211	-1166	-58	90	-110	18027	90135	18027	70319920
3708	-7556	-12865	-1362	169	-1132	-58	90	-111	18028	90140	18028	70319920
3583	-7547	-12857	-1271	127	-1084	-60	90	-116	18029	90145	18029	70319926
3584	-7564	-12843	-1201	92	-1035	-58	88	-114	18030	90150	18030	70319949
3608	-7524	-12828	-1148	59	-986	-56	86	-112	18031	90155	18031	70319957
3582	-7474	-12805	-1083	11	-927	-59	87	-112	18032	90160	18032	70319957
3565	-7452	-12788	-1018	-39	-860	-63	89	-113	18033	90165	18033	70319958
3594	-7389	-12776	-958	-80	-794	-61	90	-111	18034	90170	18034	70319958
3565	-7383	-12835	-930	-106	-734	-57	91	-109	18035	90175	18035	70319958
3495	-7463	-12888	-912	-129	-690	-57	91	-110	18036	90180	18036	70319958
3408	-7552	-12933	-889	-145	-645	-58	90	-112	18037	90185	18037	70319977
3342	-7588	-12983	-856	-157	-594	-59	92	-111	18038	90190	18038	70319995
3286	-7579	-13042	-824	-167	-533	-60	94	-110	18039	90195	18039	70319995
3250	-7681	-13067	-811	-174	-464	-59	93	-113	18040	90200	18040	70319996
3228	-7815	-13096	-822	-172	-417	-59	93	-115	18041	90205	18041	70319996
3243	-7868	-13170	-849	-170	-395	-57	89	-116	18042	90210	18042	70319996
3282	-7875	-13229	-885	-166	-370	-55	85	-117	18043	90215	18043	70319996
3302	-7886	-13283	-933	-157	-339	-57	87	-114	18044	90220	18044	70319999
3347	-7884	-13318	-982	-158	-316	-61	89	-109	18045	90225	18045	70320018
3435	-7875	-13303	-1010	-168	-306	-58	85	-112	18046	90230	18046	70320032
3498	-7899	-13395	-1027	-179	-317	-56	82	-114	18047	90235	18047	70320032
3574	-7942	-13418	-1054	-164	-343	-55	89	-112	18048	90240	18048	70320032
3616	-8016	-13364	-1094	-159	-369	-55	93	-111	18049	90245	18049	70320032
3650	-8063	-13387	-1119	-175	-404	-58	94	-114	18050	90250	18050	70320032
3636	-8112	-13470	-1137	-179	-435	-60	94	-116	18051	90255	18051	70320032
3625	-8193	-13555	-1178	-172	-480	-61	92	-118	18052	90260	18052	70320054
3538	-8381	-13647	-1254	-148	-535	-61	91	-119	18053	90265	18053	70320075
3472	-8599	-13707	-1406	-104	-618	-57	90	-117	18054	90270	18054	70320079
3393	-8795	-13634	-1567	-56	-684	-56	90	-116	18055	90275	18055	70320079
3345	-8880	-13686	-1742	-12	-735	-61	88	-118	18056	90280	18056	70320080
3394	-8902	-13726	-1945	38	-786	-62	88	-118	18057	90285	18057	70320080
3462	-8869	-13745	-2129	90	-850	-67	86	-116	18058	90290	18058	70320080
3492	-8735	-13820	-2332	140	-935	-68	86	-116	18059	90295	18059	70320080
3512	-8699	-13772	-2528	182	-1038	-61	84	-117	18060	90300	18060	70320117
3538	-8748	-13822	-2705	224	-1137	-59	83	-117	18061	90305	18061	70320128
3598	-8694	-13742	-2867	274	-1232	-61	87	-115	18062	90310	18062	70320130
3614	-8646	-13798	-3035	311	-1344	-62	88	-114	18063	90315	18063	70320130
3658	-8688	-13754	-3179	338	-1428	-59	87	-119	18064	90320	18064	70320130
3630	-8576	-13748	-3298	372	-1531	-59	87	-119	18065	90325	18065	70320131
3677	-8508	-13720	-3376	405	-1588	-58	85	-115	18066	90330	18066	70320131
3646	-8406	-13580	-3450	430	-1649	-58	84	-114	18067	90335	18067	70320132
3670	-8184	-13541	-3480	452	-1720	-59	90	-118	18068	90340	18068	70320132
3678	-8040	-13474	-3470	481	-1778	-59	91	-119	18069	90345	18069	70320132
3708	-7925	-13373	-3414	525	-1821	-58	92	-115	18070	90350	18070	70320149
3680	-7724	-13298	-3305	560	-1873	-58	92	-114	18071	90355	18071	70320163
3710	-7520	-13110	-3167	571	-1908	-61	93	-113	18072	90360	18072	70320164
3804	-7370	-13156	-3007	572	-1913	-61	93	-113	18073	90365	18073	70320164
3858	-7200	-13146	-2830	584	-1908	-62	92	-112	18074	90370	18074	70320164
3828	-7174	-13194	-2676	586	-1895	-62	92	-112	18075	90375	18075	70320164
3800	-7226	-13204	-2556	583	-1911	-65	91	-121	18076	90380	18076	70320164
3814	-7204	-13220	-2436	567	-1949	-65	91	-121	18077	90385	18077	70320164
3802	-7178	-13236	-2289	535	-1963	-62	88	-114	18078	90390	18078	70320164
3890	-7119	-13284	-2150	513	-1938	-62	88	-114	18079	90395	18079	70320179
3957	-7112	-13182	-2066	486	-1944	-62	90	-116	18080	90400	18080	70320204
3965	-7021	-13255	-1990	456	-1953	-62	90	-116	18081	90405	18081	70320204
3960	-6926	-13218	-1922	422	-1924	-64	90	-116	18082	90410	18082	70320204
4024	-6859	-13224	-1871	392	-1903	-64	90	-117	18083	90415	18083	70320205
4059	-6777	-13251	-1837	353	-1887	-62	90	-122	18084	90420	18084	70320205
4022	-6756	-13221	-1791	310	-1877	-62	89	-121	18085	90425	18085	70320205
3924	-6770	-13157	-1739	271	-1874	-63	83	-117	18086	90430	18086	70320206
3939	-6668	-13180	-1676	225	-1861	-62	85	-117	18087	90435	18087	70320220
3929	-6604	-13087	-1646	192	-1843	-57	89	-117	18088	90440	18088	70320245
3957	-6621	-13028	-1633	168	-1825	-57	89	-117	18089	90445	18089	70320245
3967	-6636	-13078	-1631	115	-1814	-59	91	-117	18090	90450	18090	70320245
3949	-6699	-13204	-1642	87	-1821	-60	90	-117	18091	90455	18091	70320245
3882	-6759	-13188	-1643	62	-1826	-66	88	-118	18092	90460	18092	70320246
3858	-6728	-13230	-1630	25	-1809	-65	89	-118	18093	90465	18093	70320246
3882	-6704	-13349	-1592	-3	-1787	-63	91	-117	18094	90470	18094	70320246
3895	-6613	-13284	-1572	-28	-1770	-63	90	-119	18095	90475	18095	70320256
3928	-6562	-13247	-1546	-62	-1763	-61	85	-123	18096	90480	18096	70320286
3917	-6577	-13368	-1517	-80	-1757	-59	85	-119	18097	90485	18097	70320286
3954	-6671	-13474	-1489	-75	-1743	-56	84	-114	18098	90490	18098	70320286
3988	-6906	-13571	-1461	-63	-1777	-60	83	-115	18099	90495	18099	70320286
4014	-7124	-13628	-1461	-56	-1854	-66	82	-116	18100	90500	18100	70320286
4032	-7284	-13674	-1522	-61	-1904	-65	84	-118	18101	90505	18101	70320286
4087	-7391	-13747	-1611	-85	-1902	-63	87	-121	18102	90510	18102	70320286
4052	-7444	-13762	-1699	-103	-1891	-63	85	-120	18103	90515	18103	70320305
4032	-7495	-13784	-1790	-105	-1925	-63	81	-119	18104	90520	18104	70320331
4042	-7490	-13826	-1893	-100	-1987	-65	89	-120	18105	90525	18105	70320331
4102	-7470	-13818	-1978	-96	-2055	-66	94	-120	18106	90530	18106	70320331
4151	-7369	-13788	-2066	-91	-2118	-64	90	-119	18107	90535	18107	70320332
4106	-7289	-13744	-2147	-93	-2162	-62	88	-118	18108	90540	18108	70320332
3942	-7331	-13809	-2203	-80	-2171	-65	86	-119	18109	90545	18109	70320333
3925	-7504	-13804	-2227	-22	-2198	-67	85	-119	18110	90550	18110	70320359
4002	-7459	-13776	-2284	26	-2327	-67	86	-117	18111	90555	18111	70320376
3998	-7212	-13760	-2404	41	-2468	-67	87	-115	18112	90560	18112	70320376
4016	-6969	-13722	-2498	70	-2492	-65	85	-118	18113	90565	18113	70320377
4003	-6791	-13705	-2485	110	-2467	-64	84	-120	18114	90570	18114	70320377
3991	-6608	-13523	-2369	120	-2477	-66	85	-122	18115	90575	18115	70320377
4044	-6308	-13484	-2156	133	-2506	-68	86	-124	18116	90580	18116	70320377
4078	-5995	-13430	-1862	161	-2500	-63	87	-121	18117	90585	18117	70320378
4116	-5838	-13396	-1489	193	-2470	-59	87	-119	18118	90590	18118	70320390
4055	-5786	-13421	-1112	233	-2433	-62	88	-121	18119	90595	18119	70320416
3918	-5706	-13311	-788	243	-2392	-64	88	-122	18120	90600	18120	70320428
4001	-5425	-13088	-461	223	-2326	-66	85	-119	18121	90605	18121	70320428
4121	-5068	-12940	-174	194	-2232	-66	84	-118	18122	90610	18122	70320428
4249	-4787	-12820	42	158	-2129	-64	86	-119	18123	90615	18123	70320428
4255	-4694	-12799	204	144	-2014	-63	87	-119	18124	90620	18124	70320428
4232	-4662	-12802	316	123	-1936	-61	85	-124	18125	90625	18125	70320428
4260	-4722	-12877	378	84	-1872	-61	85	-125	18126	90630	18126	70320450
4294	-4749	-12899	364	43	-1778	-63	82	-119	18127	90635	18127	70320455
4356	-4757	-12884	309	-44	-1674	-63	81	-117	18128	90640	18128	70320456
4458	-4616	-12904	197	-150	-1552	-69	87	-115	18129	90645	18129	70320456
4448	-4532	-12958	71	-262	-1434	-69	87	-115	18130	90650	18130	70320456
4412	-4526	-12972	-44	-370	-1304	-64	82	-122	18131	90655	18131	70320457
4316	-4558	-12986	-172	-463	-1176	-64	82	-122	18132	90660	18132	70320457
4382	-4472	-13076	-297	-549	-1085	-65	81	-125	18133	90665	18133	70320457
4362	-4526	-13154	-389	-631	-982	-65	81	-125	18134	90670	18134	70320457
4378	-4506	-13164	-490	-738	-869	-63	85	-119	18135	90675	18135	70320458
4343	-4601	-13199	-567	-809	-763	-63	85	-119	18136	90680	18136	70320458
4365	-4570	-13220	-660	-897	-648	-61	85	-117	18137	90685	18137	70320472
4368	-4602	-13322	-789	-1007	-528	-61	85	-117	18138	90690	18138	70320502
4430	-4590	-13326	-883	-1097	-420	-65	81	-121	18139	90695	18139	70320502
4534	-4554	-13390	-986	-1168	-329	-65	81	-121	18140	90700	18140	70320502
4666	-4534	-13404	-1062	-1223	-234	-68	84	-118	18141	90705	18141	70320502
4660	-4580	-13650	-1169	-1290	-149	-68	84	-118	18142	90710	18142	70320502
4676	-4558	-13560	-1232	-1348	-54	-64	86	-114	18143	90715	18143	70320502
4738	-4610	-13834	-1267	-1385	36	-64	86	-114	18144	90720	18144	70320502
4758	-4668	-13892	-1255	-1412	114	-63	81	-125	18145	90725	18145	70320519
4914	-4668	-14021	-1199	-1454	203	-63	81	-125	18146	90730	18146	70320540
5073	-4670	-14101	-1127	-1464	275	-63	83	-125	18147	90735	18147	70320540
5155	-4667	-14160	-1051	-1448	345	-64	84	-124	18148	90740	18148	70320540
5293	-4688	-14058	-958	-1440	404	-66	86	-120	18149	90745	18149	70320541
5366	-4565	-13841	-805	-1448	477	-66	86	-120	18150	90750	18150	70320541
5238	-4389	-13589	-626	-1491	611	-65	87	-121	18151	90755	18151	70320543
4810	-4225	-13478	-425	-1550	811	-65	87	-122	18152	90760	18152	70320561
4278	-4323	-13418	-240	-1583	982	-65	87	-125	18153	90765	18153	70320607
3784	-4526	-13343	-51	-1573	1106	-65	88	-125	18154	90770	18154	70320607
3485	-4696	-13206	275	-1540	1189	-65	89	-125	18155	90775	18155	70320607
3546	-4755	-13206	644	-1518	1268	-65	88	-125	18156	90780	18156	70320607
3784	-4702	-13337	1054	-1507	1383	-66	86	-126	18157	90785	18157	70320607
4073	-4498	-13472	1472	-1507	1542	-65	86	-124	18158	90790	18158	70320608
4359	-4365	-13665	1865	-1506	1698	-64	86	-120	18159	90795	18159	70320608
4512	-4375	-13851	2194	-1489	1818	-64	86	-120	18160	90800	18160	70320608
4628	-4611	-13807	2480	-1450	1885	-64	86	-118	18161	90805	18161	70320610
4762	-5013	-13874	2748	-1421	1909	-65	86	-119	18162	90810	18162	70320625
4779	-5342	-13835	2938	-1406	1947	-67	87	-123	18163	90815	18163	70320645
4744	-5526	-13758	3025	-1420	1997	-65	86	-122	18164	90820	18164	70320645
4661	-5643	-13772	3013	-1452	2057	-63	85	-121	18165	90825	18165	70320645
4491	-5718	-13822	2905	-1483	2109	-63	86	-120	18166	90830	18166	70320645
4305	-5903	-13848	2746	-1510	2125	-64	88	-118	18167	90835	18167	70320646
4142	-6035	-13942	2576	-1529	2105	-64	89	-118	18168	90840	18168	70320646
4040	-6149	-13988	2405	-1546	2076	-63	91	-117	18169	90845	18169	70320661
3918	-6251	-14117	2222	-1560	2051	-61	90	-117	18170	90850	18170	70320683
3842	-6280	-14199	2039	-1562	2036	-59	89	-117	18171	90855	18171	70320683
3796	-6345	-14311	1869	-1553	2017	-57	89	-119	18172	90860	18172	70320683
3804	-6426	-14387	1710	-1539	1980	-55	89	-121	18173	90865	18173	70320683
3864	-6530	-14436	1555	-1518	1942	-60	89	-121	18174	90870	18174	70320683
3885	-6621	-14481	1421	-1501	1924	-63	89	-121	18175	90875	18175	70320683
3826	-6638	-14435	1314	-1485	1931	-64	87	-118	18176	90880	18176	70320683
3829	-6637	-14447	1216	-1462	1942	-64	86	-116	18177	90885	18177	70320683
3869	-6606	-14389	1134	-1436	1948	-66	90	-115	18178	90890	18178	70320683
3821	-6622	-14333	1091	-1396	1952	-68	92	-114	18179	90895	18179	70320683
3720	-6580	-14212	1105	-1369	1955	-63	90	-117	18180	90900	18180	70320683
3662	-6548	-14208	1141	-1308	1967	-62	90	-118	18181	90905	18181	70320683
3617	-6643	-14102	1225	-1241	1989	-61	86	-117	18182	90910	18182	70320697
3581	-6641	-14107	1341	-1191	2002	-61	85	-117	18183	90915	18183	70320716
3636	-6627	-14051	1473	-1132	2023	-65	88	-118	18184	90920	18184	70320725
3729	-6592	-14105	1640	-1070	2060	-68	90	-118	18185	90925	18185	70320726
3795	-6624	-14118	1818	-1001	2097	-66	91	-119	18186	90930	18186	70320727
3838	-6782	-14158	2043	-921	2143	-65	91	-119	18187	90935	18187	70320728
3914	-6854	-14077	2248	-855	2184	-67	94	-117	18188	90940	18188	70320729
3937	-6961	-14061	2429	-808	2221	-67	95	-117	18189	90945	18189	70320730
3932	-7064	-14048	2600	-761	2258	-64	87	-117	18190	90950	18190	70320736
3944	-7108	-13967	2749	-726	2280	-63	85	-117	18191	90955	18191	70320753
3994	-7196	-13790	2853	-681	2294	-61	87	-116	18192	90960	18192	70320757
3952	-7221	-13723	2945	-653	2301	-60	88	-116	18193	90965	18193	70320757
3946	-7344	-13582	3025	-623	2320	-66	83	-121	18194	90970	18194	70320757
3934	-7414	-13602	3081	-599	2333	-68	82	-122	18195	90975	18195	70320757
3876	-7460	-13420	3141	-579	2338	-68	92	-120	18196	90980	18196	70320757
3816	-7496	-13416	3189	-577	2341	-68	92	-120	18197	90985	18197	70320757
3666	-7592	-13304	3256	-577	2331	-63	89	-119	18198	90990	18198	70320798
3624	-7668	-13218	3322	-559	2325	-63	89	-119	18199	90995	18199	70320798
3642	-7658	-13300	3360	-550	2338	-58	92	-118	18200	91000	18200	70320798
3516	-7652	-13204	3394	-546	2348	-58	92	-118	18201	91005	18201	70320798
3500	-7664	-13104	3410	-581	2342	-62	88	-120	18202	91010	18202	70320798
3366	-7750	-13120	3425	-586	2330	-62	88	-120	18203	91015	18203	70320798
3280	-7937	-13183	3391	-597	2323	-62	90	-116	18204	91020	18204	70320800
3139	-8048	-13239	3338	-615	2283	-61	90	-116	18205	91025	18205	70320812
3077	-8215	-13138	3265	-629	2236	-58	90	-118	18206	91030	18206	70320836
2994	-8338	-13210	3190	-649	2203	-58	90	-118	18207	91035	18207	70320836
2822	-8432	-13230	3030	-639	2131	-63	97	-117	18208	91040	18208	70320836
2846	-8552	-13244	2840	-647	2067	-63	97	-117	18209	91045	18209	70320836
2748	-8602	-13246	2655	-660	1993	-56	86	-114	18210	91050	18210	70320836
2660	-8686	-13274	2431	-664	1913	-56	86	-114	18211	91055	18211	70320836
2614	-8790	-13324	2204	-668	1826	-60	90	-120	18212	91060	18212	70320836
2500	-8766	-13360	1902	-675	1699	-60	89	-119	18213	91065	18213	70320859
2473	-8794	-13312	1661	-662	1590	-61	87	-113	18214	91070	18214	70320874
2450	-8890	-13442	1408	-631	1474	-61	88	-113	18215	91075	18215	70320874
2398	-8984	-13565	1167	-612	1340	-60	92	-114	18216	91080	18216	70320875
2357	-9030	-13641	907	-579	1202	-61	92	-114	18217	91085	18217	70320875
2346	-9099	-13506	648	-547	1070	-63	93	-113	18218	91090	18218	70320876
2354	-9139	-13612	402	-518	956	-62	93	-113	18219	91095	18219	70320876
2388	-9178	-13611	146	-496	822	-58	92	-114	18220	91100	18220	70320876
2382	-9163	-13665	-126	-452	688	-60	90	-116	18221	91105	18221	70320887
2403	-9191	-13694	-349	-404	566	-62	88	-118	18222	91110	18222	70320905
2494	-9188	-13683	-543	-352	446	-59	92	-118	18223	91115	18223	70320910
2529	-9148	-13679	-697	-308	340	-55	97	-117	18224	91120	18224	70320911
2622	-9143	-13682	-816	-268	244	-57	94	-116	18225	91125	18225	70320911
2695	-9079	-13621	-902	-236	158	-60	90	-114	18226	91130	18226	70320911
2821	-8988	-13572	-955	-206	85	-59	92	-114	18227	91135	18227	70320911
2986	-8900	-13480	-993	-160	27	-58	94	-114	18228	91140	18228	70320915
3093	-8788	-13450	-995	-113	-35	-60	93	-116	18229	91145	18229	70320960
3197	-8666	-13396	-980	-75	-89	-62	92	-118	18230	91150	18230	70320999
3314	-8622	-13306	-960	-42	-129	-63	91	-114	18231	91155	18231	70321000
3419	-8612	-13245	-937	-13	-159	-64	90	-108	18232	91160	18232	70321001
3522	-8530	-13189	-915	9	-179	-63	92	-110	18233	91165	18233	70321002
3636	-8445	-13180	-893	31	-201	-62	96	-114	18234	91170	18234	70321003
3733	-8400	-13194	-882	62	-223	-60	94	-114	18235	91175	18235	70321003
3766	-8381	-13162	-885	74	-229	-57	91	-113	18236	91180	18236	70321017
3773	-8331	-13126	-891	88	-230	-56	90	-112	18237	91185	18237	70321037
3818	-8232	-13116	-909	93	-231	-55	89	-111	18238	91190	18238	70321037
3852	-8145	-13054	-921	90	-231	-57	90	-111	18239	91195	18239	70321037
3926	-8064	-13008	-941	92	-220	-59	91	-111	18240	91200	18240	70321038
3958	-7938	-12933	-955	90	-195	-58	94	-112	18241	91205	18241	70321038
3931	-7845	-12948	-964	62	-173	-58	96	-112	18242	91210	18242	70321038
3911	-7770	-12952	-991	26	-146	-60	95	-117	18243	91215	18243	70321039
3854	-7716	-12892	-1003	-8	-131	-62	94	-120	18244	91220	18244	70321039
3812	-7617	-12861	-1002	-52	-118	-61	92	-119	18245	91225	18245	70321040
3748	-7479	-12795	-992	-110	-65	-61	91	-119	18246	91230	18246	70321040
3696	-7404	-12728	-959	-163	-22	-60	89	-118	18247	91235	18247	70321040
3661	-7355	-12730	-938	-227	11	-60	88	-118	18248	91240	18248	70321041
3638	-7293	-12696	-917	-294	51	-55	91	-118	18249	91245	18249	70321043
3564	-7165	-12740	-882	-350	78	-54	92	-118	18250	91250	18250	70321044
3530	-7139	-12751	-835	-428	125	-56	94	-114	18251	91255	18251	70321045
3438	-7095	-12824	-776	-477	174	-57	95	-113	18252	91260	18252	70321045
3429	-7036	-12828	-722	-539	212	-54	90	-113	18253	91265	18253	70321054
3384	-7048	-12806	-670	-601	253	-53	89	-113	18254	91270	18254	70321073
3340	-7083	-12852	-635	-643	300	-55	91	-115	18255	91275	18255	70321077
3362	-7079	-12987	-603	-689	328	-55	91	-115	18256	91280	18256	70321077
3288	-7055	-13023	-561	-747	374	-65	90	-117	18257	91285	18257	70321077
3326	-7021	-12997	-533	-801	402	-68	90	-118	18258	91290	18258	70321077
3342	-7009	-12992	-534	-842	442	-67	89	-111	18259	91295	18259	70321077
3337	-7010	-13141	-528	-890	480	-67	89	-109	18260	91300	18260	70321077
3362	-6994	-13189	-540	-914	493	-59	91	-119	18261	91305	18261	70321111
3398	-7019	-13190	-545	-956	520	-57	91	-121	18262	91310	18262	70321120
3372	-7088	-13266	-559	-1001	535	-56	96	-120	18263	91315	18263	70321121
3384	-7082	-13370	-556	-1003	539	-56	96	-120	18264	91320	18264	70321121
3450	-7068	-13370	-554	-1054	557	-60	98	-116	18265	91325	18265	70321122
3452	-7086	-13426	-532	-1062	579	-60	98	-116	18266	91330	18266	70321122
3470	-6978	-13458	-504	-1093	593	-61	89	-107	18267	91335	18267	70321123
3472	-6940	-13580	-469	-1100	611	-61	89	-107	18268	91340	18268	70321123
3468	-6940	-13536	-402	-1103	632	-56	94	-118	18269	91345	18269	70321156
3446	-6970	-13718	-330	-1101	640	-56	94	-118	18270	91350	18270	70321156
3405	-6979	-13696	-228	-1112	646	-60	96	-114	18271	91355	18271	70321156
3398	-6981	-13721	-125	-1099	661	-61	94	-115	18272	91360	18272	70321156
3347	-6906	-13731	27	-1116	688	-67	85	-121	18273	91365	18273	70321156
3314	-6887	-13797	197	-1110	713	-67	87	-120	18274	91370	18274	70321156
3232	-6927	-13851	272	-1077	713	-66	94	-118	18275	91375	18275	70321156
3156	-7018	-13833	327	-1041	709	-64	94	-117	18276	91380	18276	70321163
3226	-7074	-13846	413	-1017	709	-57	95	-113	18277	91385	18277	70321192
3216	-7066	-13856	492	-1008	727	-57	95	-113	18278	91390	18278	70321192
3134	-7050	-13944	581	-992	776	-63	93	-113	18279	91395	18279	70321193
3010	-7129	-13970	613	-945	797	-63	94	-115	18280	91400	18280	70321193
3050	-7129	-13894	653	-897	811	-64	96	-122	18281	91405	18281	70321193
3016	-7152	-14027	712	-867	836	-64	94	-120	18282	91410	18282	70321194
2991	-7202	-13953	732	-822	871	-66	88	-110	18283	91415	18283	70321194
2893	-7231	-13837	730	-782	892	-65	89	-110	18284	91420	18284	70321196
2877	-7214	-13842	759	-763	908	-59	95	-111	18285	91425	18285	70321207
2896	-7172	-13869	788	-718	934	-58	95	-112	18286	91430	18286	70321227
2883	-7210	-13803	809	-665	956	-56	94	-118	18287	91435	18287	70321227
