-9705	-1609	-12430	-1726	-662	-218	-529	3	-227	18423	92115	18423	70321930
-9770	-1593	-12418	-1703	-681	-208	-529	4	-225	18424	92120	18424	70321952
-9759	-1582	-12357	-1684	-698	-202	-529	9	-219	18425	92125	18425	70321952
-9786	-1594	-12342	-1659	-733	-199	-531	7	-223	18426	92130	18426	70321952
-9807	-1622	-12322	-1630	-786	-184	-533	3	-229	18427	92135	18427	70321952
-9814	-1613	-12280	-1582	-840	-187	-533	6	-228	18428	92140	18428	70321952
-9861	-1605	-12288	-1525	-887	-164	-532	10	-226	18429	92145	18429	70321952
-9886	-1641	-12329	-1468	-919	-120	-531	8	-224	18430	92150	18430	70321952
-9881	-1631	-12359	-1411	-922	-88	-529	5	-221	18431	92155	18431	70321965
-9898	-1588	-12385	-1354	-911	-62	-530	5	-222	18432	92160	18432	70321990
-10024	-1551	-12346	-1283	-884	-31	-532	6	-226	18433	92165	18433	70321991
-10064	-1561	-12325	-1224	-809	-16	-530	8	-223	18434	92170	18434	70321991
-10072	-1566	-12288	-1193	-717	-18	-526	10	-218	18435	92175	18435	70321991
-10116	-1564	-12246	-1184	-621	-35	-528	9	-219	18436	92180	18436	70321991
-10086	-1567	-12159	-1198	-510	-72	-530	8	-220	18437	92185	18437	70321991
-10091	-1551	-12044	-1229	-405	-119	-530	6	-221	18438	92190	18438	70321995
-10120	-1586	-12053	-1273	-322	-178	-529	3	-223	18439	92195	18439	70322011
-10082	-1641	-12047	-1324	-282	-247	-529	3	-221	18440	92200	18440	70322028
-10075	-1672	-12005	-1377	-297	-291	-529	3	-219	18441	92205	18441	70322028
-10169	-1707	-12044	-1415	-349	-324	-529	4	-220	18442	92210	18442	70322029
-10207	-1728	-12108	-1432	-393	-347	-529	5	-221	18443	92215	18443	70322029
-10233	-1745	-12136	-1421	-419	-342	-531	2	-222	18444	92220	18444	70322029
-10270	-1772	-12182	-1389	-420	-323	-532	0	-222	18445	92225	18445	70322030
-10264	-1789	-12156	-1347	-406	-299	-530	6	-221	18446	92230	18446	70322035
-10299	-1801	-12114	-1293	-378	-263	-528	10	-220	18447	92235	18447	70322055
-10270	-1767	-12026	-1226	-350	-233	-530	7	-223	18448	92240	18448	70322067
-10239	-1757	-11983	-1167	-303	-203	-531	5	-225	18449	92245	18449	70322067
-10246	-1716	-12011	-1126	-248	-174	-529	7	-224	18450	92250	18450	70322067
-10249	-1703	-12058	-1113	-171	-175	-528	8	-224	18451	92255	18451	70322067
-10255	-1656	-11982	-1105	-84	-172	-533	5	-226	18452	92260	18452	70322067
-10219	-1543	-12102	-1121	8	-176	-534	4	-226	18453	92265	18453	70322067
-10237	-1531	-12121	-1156	83	-194	-530	5	-225	18454	92270	18454	70322092
-10269	-1478	-12146	-1205	155	-218	-528	6	-224	18455	92275	18455	70322105
-10287	-1424	-12061	-1272	203	-226	-530	7	-225	18456	92280	18456	70322105
-10286	-1430	-12014	-1355	243	-235	-532	8	-226	18457	92285	18457	70322105
-10381	-1450	-11999	-1425	281	-236	-528	9	-224	18458	92290	18458	70322106
-10434	-1533	-11965	-1484	331	-225	-526	10	-222	18459	92295	18459	70322106
-10475	-1545	-11930	-1518	364	-206	-526	10	-224	18460	92300	18460	70322106
-10552	-1688	-11821	-1533	372	-186	-526	10	-224	18461	92305	18461	70322107
-10592	-1790	-11830	-1539	378	-172	-528	8	-226	18462	92310	18462	70322135
-10616	-1849	-11889	-1526	383	-160	-528	8	-226	18463	92315	18463	70322142
-10610	-2002	-11817	-1508	409	-151	-526	10	-225	18464	92320	18464	70322142
-10571	-2176	-11846	-1491	461	-158	-525	11	-225	18465	92325	18465	70322142
-10570	-2247	-11832	-1461	521	-169	-527	6	-222	18466	92330	18466	70322142
-10542	-2322	-11750	-1418	574	-176	-527	5	-221	18467	92335	18467	70322142
-10394	-2268	-11884	-1386	596	-188	-526	0	-222	18468	92340	18468	70322142
-10332	-2226	-11858	-1356	612	-211	-526	0	-222	18469	92345	18469	70322151
-10270	-2244	-11726	-1324	644	-206	-533	7	-221	18470	92350	18470	70322182
-10224	-2320	-11836	-1313	699	-210	-533	7	-221	18471	92355	18471	70322182
-10204	-2248	-11728	-1331	741	-224	-528	8	-216	18472	92360	18472	70322182
-10108	-2214	-11650	-1377	776	-217	-528	8	-216	18473	92365	18473	70322183
-10096	-2224	-11644	-1444	789	-229	-527	7	-219	18474	92370	18474	70322183
-10086	-2200	-11636	-1538	799	-254	-527	7	-219	18475	92375	18475	70322183
-10000	-2288	-11662	-1616	818	-242	-523	5	-219	18476	92380	18476	70322183
-9964	-2342	-11664	-1686	836	-228	-523	5	-219	18477	92385	18477	70322264
-9988	-2478	-11772	-1753	867	-213	-527	3	-219	18478	92390	18478	70322265
-10000	-2386	-11642	-1840	879	-179	-527	3	-219	18479	92395	18479	70322265
-9984	-2560	-11656	-1893	881	-141	-528	6	-224	18480	92400	18480	70322266
-9994	-2574	-11696	-1912	874	-98	-528	6	-224	18481	92405	18481	70322266
-9972	-2552	-11788	-1887	830	-43	-526	2	-220	18482	92410	18482	70322266
-9968	-2696	-11780	-1860	805	-17	-526	2	-220	18483	92415	18483	70322266
-10006	-2648	-11665	-1805	752	-9	-527	3	-219	18484	92420	18484	70322268
-10082	-2685	-11630	-1752	700	-5	-527	2	-220	18485	92425	18485	70322280
-10068	-2728	-11733	-1712	645	-27	-528	0	-224	18486	92430	18486	70322302
-10083	-2704	-11746	-1681	589	-64	-528	2	-223	18487	92435	18487	70322302
-10078	-2732	-11692	-1661	534	-105	-528	10	-220	18488	92440	18488	70322302
-10020	-2691	-11736	-1671	455	-167	-528	8	-220	18489	92445	18489	70322302
-9917	-2686	-11731	-1696	360	-233	-528	2	-220	18490	92450	18490	70322303
-9922	-2632	-11773	-1714	273	-278	-527	3	-222	18491	92455	18491	70322303
-9884	-2578	-11881	-1746	201	-322	-521	5	-229	18492	92460	18492	70322303
-9708	-2544	-12019	-1785	184	-339	-524	5	-228	18493	92465	18493	70322303
-9598	-2431	-12241	-1824	190	-349	-528	6	-226	18494	92470	18494	70322303
-9456	-2367	-12404	-1861	202	-350	-526	4	-225	18495	92475	18495	70322304
-9336	-2318	-12476	-1893	194	-340	-524	2	-224	18496	92480	18496	70322304
-9278	-2271	-12515	-1909	176	-320	-525	4	-224	18497	92485	18497	70322305
-9244	-2188	-12498	-1911	163	-293	-527	7	-223	18498	92490	18498	70322310
-9246	-2129	-12554	-1909	184	-267	-528	7	-223	18499	92495	18499	70322330
-9144	-2059	-12669	-1923	252	-238	-530	6	-222	18500	92500	18500	70322345
-9141	-1968	-12847	-1929	371	-214	-529	8	-224	18501	92505	18501	70322345
-9208	-1922	-12926	-1937	467	-194	-528	10	-226	18502	92510	18502	70322345
-9208	-1834	-12999	-1942	536	-186	-528	10	-228	18503	92515	18503	70322345
-9261	-1762	-13054	-1959	583	-183	-528	10	-230	18504	92520	18504	70322345
-9350	-1715	-13118	-1978	596	-166	-526	8	-228	18505	92525	18505	70322345
-9422	-1678	-13110	-1989	574	-141	-524	4	-226	18506	92530	18506	70322345
-9503	-1653	-13017	-1990	536	-98	-525	5	-225	18507	92535	18507	70322345
-9557	-1614	-12985	-1972	483	-40	-527	7	-223	18508	92540	18508	70322351
-9611	-1612	-12892	-1933	414	30	-530	8	-224	18509	92545	18509	70322391
-9653	-1629	-12874	-1883	346	111	-532	8	-224	18510	92550	18510	70322415
-9641	-1686	-12806	-1830	262	200	-532	3	-222	18511	92555	18511	70322415
-9586	-1733	-12776	-1787	151	277	-532	0	-220	18512	92560	18512	70322416
-9579	-1740	-12776	-1758	44	337	-530	1	-222	18513	92565	18513	70322416
-9614	-1754	-12756	-1733	-61	381	-528	2	-224	18514	92570	18514	70322416
-9573	-1708	-12653	-1705	-123	431	-526	3	-224	18515	92575	18515	70322416
-9462	-1646	-12667	-1685	-104	480	-524	4	-224	18516	92580	18516	70322416
-9267	-1663	-12735	-1667	9	526	-526	5	-225	18517	92585	18517	70322453
-9047	-1650	-12809	-1665	181	552	-527	5	-225	18518	92590	18518	70322467
-8836	-1660	-12775	-1681	350	558	-526	7	-221	18519	92595	18519	70322467
-8755	-1648	-12745	-1697	464	578	-526	8	-220	18520	92600	18520	70322467
-8706	-1612	-12695	-1725	531	593	-529	7	-223	18521	92605	18521	70322467
-8716	-1612	-12643	-1756	504	620	-531	7	-225	18522	92610	18522	70322468
-8712	-1653	-12639	-1778	397	640	-530	5	-222	18523	92615	18523	70322468
-8756	-1731	-12660	-1796	251	660	-530	4	-220	18524	92620	18524	70322468
-8834	-1811	-12749	-1817	103	673	-532	4	-223	18525	92625	18525	70322468
-8950	-1832	-12797	-1849	19	658	-532	4	-224	18526	92630	18526	70322468
-9123	-1828	-12701	-1895	-19	637	-526	5	-226	18527	92635	18527	70322468
-9328	-1853	-12692	-1932	-21	607	-525	5	-227	18528	92640	18528	70322468
-9464	-1823	-12701	-1964	4	573	-524	6	-221	18529	92645	18529	70322468
-9674	-1809	-12590	-1965	65	542	-524	6	-220	18530	92650	18530	70322471
-9786	-1806	-12546	-1931	156	526	-531	2	-219	18531	92655	18531	70322480
-9944	-1779	-12561	-1873	226	511	-533	1	-219	18532	92660	18532	70322495
-10050	-1815	-12409	-1795	281	513	-527	4	-222	18533	92665	18533	70322498
-10166	-1950	-12356	-1693	303	539	-525	5	-223	18534	92670	18534	70322498
-10250	-1882	-12212	-1618	290	529	-527	7	-227	18535	92675	18535	70322499
-10368	-2026	-12304	-1541	256	542	-527	7	-227	18536	92680	18536	70322499
-10398	-2150	-12266	-1496	217	555	-524	6	-220	18537	92685	18537	70322499
-10440	-2222	-12124	-1485	166	543	-524	6	-220	18538	92690	18538	70322499
-10468	-2172	-12052	-1487	115	508	-526	6	-224	18539	92695	18539	70322499
-10390	-2264	-11966	-1525	58	481	-526	6	-224	18540	92700	18540	70322499
-10330	-2422	-11994	-1557	-4	441	-525	5	-225	18541	92705	18541	70322528
-10236	-2442	-11906	-1595	-76	407	-526	6	-226	18542	92710	18542	70322537
-10136	-2490	-11964	-1610	-127	391	-529	9	-229	18543	92715	18543	70322537
-10074	-2472	-11954	-1620	-179	361	-529	9	-229	18544	92720	18544	70322538
-9966	-2434	-11880	-1648	-246	334	-524	2	-220	18545	92725	18545	70322538
-9896	-2542	-11948	-1672	-324	297	-524	2	-220	18546	92730	18546	70322538
-9872	-2534	-11906	-1718	-407	291	-528	4	-222	18547	92735	18547	70322538
-9930	-2396	-11980	-1770	-455	301	-528	4	-222	18548	92740	18548	70322539
-9874	-2330	-12022	-1812	-463	314	-522	8	-226	18549	92745	18549	70322566
-9870	-2352	-12112	-1844	-440	327	-522	8	-226	18550	92750	18550	70322574
-9921	-2321	-12151	-1877	-399	359	-529	-1	-221	18551	92755	18551	70322575
-9927	-2206	-12161	-1902	-371	374	-528	1	-221	18552	92760	18552	70322575
-9987	-2124	-12170	-1924	-361	385	-525	9	-221	18553	92765	18553	70322575
-9967	-2059	-12212	-1921	-362	422	-526	10	-221	18554	92770	18554	70322576
-9978	-2080	-12072	-1908	-387	455	-529	13	-223	18555	92775	18555	70322580
-9911	-2081	-12077	-1886	-468	478	-528	13	-223	18556	92780	18556	70322600
-9927	-2088	-12020	-1865	-605	496	-525	11	-223	18557	92785	18557	70322612
-9882	-2121	-11854	-1846	-806	487	-526	10	-222	18558	92790	18558	70322612
-9931	-2204	-11746	-1825	-1054	451	-527	5	-219	18559	92795	18559	70322612
-9979	-2238	-11673	-1789	-1235	438	-527	7	-219	18560	92800	18560	70322612
-9977	-2330	-11706	-1734	-1333	418	-527	9	-219	18561	92805	18561	70322612
-9945	-2472	-11743	-1677	-1350	356	-526	8	-221	18562	92810	18562	70322612
-9910	-2564	-11673	-1636	-1322	258	-525	7	-223	18563	92815	18563	70322627
-9952	-2681	-11682	-1618	-1271	132	-527	5	-224	18564	92820	18564	70322651
-9986	-2748	-11735	-1622	-1235	5	-529	3	-225	18565	92825	18565	70322653
-9995	-2752	-11766	-1631	-1219	-94	-529	3	-224	18566	92830	18566	70322653
-10043	-2784	-11790	-1642	-1199	-201	-531	1	-219	18567	92835	18567	70322653
-10100	-2834	-11878	-1672	-1200	-327	-530	5	-217	18568	92840	18568	70322653
-10209	-2840	-11958	-1729	-1195	-436	-528	10	-214	18569	92845	18569	70322653
-10255	-2836	-12004	-1820	-1209	-547	-527	10	-217	18570	92850	18570	70322655
-10371	-2852	-11987	-1924	-1247	-636	-525	9	-221	18571	92855	18571	70322670
-10483	-2800	-11896	-2024	-1296	-681	-525	8	-221	18572	92860	18572	70322687
-10583	-2681	-11874	-2118	-1322	-691	-526	6	-220	18573	92865	18573	70322687
-10619	-2598	-11911	-2191	-1314	-640	-527	8	-219	18574	92870	18574	70322687
-10667	-2516	-11908	-2260	-1271	-548	-528	10	-218	18575	92875	18575	70322687
-10712	-2425	-11958	-2334	-1203	-466	-526	8	-217	18576	92880	18576	70322687
-10767	-2309	-12005	-2428	-1134	-380	-524	6	-216	18577	92885	18577	70322687
-10794	-2123	-11987	-2542	-1057	-295	-524	6	-220	18578	92890	18578	70322722
-10798	-1916	-11936	-2654	-981	-216	-524	6	-222	18579	92895	18579	70322746
-10787	-1805	-11958	-2747	-923	-125	-526	8	-224	18580	92900	18580	70322746
-10793	-1677	-11963	-2815	-865	-36	-527	9	-225	18581	92905	18581	70322746
-10800	-1563	-11845	-2862	-796	38	-524	8	-220	18582	92910	18582	70322746
-10784	-1550	-11744	-2881	-707	108	-522	8	-216	18583	92915	18583	70322746
-10840	-1526	-11610	-2865	-563	184	-527	4	-221	18584	92920	18584	70322746
-10841	-1503	-11530	-2815	-375	258	-529	3	-223	18585	92925	18585	70322746
-10828	-1588	-11573	-2735	-178	319	-526	6	-221	18586	92930	18586	70322759
-10837	-1721	-11522	-2666	-5	351	-525	7	-221	18587	92935	18587	70322762
-10860	-1789	-11543	-2609	170	352	-530	4	-219	18588	92940	18588	70322762
-10883	-1833	-11600	-2585	334	335	-534	2	-218	18589	92945	18589	70322762
-10939	-1848	-11625	-2596	478	302	-531	5	-220	18590	92950	18590	70322762
-10988	-1852	-11646	-2608	610	252	-529	7	-221	18591	92955	18591	70322762
-10979	-1933	-11682	-2607	728	194	-528	8	-220	18592	92960	18592	70322762
-11009	-1992	-11735	-2618	808	136	-528	8	-220	18593	92965	18593	70322769
-11000	-2037	-11740	-2647	874	67	-530	3	-220	18594	92970	18594	70322794
-11044	-2105	-11765	-2703	957	6	-530	2	-220	18595	92975	18595	70322800
-11034	-2146	-11628	-2769	1025	-39	-532	4	-214	18596	92980	18596	70322801
-11033	-2128	-11670	-2822	1072	-63	-532	4	-212	18597	92985	18597	70322801
-10946	-2130	-11610	-2869	1093	-63	-531	6	-216	18598	92990	18598	70322801
-10906	-2148	-11660	-2907	1093	-36	-531	7	-217	18599	92995	18599	70322801
-10824	-2038	-11732	-2937	1094	37	-529	9	-219	18600	93000	18600	70322801
-10670	-2046	-11770	-2919	1134	116	-529	9	-219	18601	93005	18601	70322838
-10612	-2046	-11778	-2870	1207	200	-532	8	-218	18602	93010	18602	70322838
-10472	-2098	-11850	-2827	1308	274	-532	8	-218	18603	93015	18603	70322839
-10304	-2032	-11850	-2766	1457	330	-528	6	-216	18604	93020	18604	70322839
-10194	-2074	-11914	-2708	1614	372	-528	6	-216	18605	93025	18605	70322839
-10060	-2162	-11810	-2663	1740	380	-534	4	-224	18606	93030	18606	70322839
-10004	-2146	-11708	-2603	1831	363	-534	4	-224	18607	93035	18607	70322839
-9982	-2118	-11624	-2583	1852	309	-526	6	-218	18608	93040	18608	70322840
-10050	-2174	-11607	-2585	1805	219	-526	6	-218	18609	93045	18609	70322868
-10122	-2222	-11510	-2594	1752	120	-526	8	-220	18610	93050	18610	70322875
-10210	-2258	-11580	-2628	1688	6	-526	8	-220	18611	93055	18611	70322875
-10322	-2250	-11564	-2647	1631	-140	-532	-2	-222	18612	93060	18612	70322876
-10482	-2362	-11630	-2658	1607	-290	-532	-2	-222	18613	93065	18613	70322876
-10640	-2344	-11576	-2680	1639	-424	-530	2	-216	18614	93070	18614	70322876
-10852	-2438	-11662	-2711	1739	-566	-530	2	-216	18615	93075	18615	70322876
-10986	-2468	-11672	-2756	1873	-693	-531	1	-221	18616	93080	18616	70322886
-11140	-2483	-11684	-2792	2083	-820	-531	2	-222	18617	93085	18617	70322917
-11202	-2467	-11628	-2833	2273	-895	-529	7	-225	18618	93090	18618	70322917
-11224	-2436	-11676	-2888	2457	-940	-529	6	-224	18619	93095	18619	70322917
-11220	-2383	-11598	-2944	2607	-944	-529	3	-221	18620	93100	18620	70322918
-11231	-2368	-11553	-2995	2704	-913	-529	4	-222	18621	93105	18621	70322918
-11220	-2382	-11401	-3040	2783	-879	-530	8	-226	18622	93110	18622	70322918
-11049	-2337	-11257	-3096	2820	-842	-529	7	-225	18623	93115	18623	70322925
-10825	-2286	-11270	-3157	2843	-785	-525	1	-219	18624	93120	18624	70322954
-10551	-2174	-11301	-3227	2868	-726	-526	4	-219	18625	93125	18625	70322954
-10269	-2008	-11443	-3281	2897	-641	-527	11	-219	18626	93130	18626	70322954
-10039	-1826	-11513	-3280	2937	-551	-525	8	-219	18627	93135	18627	70322955
-9784	-1707	-11475	-3247	2962	-462	-522	4	-220	18628	93140	18628	70322955
-9589	-1581	-11502	-3200	2937	-370	-525	4	-220	18629	93145	18629	70322955
-9453	-1442	-11480	-3136	2850	-274	-529	5	-219	18630	93150	18630	70322955
-9388	-1362	-11483	-3066	2709	-190	-528	5	-220	18631	93155	18631	70322970
-9337	-1321	-11593	-2992	2539	-112	-526	6	-222	18632	93160	18632	70322992
-9331	-1268	-11724	-2909	2354	-36	-527	6	-223	18633	93165	18633	70322992
-9396	-1323	-11770	-2802	2117	35	-530	4	-224	18634	93170	18634	70322992
-9527	-1386	-11938	-2718	1942	77	-530	3	-224	18635	93175	18635	70322992
-9679	-1452	-12104	-2639	1796	84	-531	1	-223	18636	93180	18636	70322992
-9843	-1550	-12258	-2573	1688	69	-531	2	-224	18637	93185	18637	70322992
-10034	-1632	-12425	-2522	1622	50	-531	3	-225	18638	93190	18638	70322996
-10166	-1734	-12720	-2482	1606	18	-530	4	-225	18639	93195	18639	70323012
-10300	-1846	-13031	-2460	1648	-43	-528	6	-224	18640	93200	18640	70323029
-10406	-1953	-13141	-2466	1739	-119	-529	6	-225	18641	93205	18641	70323030
-10495	-2030	-13190	-2512	1877	-217	-531	5	-227	18642	93210	18642	70323030
-10496	-2037	-13257	-2596	2005	-323	-532	5	-225	18643	93215	18643	70323030
-10462	-2076	-13251	-2710	2080	-418	-533	5	-223	18644	93220	18644	70323031
-10412	-2087	-13120	-2841	2087	-518	-534	4	-224	18645	93225	18645	70323031
-10331	-2056	-12960	-2992	2011	-602	-535	3	-225	18646	93230	18646	70323048
-10216	-1982	-12834	-3143	1871	-649	-530	4	-220	18647	93235	18647	70323074
-10058	-1958	-12674	-3277	1689	-677	-527	5	-217	18648	93240	18648	70323084
-9854	-1984	-12541	-3380	1498	-682	-531	0	-221	18649	93245	18649	70323084
-9629	-1927	-12510	-3455	1287	-641	-534	-4	-224	18650	93250	18650	70323084
-9485	-1942	-12464	-3487	1123	-579	-531	2	-222	18651	93255	18651	70323084
-9305	-2016	-12401	-3482	1002	-480	-530	4	-222	18652	93260	18652	70323084
-9130	-1947	-12474	-3453	913	-361	-532	2	-226	18653	93265	18653	70323084
-9048	-1909	-12435	-3405	875	-259	-533	1	-227	18654	93270	18654	70323097
-8996	-1930	-12392	-3333	858	-152	-532	0	-228	18655	93275	18655	70323104
-8956	-1890	-12377	-3245	870	-42	-532	0	-228	18656	93280	18656	70323104
-8911	-1822	-12367	-3151	928	40	-530	4	-225	18657	93285	18657	70323104
-8814	-1784	-12406	-3051	1019	96	-529	7	-223	18658	93290	18658	70323104
-8653	-1796	-12476	-2936	1149	122	-533	2	-221	18659	93295	18659	70323104
-8578	-1724	-12490	-2863	1311	100	-534	0	-220	18660	93300	18660	70323105
-8406	-1738	-12636	-2815	1501	67	-532	-2	-222	18661	93305	18661	70323118
-8385	-1652	-12800	-2797	1698	26	-531	-3	-223	18662	93310	18662	70323138
-8416	-1602	-12824	-2791	1871	-37	-531	-1	-223	18663	93315	18663	70323142
-8460	-1514	-12859	-2776	1986	-78	-531	-1	-223	18664	93320	18664	70323142
-8521	-1448	-13025	-2767	2025	-96	-534	-3	-228	18665	93325	18665	70323142
-8585	-1428	-13158	-2764	2009	-105	-535	-3	-229	18666	93330	18666	70323142
-8640	-1398	-13270	-2745	1930	-94	-530	2	-228	18667	93335	18667	70323142
-8792	-1386	-13368	-2749	1849	-68	-530	2	-228	18668	93340	18668	70323142
-8864	-1392	-13434	-2758	1776	-52	-527	1	-223	18669	93345	18669	70323168
-8952	-1360	-13446	-2782	1697	-25	-527	1	-223	18670	93350	18670	70323195
-9054	-1304	-13484	-2814	1608	2	-532	6	-230	18671	93355	18671	70323196
-9024	-1268	-13346	-2825	1486	34	-532	6	-230	18672	93360	18672	70323197
