-1825	-15356	6001	388	-720	-547	88	131	101	17064	85320	17064	70315112
-1852	-15460	5956	370	-690	-484	86	132	102	17065	85325	17065	70315121
-1832	-15479	5850	393	-647	-433	89	131	103	17066	85330	17066	70315135
-1856	-15458	5818	454	-596	-369	93	129	105	17067	85335	17067	70315135
-1822	-15495	5861	513	-543	-313	92	127	104	17068	85340	17068	70315135
-1855	-15500	5891	562	-505	-267	90	124	102	17069	85345	17069	70315135
-1864	-15452	5995	616	-456	-215	90	127	102	17070	85350	17070	70315135
-1907	-15438	6110	639	-402	-175	89	135	101	17071	85355	17071	70315135
-1903	-15395	6192	625	-367	-150	89	133	103	17072	85360	17072	70315139
-1855	-15338	6274	592	-360	-128	90	130	106	17073	85365	17073	70315155
-1898	-15378	6327	531	-373	-120	90	131	105	17074	85370	17074	70315172
-1939	-15387	6351	430	-399	-120	89	133	103	17075	85375	17075	70315172
-1953	-15320	6392	322	-437	-121	89	132	103	17076	85380	17076	70315172
-1955	-15245	6402	233	-471	-134	88	130	104	17077	85385	17077	70315174
-1996	-15277	6399	186	-489	-167	90	132	104	17078	85390	17078	70315181
-1985	-15255	6394	186	-501	-204	94	134	104	17079	85395	17079	70315200
-2036	-15206	6326	222	-516	-251	93	134	106	17080	85400	17080	70315209
-2071	-15179	6257	267	-523	-295	92	134	108	17081	85405	17081	70315209
-2042	-15189	6234	326	-523	-339	92	133	105	17082	85410	17082	70315209
-2050	-15198	6261	392	-519	-389	92	132	100	17083	85415	17083	70315209
-2109	-15155	6334	445	-515	-444	93	133	101	17084	85420	17084	70315209
-2078	-15086	6372	487	-514	-492	95	135	103	17085	85425	17085	70315224
-2038	-15050	6398	514	-522	-529	93	133	103	17086	85430	17086	70315246
-2047	-15087	6421	539	-538	-579	91	131	103	17087	85435	17087	70315247
-2032	-15133	6424	561	-545	-626	92	132	100	17088	85440	17088	70315248
-2021	-15194	6430	593	-551	-662	92	132	98	17089	85445	17089	70315248
-2014	-15186	6429	618	-562	-690	93	131	100	17090	85450	17090	70315248
-2019	-15130	6441	646	-572	-710	94	130	102	17091	85455	17091	70315249
-1962	-15151	6430	672	-568	-732	93	131	102	17092	85460	17092	70315253
-1989	-15169	6494	690	-572	-761	92	132	102	17093	85465	17093	70315273
-2012	-15144	6529	700	-583	-779	90	134	103	17094	85470	17094	70315284
-1988	-15137	6540	706	-594	-789	87	135	103	17095	85475	17095	70315284
-1990	-15113	6562	695	-601	-797	91	131	107	17096	85480	17096	70315284
-1927	-15102	6562	682	-604	-815	93	129	109	17097	85485	17097	70315284
-1937	-15174	6557	673	-603	-832	91	134	107	17098	85490	17098	70315284
-1974	-15205	6562	646	-612	-846	90	138	106	17099	85495	17099	70315284
-2012	-15138	6591	604	-613	-857	88	131	104	17100	85500	17100	70315304
-2016	-15103	6594	579	-613	-865	86	126	102	17101	85505	17101	70315318
-1992	-15184	6606	570	-611	-870	88	128	103	17102	85510	17102	70315318
-1969	-15213	6621	570	-600	-875	90	130	104	17103	85515	17103	70315318
-1996	-15191	6528	601	-572	-884	92	134	102	17104	85520	17104	70315318
-1962	-15194	6594	611	-548	-885	93	135	101	17105	85525	17105	70315319
-1908	-15198	6588	609	-515	-873	91	130	104	17106	85530	17106	70315319
-1911	-15202	6612	590	-494	-853	91	129	105	17107	85535	17107	70315322
-1887	-15209	6611	559	-468	-827	92	130	102	17108	85540	17108	70315341
-1867	-15176	6547	517	-442	-796	92	130	100	17109	85545	17109	70315352
-1830	-15157	6567	479	-417	-772	91	129	107	17110	85550	17110	70315353
-1775	-15173	6569	441	-408	-737	91	129	111	17111	85555	17111	70315353
-1800	-15211	6551	400	-390	-694	92	130	109	17112	85560	17112	70315353
-1729	-15194	6565	367	-372	-648	92	130	108	17113	85565	17113	70315353
-1782	-15169	6530	334	-363	-621	93	136	106	17114	85570	17114	70315353
-1784	-15217	6560	305	-348	-585	93	137	105	17115	85575	17115	70315382
-1761	-15228	6504	280	-326	-535	89	133	104	17116	85580	17116	70315389
-1783	-15257	6474	264	-301	-492	88	132	104	17117	85585	17117	70315389
-1760	-15246	6404	262	-282	-468	91	130	102	17118	85590	17118	70315390
-1718	-15232	6396	292	-258	-434	92	130	102	17119	85595	17119	70315390
-1699	-15272	6337	332	-223	-401	90	130	104	17120	85600	17120	70315390
-1667	-15208	6354	375	-192	-366	90	130	104	17121	85605	17121	70315421
-1650	-15262	6437	390	-167	-332	90	133	112	17122	85610	17122	70315429
-1680	-15219	6474	394	-146	-302	90	134	114	17123	85615	17123	70315429
-1690	-15191	6504	381	-137	-273	88	132	108	17124	85620	17124	70315430
-1669	-15183	6568	341	-150	-245	88	132	106	17125	85625	17125	70315430
-1616	-15209	6606	297	-180	-234	88	132	106	17126	85630	17126	70315430
-1607	-15150	6577	241	-188	-230	88	132	106	17127	85635	17127	70315430
-1611	-15153	6523	199	-190	-228	87	131	107	17128	85640	17128	70315440
-1642	-15134	6568	154	-224	-243	87	131	107	17129	85645	17129	70315468
-1612	-15198	6458	144	-236	-250	89	137	103	17130	85650	17130	70315468
-1600	-15144	6512	137	-250	-261	89	137	103	17131	85655	17131	70315468
-1646	-15208	6494	159	-257	-275	91	129	103	17132	85660	17132	70315468
-1560	-15204	6582	188	-248	-300	91	129	103	17133	85665	17133	70315468
-1610	-15179	6520	208	-251	-310	91	131	103	17134	85670	17134	70315468
-1582	-15185	6473	225	-251	-323	91	131	103	17135	85675	17135	70315468
-1497	-15161	6419	246	-241	-347	94	131	103	17136	85680	17136	70315468
-1614	-15162	6510	269	-236	-365	95	131	103	17137	85685	17137	70315506
-1514	-15118	6372	289	-247	-374	90	132	104	17138	85690	17138	70315506
-1554	-15142	6484	303	-255	-379	90	132	104	17139	85695	17139	70315507
-1562	-15214	6464	304	-268	-378	87	131	99	17140	85700	17140	70315507
-1502	-15218	6412	311	-283	-389	87	131	99	17141	85705	17141	70315507
-1486	-15242	6292	331	-289	-391	92	132	104	17142	85710	17142	70315507
-1494	-15204	6268	355	-287	-395	92	132	104	17143	85715	17143	70315508
-1536	-15220	6368	348	-303	-386	94	128	102	17144	85720	17144	70315508
-1500	-15234	6248	369	-323	-392	94	128	102	17145	85725	17145	70315542
-1546	-15195	6336	381	-353	-406	91	131	101	17146	85730	17146	70315542
-1534	-15230	6356	365	-365	-402	91	131	101	17147	85735	17147	70315543
-1514	-15216	6444	368	-380	-413	90	136	104	17148	85740	17148	70315543
-1520	-15256	6376	365	-406	-414	90	136	104	17149	85745	17149	70315543
-1592	-15250	6382	342	-425	-435	95	133	107	17150	85750	17150	70315543
-1604	-15290	6376	339	-443	-446	95	133	107	17151	85755	17151	70315543
-1552	-15270	6282	349	-463	-467	91	129	107	17152	85760	17152	70315552
-1596	-15208	6354	324	-480	-500	91	129	107	17153	85765	17153	70315586
-1624	-15248	6343	322	-489	-499	89	131	103	17154	85770	17154	70315586
-1604	-15268	6208	327	-502	-508	90	132	103	17155	85775	17155	70315586
-1592	-15322	6336	338	-501	-513	96	136	104	17156	85780	17156	70315587
-1619	-15315	6371	359	-490	-513	95	136	103	17157	85785	17157	70315587
-1642	-15326	6366	370	-484	-506	91	135	101	17158	85790	17158	70315587
-1568	-15341	6298	375	-482	-501	91	135	102	17159	85795	17159	70315591
-1586	-15298	6316	390	-477	-490	89	133	107	17160	85800	17160	70315608
-1640	-15266	6340	380	-483	-494	89	133	107	17161	85805	17161	70315617
-1534	-15233	6369	374	-462	-500	86	126	106	17162	85810	17162	70315617
-1550	-15237	6344	361	-460	-488	88	127	106	17163	85815	17163	70315617
-1630	-15234	6315	337	-471	-484	96	132	104	17164	85820	17164	70315617
-1594	-15248	6318	330	-491	-481	96	133	105	17165	85825	17165	70315618
-1562	-15292	6351	339	-493	-475	95	135	107	17166	85830	17166	70315620
-1601	-15261	6258	354	-492	-459	94	134	107	17167	85835	17167	70315633
-1650	-15235	6262	374	-490	-463	89	131	105	17168	85840	17168	70315659
-1707	-15239	6193	426	-475	-460	90	131	105	17169	85845	17169	70315659
-1735	-15221	6297	466	-476	-455	92	130	106	17170	85850	17170	70315660
-1734	-15196	6398	475	-458	-456	93	130	105	17171	85855	17171	70315660
-1762	-15242	6381	479	-452	-456	95	131	103	17172	85860	17172	70315661
-1806	-15277	6360	480	-468	-457	94	131	103	17173	85865	17173	70315661
-1772	-15230	6380	472	-473	-460	92	130	104	17174	85870	17174	70315666
-1768	-15247	6435	476	-471	-466	92	130	104	17175	85875	17175	70315685
-1804	-15260	6460	462	-483	-464	92	128	106	17176	85880	17176	70315692
-1869	-15257	6466	445	-475	-457	91	128	105	17177	85885	17177	70315692
-1832	-15252	6496	418	-476	-449	89	127	101	17178	85890	17178	70315692
-1839	-15278	6422	422	-479	-443	91	128	104	17179	85895	17179	70315693
-1833	-15339	6440	442	-464	-443	94	130	108	17180	85900	17180	70315693
-1818	-15331	6456	442	-457	-441	96	130	108	17181	85905	17181	70315697
-1815	-15270	6466	449	-455	-433	98	130	108	17182	85910	17182	70315713
-1782	-15272	6438	440	-439	-428	96	130	107	17183	85915	17183	70315730
-1788	-15264	6424	430	-432	-422	93	131	105	17184	85920	17184	70315730
-1775	-15247	6465	422	-423	-416	91	132	107	17185	85925	17185	70315730
-1748	-15257	6501	406	-417	-412	88	134	110	17186	85930	17186	70315730
-1771	-15260	6523	361	-430	-408	89	133	109	17187	85935	17187	70315730
-1803	-15214	6546	327	-433	-412	93	131	105	17188	85940	17188	70315730
-1808	-15196	6484	304	-436	-416	93	132	104	17189	85945	17189	70315742
-1866	-15219	6448	293	-437	-423	94	134	102	17190	85950	17190	70315766
-1837	-15230	6416	290	-421	-428	94	132	103	17191	85955	17191	70315777
-1848	-15222	6405	310	-391	-426	94	130	104	17192	85960	17192	70315777
-1858	-15258	6408	343	-375	-436	92	132	102	17193	85965	17193	70315777
-1869	-15238	6383	373	-361	-442	90	134	100	17194	85970	17194	70315777
-1832	-15172	6431	399	-345	-447	92	134	103	17195	85975	17195	70315778
-1844	-15194	6402	407	-346	-450	93	133	105	17196	85980	17196	70315785
-1810	-15197	6438	390	-344	-451	92	134	107	17197	85985	17197	70315834
-1808	-15183	6518	371	-331	-445	92	134	108	17198	85990	17198	70315863
-1825	-15176	6546	352	-330	-435	90	130	105	17199	85995	17199	70315863
-1810	-15175	6493	334	-344	-431	87	125	101	17200	86000	17200	70315864
-1774	-15204	6419	324	-347	-434	89	129	105	17201	86005	17201	70315864
-1728	-15223	6394	322	-344	-432	91	135	111	17202	86010	17202	70315864
-1748	-15208	6419	327	-335	-437	90	133	108	17203	86015	17203	70315864
-1734	-15274	6425	343	-323	-438	88	130	104	17204	86020	17204	70315881
-1717	-15261	6377	354	-324	-438	93	135	107	17205	86025	17205	70315896
-1710	-15247	6386	386	-324	-436	97	139	109	17206	86030	17206	70315896
-1703	-15212	6391	417	-321	-431	94	138	108	17207	86035	17207	70315897
-1724	-15218	6332	428	-323	-429	92	138	108	17208	86040	17208	70315897
-1716	-15258	6409	434	-338	-426	93	135	109	17209	86045	17209	70315897
-1679	-15252	6433	431	-354	-429	93	133	109	17210	86050	17210	70315897
-1680	-15239	6455	409	-363	-427	95	133	106	17211	86055	17211	70315898
-1672	-15229	6515	361	-384	-418	96	132	102	17212	86060	17212	70315899
-1653	-15204	6490	299	-412	-415	94	128	104	17213	86065	17213	70315904
-1675	-15229	6455	253	-429	-420	92	126	106	17214	86070	17214	70315924
-1683	-15229	6517	220	-456	-427	91	129	104	17215	86075	17215	70315936
-1688	-15228	6518	199	-470	-435	91	131	103	17216	86080	17216	70315937
-1665	-15270	6473	206	-454	-446	90	133	104	17217	86085	17217	70315937
-1654	-15243	6414	227	-428	-456	90	134	104	17218	86090	17218	70315937
-1648	-15220	6428	237	-414	-464	94	131	105	17219	86095	17219	70315937
-1676	-15195	6393	254	-404	-481	97	129	105	17220	86100	17220	70315938
-1642	-15203	6421	283	-389	-503	93	130	106	17221	86105	17221	70315938
-1638	-15160	6496	331	-377	-530	92	130	106	17222	86110	17222	70315938
-1595	-15089	6462	347	-379	-527	93	131	108	17223	86115	17223	70315938
-1576	-15143	6506	358	-373	-519	93	131	109	17224	86120	17224	70315939
-1612	-15176	6565	376	-368	-512	94	130	104	17225	86125	17225	70315939
-1592	-15179	6566	386	-364	-504	94	130	100	17226	86130	17226	70315943
-1564	-15184	6540	396	-369	-493	93	134	101	17227	86135	17227	70315946
-1552	-15170	6538	412	-369	-483	93	137	101	17228	86140	17228	70315946
-1485	-15181	6520	427	-367	-462	90	133	103	17229	86145	17229	70315947
-1487	-15201	6562	446	-358	-455	89	131	103	17230	86150	17230	70315969
-1510	-15199	6622	448	-358	-441	91	129	105	17231	86155	17231	70315975
-1437	-15220	6565	453	-351	-432	91	129	105	17232	86160	17232	70315976
-1501	-15167	6636	424	-365	-425	90	131	103	17233	86165	17233	70315977
-1508	-15178	6605	399	-378	-413	90	132	102	17234	86170	17234	70315984
-1490	-15238	6661	377	-386	-420	91	131	104	17235	86175	17235	70315986
-1596	-15191	6676	330	-406	-429	91	131	105	17236	86180	17236	70315987
-1558	-15157	6639	273	-416	-441	93	133	105	17237	86185	17237	70315987
-1584	-15197	6652	243	-440	-433	93	133	105	17238	86190	17238	70316015
-1602	-15163	6599	229	-447	-435	92	132	109	17239	86195	17239	70316023
-1537	-15131	6582	226	-438	-440	92	132	110	17240	86200	17240	70316023
-1600	-15198	6596	224	-425	-447	86	124	100	17241	86205	17241	70316023
-1630	-15150	6605	233	-409	-448	84	122	98	17242	86210	17242	70316023
-1646	-15147	6632	244	-389	-453	89	130	100	17243	86215	17243	70316023
-1556	-15216	6590	268	-381	-448	90	132	100	17244	86220	17244	70316023
-1524	-15202	6608	281	-366	-450	92	126	106	17245	86225	17245	70316023
-1578	-15126	6514	266	-341	-434	93	125	107	17246	86230	17246	70316051
-1520	-15188	6478	297	-354	-405	94	130	112	17247	86235	17247	70316054
-1520	-15174	6532	279	-342	-399	94	130	112	17248	86240	17248	70316054
-1472	-15172	6534	269	-344	-376	95	127	103	17249	86245	17249	70316055
-1507	-15175	6477	283	-344	-371	95	127	103	17250	86250	17250	70316055
-1506	-15179	6426	296	-335	-344	94	133	102	17251	86255	17251	70316055
-1504	-15156	6366	306	-328	-329	94	134	102	17252	86260	17252	70316056
-1589	-15244	6452	318	-320	-317	93	135	100	17253	86265	17253	70316056
-1530	-15208	6370	356	-310	-308	93	135	99	17254	86270	17254	70316056
-1552	-15290	6494	371	-290	-306	95	129	107	17255	86275	17255	70316091
-1596	-15254	6490	394	-290	-297	95	129	107	17256	86280	17256	70316091
-1618	-15282	6494	386	-294	-293	95	129	103	17257	86285	17257	70316092
-1566	-15312	6528	381	-296	-291	95	129	103	17258	86290	17258	70316092
-1622	-15214	6562	321	-310	-284	89	135	101	17259	86295	17259	70316092
-1552	-15190	6662	265	-328	-288	89	135	101	17260	86300	17260	70316092
-1644	-15220	6540	230	-340	-292	91	129	105	17261	86305	17261	70316102
-1626	-15204	6536	213	-349	-299	92	129	106	17262	86310	17262	70316129
-1628	-15244	6484	210	-346	-314	94	130	108	17263	86315	17263	70316129
-1662	-15242	6416	220	-330	-313	94	130	108	17264	86320	17264	70316129
-1676	-15262	6446	237	-335	-309	92	134	104	17265	86325	17265	70316129
-1598	-15166	6482	250	-318	-329	92	134	104	17266	86330	17266	70316130
-1680	-15198	6486	276	-310	-322	91	127	105	17267	86335	17267	70316130
-1606	-15234	6520	288	-291	-322	91	127	105	17268	86340	17268	70316130
-1526	-15166	6504	299	-288	-312	89	129	103	17269	86345	17269	70316160
-1564	-15202	6518	274	-303	-308	89	129	103	17270	86350	17270	70316160
-1567	-15232	6508	241	-312	-319	94	126	104	17271	86355	17271	70316161
-1593	-15209	6436	216	-321	-308	93	127	103	17272	86360	17272	70316161
-1613	-15173	6496	196	-343	-303	91	129	101	17273	86365	17273	70316161
-1703	-15246	6488	171	-357	-321	91	130	102	17274	86370	17274	70316161
-1656	-15268	6478	167	-368	-320	92	132	104	17275	86375	17275	70316161
-1704	-15168	6340	165	-358	-327	92	132	104	17276	86380	17276	70316162
-1738	-15162	6366	181	-365	-324	95	131	105	17277	86385	17277	70316196
-1738	-15182	6400	212	-354	-332	95	131	105	17278	86390	17278	70316196
-1696	-15231	6419	279	-354	-340	91	129	95	17279	86395	17279	70316196
-1755	-15236	6368	337	-337	-357	90	130	96	17280	86400	17280	70316196
-1687	-15165	6370	370	-327	-352	88	134	102	17281	86405	17281	70316197
-1652	-15207	6374	378	-314	-348	89	133	102	17282	86410	17282	70316201
-1748	-15145	6409	374	-332	-362	95	129	103	17283	86415	17283	70316220
-1697	-15174	6477	361	-338	-367	95	128	103	17284	86420	17284	70316239
-1672	-15171	6558	321	-352	-376	94	126	104	17285	86425	17285	70316239
-1739	-15162	6524	273	-369	-373	94	128	104	17286	86430	17286	70316240
-1717	-15184	6534	229	-385	-379	92	138	102	17287	86435	17287	70316240
-1758	-15202	6480	203	-409	-377	92	137	103	17288	86440	17288	70316241
-1788	-15151	6446	188	-406	-391	92	132	106	17289	86445	17289	70316243
-1729	-15169	6448	184	-401	-387	92	131	106	17290	86450	17290	70316249
-1780	-15241	6466	197	-399	-401	91	127	107	17291	86455	17291	70316271
-1741	-15197	6401	226	-385	-420	90	128	107	17292	86460	17292	70316271
-1739	-15214	6460	246	-381	-419	86	130	106	17293	86465	17293	70316271
-1669	-15270	6469	257	-364	-420	87	131	107	17294	86470	17294	70316271
-1642	-15284	6525	242	-351	-421	89	133	111	17295	86475	17295	70316271
-1656	-15209	6524	214	-359	-440	90	133	109	17296	86480	17296	70316271
-1630	-15197	6542	167	-370	-442	92	132	106	17297	86485	17297	70316289
-1631	-15237	6554	122	-384	-432	91	132	105	17298	86490	17298	70316316
-1687	-15246	6548	77	-396	-429	89	133	103	17299	86495	17299	70316317
-1704	-15212	6487	44	-393	-425	90	131	105	17300	86500	17300	70316318
-1660	-15222	6429	24	-394	-420	92	128	108	17301	86505	17301	70316319
-1663	-15229	6454	17	-385	-431	92	128	107	17302	86510	17302	70316320
-1634	-15213	6372	15	-383	-434	92	128	102	17303	86515	17303	70316321
-1681	-15209	6398	37	-379	-417	94	130	104	17304	86520	17304	70316322
-1671	-15230	6451	48	-376	-402	96	132	108	17305	86525	17305	70316332
-1647	-15197	6466	34	-369	-390	95	130	107	17306	86530	17306	70316346
-1640	-15204	6477	15	-366	-378	94	128	106	17307	86535	17307	70316346
-1624	-15247	6531	-28	-366	-358	92	128	104	17308	86540	17308	70316346
-1621	-15298	6562	-88	-372	-340	88	128	102	17309	86545	17309	70316346
-1607	-15253	6535	-168	-387	-334	88	130	105	17310	86550	17310	70316346
-1636	-15214	6577	-255	-401	-328	89	133	109	17311	86555	17311	70316346
-1638	-15242	6627	-321	-422	-321	88	132	108	17312	86560	17312	70316357
-1636	-15209	6558	-376	-442	-320	86	130	106	17313	86565	17313	70316380
-1648	-15203	6482	-428	-455	-322	89	130	105	17314	86570	17314	70316388
-1623	-15254	6472	-435	-449	-315	93	129	103	17315	86575	17315	70316388
-1658	-15240	6451	-409	-438	-308	92	128	105	17316	86580	17316	70316389
-1705	-15197	6360	-355	-429	-311	91	127	107	17317	86585	17317	70316389
-1678	-15162	6381	-290	-401	-315	91	130	108	17318	86590	17318	70316390
-1607	-15199	6460	-231	-381	-311	90	134	110	17319	86595	17319	70316390
-1636	-15234	6437	-176	-357	-317	92	132	108	17320	86600	17320	70316402
-1654	-15254	6424	-143	-343	-320	94	130	106	17321	86605	17321	70316417
-1616	-15250	6424	-136	-340	-317	93	134	104	17322	86610	17322	70316421
-1586	-15256	6474	-146	-354	-306	92	136	102	17323	86615	17323	70316421
-1612	-15232	6455	-161	-369	-293	93	137	107	17324	86620	17324	70316421
-1597	-15183	6390	-183	-378	-287	93	137	111	17325	86625	17325	70316421
-1588	-15182	6321	-202	-388	-282	94	134	108	17326	86630	17326	70316421
-1635	-15214	6222	-193	-395	-276	95	129	103	17327	86635	17327	70316425
-1605	-15230	6196	-152	-393	-274	94	129	104	17328	86640	17328	70316441
-1579	-15238	6191	-88	-382	-272	92	130	106	17329	86645	17329	70316457
-1639	-15204	6198	-7	-365	-279	94	133	107	17330	86650	17330	70316457
-1646	-15184	6296	43	-367	-291	95	135	107	17331	86655	17331	70316458
-1638	-15227	6329	67	-377	-298	93	134	105	17332	86660	17332	70316458
-1675	-15279	6410	50	-395	-304	92	134	104	17333	86665	17333	70316458
-1708	-15272	6393	1	-412	-314	90	131	103	17334	86670	17334	70316458
-1692	-15222	6349	-19	-412	-316	89	129	103	17335	86675	17335	70316475
-1682	-15250	6361	-15	-421	-326	92	131	104	17336	86680	17336	70316490
-1647	-15277	6359	-18	-426	-342	94	132	104	17337	86685	17337	70316494
-1655	-15251	6333	-7	-420	-359	91	127	104	17338	86690	17338	70316494
-1707	-15287	6324	15	-421	-371	90	124	104	17339	86695	17339	70316494
-1748	-15284	6300	36	-418	-383	88	124	102	17340	86700	17340	70316494
-1742	-15256	6260	52	-416	-393	86	124	100	17341	86705	17341	70316494
-1715	-15245	6312	67	-414	-401	90	128	103	17342	86710	17342	70316519
-1738	-15262	6294	78	-419	-409	93	131	105	17343	86715	17343	70316535
-1731	-15253	6298	100	-421	-418	92	129	104	17344	86720	17344	70316536
-1708	-15216	6336	151	-422	-423	91	127	103	17345	86725	17345	70316536
-1708	-15205	6285	198	-428	-437	92	133	102	17346	86730	17346	70316536
-1732	-15258	6299	231	-423	-452	92	134	102	17347	86735	17347	70316536
-1700	-15330	6250	256	-426	-452	92	136	104	17348	86740	17348	70316536
-1733	-15291	6252	268	-416	-458	92	136	104	17349	86745	17349	70316536
-1659	-15291	6285	280	-421	-452	95	133	104	17350	86750	17350	70316557
-1674	-15281	6260	292	-430	-447	96	132	104	17351	86755	17351	70316568
-1711	-15281	6214	292	-445	-437	93	130	106	17352	86760	17352	70316571
-1692	-15263	6205	299	-456	-424	91	129	107	17353	86765	17353	70316571
-1679	-15268	6274	312	-461	-415	93	133	103	17354	86770	17354	70316571
-1698	-15252	6241	326	-457	-411	94	134	102	17355	86775	17355	70316571
-1707	-15267	6249	331	-456	-401	90	132	106	17356	86780	17356	70316572
-1722	-15286	6305	333	-451	-407	89	131	107	17357	86785	17357	70316602
-1678	-15260	6307	327	-444	-399	92	128	105	17358	86790	17358	70316609
-1730	-15268	6342	302	-438	-389	93	127	105	17359	86795	17359	70316610
-1717	-15294	6333	258	-438	-379	95	133	107	17360	86800	17360	70316610
-1737	-15252	6363	223	-424	-379	96	134	108	17361	86805	17361	70316610
-1682	-15300	6304	160	-409	-367	92	134	106	17362	86810	17362	70316611
-1686	-15244	6198	131	-406	-359	92	134	106	17363	86815	17363	70316611
-1738	-15281	6305	105	-399	-354	89	131	106	17364	86820	17364	70316611
-1758	-15304	6286	102	-388	-358	88	130	106	17365	86825	17365	70316636
-1746	-15270	6220	123	-368	-348	97	129	108	17366	86830	17366	70316645
-1718	-15225	6310	148	-353	-347	99	129	109	17367	86835	17367	70316647
-1675	-15274	6318	137	-341	-345	95	130	103	17368	86840	17368	70316647
-1628	-15299	6392	110	-334	-354	94	130	102	17369	86845	17369	70316648
-1650	-15316	6322	67	-344	-350	92	131	104	17370	86850	17370	70316649
-1704	-15308	6352	9	-351	-346	91	131	105	17371	86855	17371	70316650
-1668	-15340	6314	-14	-351	-345	94	134	104	17372	86860	17372	70316656
-1684	-15282	6214	-64	-354	-346	94	134	104	17373	86865	17373	70316686
-1718	-15278	6286	-36	-355	-340	90	130	104	17374	86870	17374	70316687
-1678	-15220	6234	12	-339	-328	90	130	104	17375	86875	17375	70316687
-1694	-15254	6136	70	-318	-335	92	126	102	17376	86880	17376	70316687
-1677	-15262	6238	112	-301	-329	92	126	102	17377	86885	17377	70316687
-1626	-15282	6240	149	-301	-339	93	125	103	17378	86890	17378	70316688
-1644	-15278	6354	159	-303	-357	93	125	103	17379	86895	17379	70316688
-1634	-15280	6318	132	-313	-362	93	131	103	17380	86900	17380	70316724
-1626	-15196	6358	89	-334	-349	93	131	103	17381	86905	17381	70316724
-1720	-15250	6226	45	-343	-352	98	130	104	17382	86910	17382	70316724
-1682	-15280	6284	8	-363	-362	98	130	104	17383	86915	17383	70316724
-1622	-15300	6298	3	-376	-372	91	129	111	17384	86920	17384	70316724
-1710	-15318	6142	27	-373	-388	91	129	111	17385	86925	17385	70316724
-1640	-15314	6240	41	-370	-389	93	137	103	17386	86930	17386	70316724
-1607	-15336	6219	66	-364	-409	94	136	103	17387	86935	17387	70316726
-1590	-15333	6191	97	-361	-416	98	132	104	17388	86940	17388	70316737
-1572	-15438	6194	109	-357	-419	98	132	104	17389	86945	17389	70316760
-1560	-15274	6200	123	-343	-421	98	130	110	17390	86950	17390	70316761
-1598	-15366	6282	123	-342	-416	98	130	110	17391	86955	17391	70316762
-1644	-15342	6244	121	-345	-413	96	128	106	17392	86960	17392	70316762
-1592	-15300	6118	131	-332	-409	96	128	106	17393	86965	17393	70316762
-1508	-15346	6266	122	-349	-405	95	127	99	17394	86970	17394	70316762
-1546	-15370	6242	115	-355	-412	95	127	99	17395	86975	17395	70316763
-1583	-15366	6278	53	-358	-404	89	125	103	17396	86980	17396	70316790
-1556	-15318	6232	40	-367	-406	90	127	103	17397	86985	17397	70316797
-1555	-15284	6258	19	-382	-402	96	134	102	17398	86990	17398	70316797
-1560	-15296	6214	14	-388	-408	95	133	103	17399	86995	17399	70316797
-1580	-15344	6264	40	-392	-404	92	128	106	17400	87000	17400	70316797
-1600	-15333	6244	75	-388	-422	93	128	106	17401	87005	17401	70316797
-1492	-15310	6222	80	-375	-419	95	129	103	17402	87010	17402	70316798
-1534	-15388	6194	123	-373	-435	95	129	103	17403	87015	17403	70316807
-1448	-15318	6258	131	-359	-434	92	136	108	17404	87020	17404	70316835
-1455	-15362	6317	135	-356	-448	92	136	106	17405	87025	17405	70316835
-1360	-15379	6322	116	-354	-451	94	136	100	17406	87030	17406	70316836
-1402	-15367	6301	91	-341	-460	94	135	101	17407	87035	17407	70316836
-1455	-15422	6421	48	-346	-449	95	131	103	17408	87040	17408	70316836
-1402	-15493	6330	-22	-355	-442	95	131	103	17409	87045	17409	70316841
-1349	-15488	6338	-39	-340	-450	97	133	103	17410	87050	17410	70316864
-1268	-15473	6464	-78	-369	-458	96	134	103	17411	87055	17411	70316885
-1328	-15298	6348	-129	-385	-466	94	138	104	17412	87060	17412	70316885
-1376	-15267	6292	-174	-395	-449	93	135	102	17413	87065	17413	70316885
-1345	-15293	6290	-186	-399	-447	92	130	100	17414	87070	17414	70316885
-1344	-15331	6272	-197	-403	-450	92	131	101	17415	87075	17415	70316885
-1375	-15366	6328	-206	-404	-450	93	135	103	17416	87080	17416	70316885
-1382	-15341	6267	-192	-417	-447	93	134	104	17417	87085	17417	70316889
-1414	-15278	6242	-181	-418	-459	95	131	109	17418	87090	17418	70316908
-1458	-15252	6240	-173	-427	-447	94	131	108	17419	87095	17419	70316924
-1417	-15190	6210	-158	-426	-432	88	130	104	17420	87100	17420	70316924
-1457	-15220	6148	-124	-433	-409	92	129	106	17421	87105	17421	70316924
-1510	-15240	6084	-75	-427	-389	97	127	109	17422	87110	17422	70316924
-1481	-15264	6119	-18	-424	-374	94	126	106	17423	87115	17423	70316924
-1499	-15259	6063	46	-425	-360	90	124	102	17424	87120	17424	70316924
-1502	-15258	6039	110	-412	-338	90	130	103	17425	87125	17425	70316924
-1456	-15227	6056	172	-395	-312	90	138	104	17426	87130	17426	70316924
-1506	-15251	6082	223	-373	-287	90	136	104	17427	87135	17427	70316928
-1525	-15253	6092	265	-369	-253	91	133	105	17428	87140	17428	70316940
-1544	-15216	6028	302	-368	-209	91	134	104	17429	87145	17429	70316961
-1570	-15227	6045	352	-349	-175	91	135	103	17430	87150	17430	70316962
-1626	-15254	6070	408	-345	-146	91	134	105	17431	87155	17431	70316962
-1624	-15245	6088	436	-345	-116	91	133	107	17432	87160	17432	70316962
-1661	-15272	6162	417	-344	-96	93	133	105	17433	87165	17433	70316962
-1718	-15264	6214	365	-351	-72	96	132	102	17434	87170	17434	70316963
-1814	-15310	6163	312	-371	-45	96	132	104	17435	87175	17435	70316972
-1852	-15390	6155	269	-382	-20	97	133	107	17436	87180	17436	70316991
-1861	-15391	6143	278	-376	-6	95	133	104	17437	87185	17437	70316999
-1897	-15378	6049	295	-348	-12	93	133	101	17438	87190	17438	70316999
-1969	-15399	6135	332	-316	-14	94	129	106	17439	87195	17439	70316999
-2000	-15434	6156	370	-286	4	94	126	110	17440	87200	17440	70316999
-1975	-15446	6104	385	-250	29	94	128	107	17441	87205	17441	70316999
-1974	-15425	6142	393	-208	56	93	131	103	17442	87210	17442	70316999
-2019	-15429	6125	406	-164	84	94	131	101	17443	87215	17443	70317011
-2040	-15437	6077	419	-129	118	96	130	98	17444	87220	17444	70317036
-2058	-15486	6139	417	-91	165	96	133	99	17445	87225	17445	70317046
-2136	-15487	6157	371	-40	227	96	136	100	17446	87230	17446	70317046
-2133	-15510	6130	312	2	293	92	135	105	17447	87235	17447	70317046
-2155	-15551	6254	224	36	366	90	134	108	17448	87240	17448	70317046
-2210	-15602	6226	114	65	445	93	135	107	17449	87245	17449	70317046
