-16575	-1019	-1303	287	-325	-411	-195	313	-91	666	3330	666	70082156
-16585	-1053	-1226	299	-326	-409	-194	311	-91	667	3335	667	70082161
-16632	-1095	-1210	290	-329	-412	-193	309	-91	668	3340	668	70082183
-16640	-1099	-1231	270	-339	-413	-193	305	-92	669	3345	669	70082195
-16623	-1074	-1241	261	-342	-423	-193	303	-93	670	3350	670	70082196
-16618	-1046	-1231	262	-341	-434	-194	307	-93	671	3355	671	70082196
-16614	-1050	-1256	266	-341	-433	-195	309	-93	672	3360	672	70082196
-16584	-1043	-1196	276	-343	-421	-193	311	-90	673	3365	673	70082196
-16609	-1050	-1229	284	-337	-418	-192	312	-88	674	3370	674	70082197
-16672	-1094	-1286	286	-339	-422	-192	310	-93	675	3375	675	70082222
-16684	-1076	-1270	291	-341	-420	-192	308	-96	676	3380	676	70082239
-16644	-1066	-1244	293	-331	-420	-193	306	-95	677	3385	677	70082239
-16615	-1060	-1289	298	-332	-420	-193	305	-95	678	3390	678	70082239
-16624	-1066	-1273	300	-323	-419	-194	306	-90	679	3395	679	70082239
-16671	-1024	-1251	310	-313	-423	-195	307	-87	680	3400	680	70082239
-16638	-1080	-1235	317	-311	-434	-197	308	-89	681	3405	681	70082239
-16613	-1038	-1255	318	-307	-432	-198	308	-90	682	3410	682	70082239
-16618	-1049	-1366	324	-304	-432	-192	309	-89	683	3415	683	70082247
-16610	-1022	-1296	321	-308	-427	-191	309	-89	684	3420	684	70082293
-16624	-1039	-1263	330	-304	-431	-192	310	-88	685	3425	685	70082318
-16603	-1050	-1199	346	-300	-432	-193	311	-87	686	3430	686	70082325
-16661	-1059	-1186	361	-302	-429	-195	307	-91	687	3435	687	70082325
-16672	-1092	-1250	369	-300	-430	-197	305	-93	688	3440	688	70082325
-16619	-1116	-1246	358	-292	-425	-194	308	-87	689	3445	689	70082326
-16567	-1120	-1287	345	-299	-428	-193	309	-85	690	3450	690	70082326
-16623	-1046	-1282	350	-299	-423	-195	308	-84	691	3455	691	70082326
-16686	-1073	-1294	347	-293	-423	-196	308	-84	692	3460	692	70082336
-16668	-1092	-1277	332	-282	-428	-193	305	-89	693	3465	693	70082338
-16641	-1052	-1210	342	-282	-436	-192	304	-90	694	3470	694	70082338
-16633	-1074	-1258	366	-276	-427	-198	304	-88	695	3475	695	70082338
-16640	-1048	-1226	372	-281	-434	-200	304	-88	696	3480	696	70082338
-16613	-1046	-1200	387	-269	-430	-198	306	-87	697	3485	697	70082338
-16646	-1035	-1254	393	-264	-421	-197	307	-87	698	3490	698	70082338
-16611	-1078	-1300	412	-257	-408	-198	309	-85	699	3495	699	70082338
-16614	-1064	-1298	435	-260	-411	-198	310	-84	700	3500	700	70082338
-16610	-1087	-1254	428	-247	-415	-200	308	-89	701	3505	701	70082339
-16578	-1126	-1295	428	-242	-411	-200	308	-90	702	3510	702	70082339
-16615	-1121	-1303	440	-241	-414	-198	306	-88	703	3515	703	70082360
-16602	-1123	-1304	434	-239	-413	-197	305	-87	704	3520	704	70082373
-16566	-1106	-1320	436	-229	-414	-194	305	-87	705	3525	705	70082375
-16608	-1106	-1344	432	-210	-403	-193	305	-87	706	3530	706	70082376
-16658	-1078	-1300	438	-217	-391	-196	312	-92	707	3535	707	70082376
-16554	-1100	-1232	439	-202	-403	-196	312	-92	708	3540	708	70082376
-16602	-1062	-1282	458	-200	-395	-192	306	-86	709	3545	709	70082376
-16596	-1094	-1214	458	-198	-392	-192	306	-86	710	3550	710	70082376
-16589	-1086	-1279	444	-201	-392	-194	308	-89	711	3555	711	70082376
-16583	-1065	-1271	434	-208	-390	-194	308	-90	712	3560	712	70082384
-16571	-1079	-1272	434	-221	-396	-196	308	-90	713	3565	713	70082408
-16554	-1044	-1394	432	-223	-394	-196	308	-90	714	3570	714	70082413
-16580	-996	-1316	408	-234	-395	-197	301	-89	715	3575	715	70082413
-16652	-1058	-1390	385	-231	-395	-197	301	-89	716	3580	716	70082414
-16580	-1046	-1414	386	-238	-397	-196	306	-96	717	3585	717	70082414
-16638	-1052	-1330	358	-242	-410	-196	306	-96	718	3590	718	70082414
-16562	-1070	-1374	369	-242	-411	-191	307	-89	719	3595	719	70082415
-16552	-1094	-1378	367	-242	-407	-191	307	-89	720	3600	720	70082442
-16640	-1096	-1300	362	-257	-401	-196	310	-86	721	3605	721	70082455
-16536	-1088	-1336	343	-267	-406	-196	310	-86	722	3610	722	70082455
-16624	-1116	-1403	322	-271	-400	-195	309	-85	723	3615	723	70082456
-16630	-1100	-1343	321	-275	-399	-195	309	-86	724	3620	724	70082456
-16580	-1072	-1308	318	-291	-395	-192	308	-90	725	3625	725	70082456
-16600	-1124	-1438	319	-300	-395	-192	308	-90	726	3630	726	70082456
-16588	-1144	-1370	299	-301	-396	-197	307	-87	727	3635	727	70082466
-16576	-1104	-1312	290	-312	-399	-197	307	-87	728	3640	728	70082497
-16554	-1128	-1356	292	-325	-390	-196	304	-92	729	3645	729	70082498
-16512	-1126	-1346	286	-322	-387	-196	304	-92	730	3650	730	70082498
-16582	-1069	-1381	274	-335	-383	-196	302	-94	731	3655	731	70082499
-16622	-1125	-1278	275	-327	-391	-196	303	-93	732	3660	732	70082499
-16560	-1098	-1234	272	-326	-385	-198	306	-88	733	3665	733	70082500
-16582	-1068	-1255	265	-334	-394	-197	307	-90	734	3670	734	70082501
-16639	-1049	-1323	259	-342	-398	-193	309	-97	735	3675	735	70082512
-16634	-1056	-1358	275	-344	-388	-193	309	-97	736	3680	736	70082534
-16585	-1096	-1349	292	-343	-392	-192	308	-98	737	3685	737	70082534
-16652	-1096	-1346	304	-349	-402	-192	308	-98	738	3690	738	70082534
-16570	-1144	-1390	296	-357	-399	-190	312	-82	739	3695	739	70082534
-16577	-1102	-1387	286	-360	-410	-191	311	-84	740	3700	740	70082534
-16628	-1103	-1356	259	-358	-402	-196	306	-94	741	3705	741	70082534
-16610	-1120	-1338	237	-368	-400	-196	307	-94	742	3710	742	70082534
-16576	-1056	-1325	226	-374	-400	-194	312	-92	743	3715	743	70082536
-16570	-1104	-1354	237	-383	-393	-194	311	-92	744	3720	744	70082549
-16570	-1117	-1378	239	-406	-393	-195	307	-91	745	3725	745	70082572
-16544	-1073	-1334	236	-421	-386	-195	306	-90	746	3730	746	70082572
-16572	-1095	-1367	233	-434	-396	-194	302	-86	747	3735	747	70082573
-16596	-1145	-1340	223	-449	-406	-196	303	-84	748	3740	748	70082573
-16590	-1130	-1328	203	-467	-400	-200	304	-82	749	3745	749	70082573
-16550	-1105	-1336	184	-485	-394	-198	306	-83	750	3750	750	70082574
-16515	-1050	-1384	174	-499	-397	-191	313	-87	751	3755	751	70082579
-16532	-1088	-1363	168	-519	-390	-191	312	-88	752	3760	752	70082603
-16601	-1053	-1325	150	-528	-405	-192	310	-90	753	3765	753	70082610
-16557	-1109	-1343	145	-543	-402	-193	310	-90	754	3770	754	70082613
-16594	-1083	-1325	127	-559	-400	-196	312	-92	755	3775	755	70082619
-16603	-1078	-1398	126	-586	-401	-197	311	-92	756	3780	756	70082620
-16610	-1074	-1388	116	-589	-398	-199	309	-91	757	3785	757	70082620
-16597	-1050	-1378	101	-592	-398	-195	310	-87	758	3790	758	70082620
-16619	-1084	-1332	90	-608	-398	-190	312	-82	759	3795	759	70082631
-16630	-1113	-1304	85	-620	-394	-191	310	-84	760	3800	760	70082647
-16573	-1095	-1303	92	-626	-399	-193	307	-87	761	3805	761	70082647
-16553	-1122	-1257	103	-632	-396	-193	306	-87	762	3810	762	70082647
-16599	-1138	-1302	102	-635	-390	-192	304	-86	763	3815	763	70082647
-16610	-1131	-1329	96	-643	-395	-192	304	-88	764	3820	764	70082647
-16563	-1144	-1291	96	-653	-384	-192	304	-92	765	3825	765	70082648
-16574	-1103	-1237	94	-659	-374	-193	306	-91	766	3830	766	70082653
-16610	-1046	-1254	85	-668	-381	-195	309	-89	767	3835	767	70082671
-16566	-1054	-1268	81	-673	-390	-193	308	-91	768	3840	768	70082687
-16610	-1062	-1298	93	-666	-386	-191	307	-93	769	3845	769	70082687
-16625	-1054	-1300	110	-671	-381	-193	308	-93	770	3850	770	70082687
-16598	-1084	-1262	145	-671	-383	-196	310	-92	771	3855	771	70082687
-16694	-1070	-1311	171	-662	-377	-194	312	-91	772	3860	772	70082688
-16676	-1061	-1248	184	-659	-382	-191	313	-89	773	3865	773	70082688
-16672	-1059	-1195	199	-646	-384	-191	311	-89	774	3870	774	70082711
-16684	-1043	-1275	205	-634	-383	-191	309	-89	775	3875	775	70082726
-16659	-1054	-1295	204	-629	-380	-190	309	-87	776	3880	776	70082726
-16630	-1089	-1221	200	-620	-380	-188	308	-84	777	3885	777	70082726
-16641	-1072	-1207	204	-609	-385	-188	308	-84	778	3890	778	70082726
-16633	-1080	-1172	216	-603	-384	-189	309	-85	779	3895	779	70082726
-16612	-1069	-1197	221	-598	-387	-191	308	-85	780	3900	780	70082726
-16610	-1050	-1218	224	-586	-389	-195	307	-85	781	3905	781	70082726
-16602	-1038	-1202	241	-574	-384	-198	308	-83	782	3910	782	70082749
-16603	-1036	-1247	242	-567	-381	-200	308	-82	783	3915	783	70082764
-16601	-1066	-1229	246	-569	-376	-202	312	-86	784	3920	784	70082764
-16646	-1072	-1188	254	-578	-377	-204	314	-88	785	3925	785	70082764
-16669	-1084	-1177	258	-577	-374	-199	311	-87	786	3930	786	70082765
-16649	-1060	-1217	261	-576	-368	-195	309	-87	787	3935	787	70082765
-16621	-1047	-1206	257	-574	-368	-195	311	-88	788	3940	788	70082765
-16610	-1044	-1184	260	-572	-374	-195	313	-89	789	3945	789	70082765
-16610	-1018	-1169	283	-569	-379	-193	309	-89	790	3950	790	70082782
-16621	-1056	-1182	299	-559	-377	-191	307	-89	791	3955	791	70082798
-16662	-1098	-1167	317	-556	-370	-196	305	-85	792	3960	792	70082801
-16642	-1086	-1249	331	-552	-368	-200	304	-82	793	3965	793	70082801
-16580	-1060	-1261	334	-552	-369	-196	311	-85	794	3970	794	70082801
-16603	-1057	-1227	333	-559	-374	-193	315	-87	795	3975	795	70082801
-16624	-1071	-1200	321	-569	-369	-195	311	-85	796	3980	796	70082801
-16599	-1089	-1159	311	-576	-371	-196	308	-84	797	3985	797	70082810
-16558	-1108	-1162	295	-585	-377	-192	310	-88	798	3990	798	70082835
-16587	-1066	-1174	281	-603	-375	-191	311	-89	799	3995	799	70082842
-16583	-1038	-1189	278	-614	-364	-194	312	-84	800	4000	800	70082842
-16595	-1035	-1186	271	-626	-367	-196	312	-82	801	4005	801	70082842
-16606	-1048	-1170	265	-636	-372	-198	307	-86	802	4010	802	70082843
-16651	-1070	-1178	259	-646	-375	-200	304	-88	803	4015	803	70082843
-16647	-1068	-1098	246	-645	-373	-197	309	-86	804	4020	804	70082844
-16602	-1055	-1094	236	-648	-376	-195	313	-85	805	4025	805	70082891
-16563	-1093	-1174	237	-656	-373	-193	311	-84	806	4030	806	70082922
-16600	-1082	-1239	233	-653	-375	-192	310	-84	807	4035	807	70082923
-16606	-1073	-1167	221	-658	-367	-194	309	-88	808	4040	808	70082923
-16631	-1074	-1160	194	-660	-369	-195	309	-89	809	4045	809	70082923
-16632	-1064	-1142	201	-675	-365	-194	311	-85	810	4050	810	70082923
-16649	-1102	-1123	202	-674	-367	-194	312	-84	811	4055	811	70082923
-16662	-1022	-1142	211	-678	-357	-194	307	-86	812	4060	812	70082923
-16653	-1048	-1117	204	-694	-357	-194	306	-86	813	4065	813	70082950
-16638	-1063	-1096	195	-692	-359	-195	314	-84	814	4070	814	70082979
-16636	-1070	-1094	200	-689	-352	-195	317	-83	815	4075	815	70082985
-16636	-1021	-1091	200	-696	-345	-196	310	-89	816	4080	816	70082985
-16591	-1059	-1053	214	-696	-338	-196	308	-90	817	4085	817	70082985
-16652	-1096	-1079	220	-693	-333	-195	307	-84	818	4090	818	70082985
-16632	-1081	-1163	221	-694	-331	-195	307	-83	819	4095	819	70082985
-16608	-1084	-1075	236	-694	-338	-195	304	-86	820	4100	820	70082985
-16598	-1043	-1054	256	-686	-334	-195	303	-87	821	4105	821	70082985
-16594	-1045	-1075	263	-678	-337	-194	305	-88	822	4110	822	70082985
-16648	-1030	-1036	252	-669	-348	-194	306	-88	823	4115	823	70082986
-16586	-1088	-1072	272	-655	-329	-198	308	-86	824	4120	824	70082986
-16692	-1034	-1158	266	-660	-326	-198	308	-86	825	4125	825	70082986
-16585	-1044	-1085	273	-638	-335	-197	311	-82	826	4130	826	70082986
-16679	-1030	-1100	281	-621	-335	-197	311	-81	827	4135	827	70082986
-16610	-1076	-1041	287	-604	-330	-191	309	-81	828	4140	828	70082986
-16680	-1058	-1074	287	-589	-339	-189	309	-81	829	4145	829	70082986
-16691	-1020	-1032	285	-564	-350	-193	308	-83	830	4150	830	70082996
-16672	-996	-1006	279	-526	-357	-194	308	-84	831	4155	831	70082999
-16674	-1070	-1128	296	-513	-344	-197	313	-83	832	4160	832	70082999
-16772	-1078	-1040	318	-507	-346	-197	313	-83	833	4165	833	70082999
-16680	-1088	-1086	309	-492	-363	-199	311	-83	834	4170	834	70082999
-16640	-1000	-1128	305	-465	-368	-199	311	-83	835	4175	835	70082999
-16698	-1014	-972	297	-443	-364	-194	308	-82	836	4180	836	70083008
-16692	-1018	-1002	302	-420	-376	-194	308	-82	837	4185	837	70083036
-16724	-1030	-1106	330	-385	-373	-196	308	-82	838	4190	838	70083036
-16798	-980	-918	329	-347	-376	-196	308	-82	839	4195	839	70083036
-16796	-1036	-870	348	-304	-384	-199	303	-87	840	4200	840	70083036
-16742	-1030	-970	381	-260	-383	-199	303	-87	841	4205	841	70083036
-16778	-1046	-1070	393	-215	-389	-196	306	-86	842	4210	842	70083036
-16706	-1000	-982	378	-178	-399	-196	306	-86	843	4215	843	70083036
-16746	-1028	-1046	363	-143	-410	-193	305	-85	844	4220	844	70083045
-16760	-1024	-1050	361	-107	-410	-193	305	-85	845	4225	845	70083072
-16744	-1040	-986	371	-58	-409	-199	307	-89	846	4230	846	70083073
-16732	-1052	-990	380	-22	-428	-199	307	-89	847	4235	847	70083073
-16733	-1068	-1046	396	22	-432	-196	308	-84	848	4240	848	70083073
-16651	-1038	-949	413	59	-437	-196	308	-85	849	4245	849	70083073
-16647	-1045	-966	392	90	-442	-197	307	-87	850	4250	850	70083074
-16732	-1024	-1021	391	104	-445	-197	308	-86	851	4255	851	70083080
-16704	-1066	-1046	397	129	-442	-198	310	-78	852	4260	852	70083107
-16736	-1068	-1102	393	152	-458	-198	310	-78	853	4265	853	70083114
-16772	-1092	-1074	384	190	-466	-195	311	-91	854	4270	854	70083114
-16680	-1090	-1086	375	219	-463	-195	311	-91	855	4275	855	70083115
-16659	-1046	-1144	345	248	-465	-192	308	-86	856	4280	856	70083115
-16706	-1054	-1192	331	254	-464	-192	308	-86	857	4285	857	70083115
-16672	-1078	-1144	330	273	-470	-192	310	-86	858	4290	858	70083115
-16634	-1087	-1120	316	291	-481	-192	311	-87	859	4295	859	70083121
-16608	-1100	-1151	312	293	-476	-194	316	-90	860	4300	860	70083147
-16619	-1097	-1176	292	300	-470	-195	314	-88	861	4305	861	70083154
-16596	-1092	-1171	272	298	-473	-197	305	-81	862	4310	862	70083155
-16560	-1119	-1198	238	298	-473	-197	305	-82	863	4315	863	70083155
-16570	-1120	-1137	206	291	-472	-195	307	-87	864	4320	864	70083155
-16586	-1093	-1163	199	280	-465	-195	308	-86	865	4325	865	70083155
-16571	-1139	-1230	198	264	-456	-193	311	-83	866	4330	866	70083155
-16544	-1140	-1153	185	228	-447	-193	311	-83	867	4335	867	70083164
-16548	-1076	-1142	177	208	-450	-193	313	-83	868	4340	868	70083194
-16554	-1025	-1221	168	182	-441	-194	313	-84	869	4345	869	70083194
-16562	-1054	-1282	157	141	-443	-196	312	-88	870	4350	870	70083194
-16610	-1066	-1292	160	109	-431	-195	311	-88	871	4355	871	70083194
-16574	-1080	-1306	159	87	-426	-190	308	-88	872	4360	872	70083194
-16542	-1094	-1227	135	51	-421	-192	309	-87	873	4365	873	70083194
-16571	-1114	-1272	133	20	-411	-196	310	-86	874	4370	874	70083194
-16580	-1071	-1270	92	-6	-410	-196	310	-86	875	4375	875	70083215
-16557	-1073	-1298	80	-28	-399	-195	311	-85	876	4380	876	70083246
-16560	-1131	-1329	106	-52	-385	-195	312	-85	877	4385	877	70083246
-16573	-1150	-1302	96	-72	-380	-195	315	-85	878	4390	878	70083246
-16493	-1087	-1254	48	-91	-388	-194	313	-86	879	4395	879	70083246
-16493	-1196	-1302	78	-121	-362	-191	307	-91	880	4400	880	70083246
-16540	-1082	-1322	87	-151	-358	-193	306	-91	881	4405	881	70083246
-16514	-1056	-1266	55	-178	-357	-196	304	-90	882	4410	882	70083249
-16547	-1102	-1328	77	-201	-340	-195	304	-90	883	4415	883	70083269
-16583	-1071	-1400	108	-224	-324	-193	303	-91	884	4420	884	70083293
-16570	-1069	-1295	104	-252	-320	-195	307	-90	885	4425	885	70083294
-16573	-1122	-1277	107	-279	-312	-199	313	-89	886	4430	886	70083295
-16549	-1165	-1296	128	-307	-299	-197	314	-89	887	4435	887	70083295
-16558	-1172	-1306	136	-327	-291	-193	315	-89	888	4440	888	70083295
-16551	-1120	-1296	107	-358	-292	-193	311	-89	889	4445	889	70083295
-16514	-1085	-1295	94	-396	-278	-192	306	-88	890	4450	890	70083295
-16538	-1095	-1316	106	-420	-260	-193	309	-89	891	4455	891	70083295
-16578	-1120	-1324	112	-441	-247	-194	314	-90	892	4460	892	70083295
-16556	-1135	-1331	102	-470	-240	-195	312	-86	893	4465	893	70083298
-16558	-1117	-1286	72	-497	-243	-196	310	-80	894	4470	894	70083311
-16560	-1086	-1311	50	-525	-239	-193	310	-85	895	4475	895	70083325
