-16572	-1814	-2670	-735	-541	274	-36	148	-18	4868	24340	4868	70103192
-16630	-1754	-2598	-726	-548	301	-36	148	-18	4869	24345	4869	70103192
-16644	-1676	-2636	-684	-542	337	-46	144	-14	4870	24350	4870	70103193
-16732	-1672	-2726	-630	-511	360	-46	144	-14	4871	24355	4871	70103193
-16727	-1648	-2705	-582	-451	383	-48	144	-12	4872	24360	4872	70103196
-16744	-1642	-2681	-522	-362	418	-47	145	-11	4873	24365	4873	70103210
-16654	-1653	-2678	-452	-274	455	-43	151	-9	4874	24370	4874	70103227
-16598	-1633	-2730	-388	-203	481	-43	150	-10	4875	24375	4875	70103227
-16549	-1623	-2680	-352	-167	512	-42	146	-12	4876	24380	4876	70103227
-16508	-1576	-2704	-342	-158	540	-42	146	-12	4877	24385	4877	70103227
-16531	-1491	-2686	-322	-178	590	-44	146	-14	4878	24390	4878	70103227
-16590	-1455	-2703	-277	-209	644	-41	147	-15	4879	24395	4879	70103229
-16653	-1407	-2689	-203	-228	687	-33	149	-19	4880	24400	4880	70103248
-16634	-1409	-2731	-135	-194	724	-36	147	-16	4881	24405	4881	70103266
-16696	-1426	-2812	-68	-132	763	-40	144	-12	4882	24410	4882	70103266
-16718	-1422	-2879	6	-55	808	-41	146	-13	4883	24415	4883	70103266
-16708	-1380	-2832	74	27	867	-43	149	-15	4884	24420	4884	70103267
-16742	-1343	-2798	123	111	941	-42	149	-13	4885	24425	4885	70103267
-16747	-1290	-2811	163	170	1039	-41	149	-11	4886	24430	4886	70103267
-16737	-1182	-2793	224	189	1154	-42	146	-15	4887	24435	4887	70103271
-16799	-1128	-2830	325	188	1255	-43	143	-19	4888	24440	4888	70103306
-16884	-1090	-2840	443	192	1320	-41	144	-15	4889	24445	4889	70103328
-16957	-1086	-2861	537	218	1373	-39	145	-13	4890	24450	4890	70103329
-17002	-1152	-2944	596	285	1424	-41	146	-13	4891	24455	4891	70103329
-16988	-1204	-2959	638	381	1472	-43	147	-13	4892	24460	4892	70103329
-16961	-1219	-2946	634	473	1529	-42	144	-12	4893	24465	4893	70103329
-16965	-1150	-2939	611	551	1590	-42	142	-12	4894	24470	4894	70103330
-16933	-1059	-2932	570	619	1667	-42	148	-14	4895	24475	4895	70103370
-16861	-1029	-3044	499	677	1759	-42	152	-16	4896	24480	4896	70103403
-16889	-916	-3000	395	704	1872	-39	147	-14	4897	24485	4897	70103405
-16860	-797	-2943	297	701	2004	-38	146	-14	4898	24490	4898	70103406
-16888	-633	-2897	255	697	2098	-44	147	-12	4899	24495	4899	70103406
-16912	-486	-2872	325	672	2202	-45	147	-11	4900	24500	4900	70103406
-17014	-346	-2871	526	633	2242	-51	143	-12	4901	24505	4901	70103406
-17126	-406	-2827	836	627	2323	-52	142	-12	4902	24510	4902	70103406
-17103	-423	-2901	1145	655	2416	-45	151	-16	4903	24515	4903	70103407
-17178	-378	-2960	1472	760	2451	-43	153	-17	4904	24520	4904	70103407
-17100	-512	-2866	1731	893	2540	-40	154	-24	4905	24525	4905	70103408
-17024	-580	-2904	1891	967	2671	-40	154	-24	4906	24530	4906	70103408
-16942	-626	-2848	1974	963	2795	-42	150	-16	4907	24535	4907	70103419
-17138	-412	-2798	2161	1013	2545	-42	150	-16	4908	24540	4908	70103448
-17220	-448	-2910	2448	1114	2521	-47	145	-21	4909	24545	4909	70103450
-17196	-460	-2824	2710	1227	2538	-47	145	-21	4910	24550	4910	70103451
-17124	-638	-2894	2983	1350	2500	-47	147	-21	4911	24555	4911	70103451
-17106	-750	-2894	3227	1469	2464	-47	147	-21	4912	24560	4912	70103452
-17110	-900	-2901	3439	1588	2396	-44	146	-22	4913	24565	4913	70103452
-17070	-1083	-2954	3560	1654	2342	-43	147	-22	4914	24570	4914	70103453
-16968	-1171	-3012	3628	1727	2295	-40	150	-24	4915	24575	4915	70103453
-16921	-1339	-3075	3664	1853	2273	-41	149	-23	4916	24580	4916	70103454
-16792	-1436	-3058	3706	2015	2213	-46	146	-20	4917	24585	4917	70103454
-16736	-1474	-3138	3674	2153	2182	-46	147	-20	4918	24590	4918	70103455
-16687	-1381	-3156	3556	2257	2202	-46	150	-22	4919	24595	4919	70103456
-16585	-1302	-3217	3389	2304	2277	-47	148	-23	4920	24600	4920	70103459
-16611	-1208	-3318	3247	2289	2355	-51	143	-25	4921	24605	4921	70103459
-16673	-1138	-3317	3225	2281	2391	-49	145	-24	4922	24610	4922	70103459
-16698	-1110	-3295	3250	2300	2397	-47	149	-23	4923	24615	4923	70103464
-16760	-1094	-3308	3281	2347	2377	-49	145	-21	4924	24620	4924	70103479
-16784	-1092	-3306	3344	2398	2382	-51	139	-19	4925	24625	4925	70103490
-16734	-1185	-3334	3458	2416	2403	-51	143	-19	4926	24630	4926	70103491
-16765	-1344	-3407	3616	2391	2393	-52	148	-20	4927	24635	4927	70103491
-16847	-1532	-3486	3776	2362	2347	-49	148	-19	4928	24640	4928	70103491
-16897	-1756	-3499	3913	2400	2265	-44	148	-18	4929	24645	4929	70103491
-16888	-2013	-3524	3967	2492	2159	-48	147	-20	4930	24650	4930	70103491
-16741	-2268	-3570	3923	2584	2043	-50	146	-22	4931	24655	4931	70103496
-16426	-2652	-3672	3836	2605	1904	-46	145	-24	4932	24660	4932	70103524
-16182	-2994	-3820	3726	2551	1643	-44	144	-26	4933	24665	4933	70103540
-16008	-3266	-3774	3609	2688	1198	-48	144	-26	4934	24670	4934	70103541
-15949	-3357	-3532	3513	3174	560	-50	144	-26	4935	24675	4935	70103541
-15982	-3203	-3364	3162	3720	-100	-51	148	-27	4936	24680	4936	70103541
-16080	-2874	-3478	2215	3949	-512	-52	150	-28	4937	24685	4937	70103541
-16122	-2598	-3654	1308	3666	-481	-50	144	-24	4938	24690	4938	70103542
-16180	-2447	-3894	868	3231	-310	-49	143	-23	4939	24695	4939	70103542
-16224	-2427	-4036	733	2914	-146	-47	143	-26	4940	24700	4940	70103543
-16216	-2401	-4199	629	2859	-80	-47	143	-27	4941	24705	4941	70103549
-16082	-2346	-4207	457	3038	-98	-55	145	-22	4942	24710	4942	70103573
-15909	-2372	-4086	288	3312	-162	-57	145	-21	4943	24715	4943	70103579
-15836	-2305	-4031	173	3577	-339	-51	139	-31	4944	24720	4944	70103579
-15746	-2398	-4002	106	3783	-544	-49	137	-33	4945	24725	4945	70103579
-15794	-2426	-3850	60	3896	-730	-56	144	-34	4946	24730	4946	70103579
-15766	-2338	-3738	56	3816	-852	-56	144	-34	4947	24735	4947	70103580
-15972	-2428	-3562	28	3659	-953	-51	145	-29	4948	24740	4948	70103580
-15920	-2502	-3454	46	3512	-1072	-51	145	-29	4949	24745	4949	70103580
-16210	-2810	-3626	184	3420	-1286	-53	145	-29	4950	24750	4950	70103593
-16204	-3158	-3740	414	3411	-1612	-53	145	-29	4951	24755	4951	70103619
-16258	-3418	-3932	608	3479	-1976	-52	140	-30	4952	24760	4952	70103619
-16202	-3720	-4162	639	3609	-2326	-52	140	-30	4953	24765	4953	70103619
-16086	-3778	-4190	533	3707	-2662	-47	133	-33	4954	24770	4954	70103619
-15887	-3953	-4198	281	3870	-3071	-47	134	-33	4955	24775	4955	70103620
-15702	-3904	-4088	63	3963	-3347	-49	139	-31	4956	24780	4956	70103620
-15442	-3816	-4058	-127	3929	-3593	-48	139	-30	4957	24785	4957	70103620
-15208	-3780	-4204	-280	3746	-3796	-46	140	-26	4958	24790	4958	70103627
-15131	-3766	-4380	-421	3470	-4022	-46	140	-28	4959	24795	4959	70103657
-15132	-3791	-4420	-546	3173	-4316	-47	139	-37	4960	24800	4960	70103657
-15142	-3860	-4442	-598	2893	-4622	-47	140	-36	4961	24805	4961	70103657
-15274	-4090	-4416	-662	2677	-4977	-46	142	-34	4962	24810	4962	70103658
-15413	-4350	-4403	-868	2600	-5376	-48	145	-34	4963	24815	4963	70103658
-15560	-4543	-4378	-1066	2675	-5762	-51	149	-33	4964	24820	4964	70103658
-15673	-4755	-4388	-1155	2803	-6178	-46	145	-35	4965	24825	4965	70103659
-15741	-4977	-4396	-1154	2962	-6526	-38	140	-38	4966	24830	4966	70103664
-15721	-5190	-4492	-1207	3066	-6802	-35	140	-37	4967	24835	4967	70103691
-15602	-5256	-4556	-1374	3052	-7051	-31	141	-35	4968	24840	4968	70103720
-15595	-5243	-4465	-1619	2887	-7332	-33	143	-33	4969	24845	4969	70103720
-15615	-5274	-4358	-1833	2619	-7603	-36	146	-30	4970	24850	4970	70103720
-15653	-5402	-4380	-1985	2325	-7884	-36	145	-33	4971	24855	4971	70103721
-15740	-5491	-4486	-2131	2109	-8205	-35	143	-35	4972	24860	4972	70103721
-15743	-5463	-4601	-2256	2056	-8509	-37	138	-37	4973	24865	4973	70103721
-15686	-5332	-4744	-2235	2145	-8842	-39	135	-39	4974	24870	4974	70103725
-15642	-5188	-4904	-2024	2298	-9184	-35	138	-38	4975	24875	4975	70103747
-15553	-5071	-5047	-1701	2500	-9480	-32	140	-38	4976	24880	4976	70103759
-15436	-4932	-5133	-1378	2719	-9739	-34	140	-39	4977	24885	4977	70103759
-15432	-4812	-5252	-1074	2942	-10013	-36	140	-40	4978	24890	4978	70103760
-15396	-4879	-5366	-707	3216	-10371	-32	140	-37	4979	24895	4979	70103760
-15452	-5104	-5380	-336	3426	-10742	-30	140	-36	4980	24900	4980	70103760
-15592	-5390	-5450	-71	3582	-11097	-28	140	-36	4981	24905	4981	70103761
-15758	-5543	-5522	79	3815	-11537	-28	140	-36	4982	24910	4982	70103761
-15933	-5489	-5547	418	4070	-12001	-26	142	-36	4983	24915	4983	70103761
-16101	-5747	-5792	1099	4271	-12416	-26	142	-36	4984	24920	4984	70103761
-16273	-5987	-5940	1833	4468	-12936	-24	138	-43	4985	24925	4985	70103762
-16217	-6249	-5864	2335	4733	-13460	-23	137	-45	4986	24930	4986	70103765
-16128	-6602	-5814	2618	4972	-13813	-21	134	-42	4987	24935	4987	70103799
-15826	-7188	-5724	2809	5057	-14158	-21	133	-41	4988	24940	4988	70103807
-15870	-7528	-5964	2904	4869	-14610	-12	140	-46	4989	24945	4989	70103807
-15874	-7894	-6062	2808	4782	-14863	-12	140	-46	4990	24950	4990	70103808
-16070	-8126	-6006	2466	4908	-15210	-15	137	-43	4991	24955	4991	70103808
-16066	-8296	-6040	2226	5007	-15483	-15	137	-43	4992	24960	4992	70103808
-16166	-8310	-6458	2155	5034	-15832	-11	141	-43	4993	24965	4993	70103808
-16404	-8272	-6778	2258	5095	-16303	-11	141	-43	4994	24970	4994	70103815
-16606	-8312	-7100	2317	5192	-16775	-8	130	-44	4995	24975	4995	70103845
-16469	-8476	-7310	2190	5181	-16679	-9	131	-44	4996	24980	4996	70103845
-16341	-8404	-7332	2051	5183	-16762	-12	134	-46	4997	24985	4997	70103845
-16244	-8190	-7512	2122	5267	-17050	-11	134	-47	4998	24990	4998	70103845
-16268	-8058	-7649	2363	5353	-17479	-5	133	-51	4999	24995	4999	70103845
-16185	-8422	-7639	2617	5412	-17703	-4	133	-51	5000	25000	5000	70103845
-16114	-8908	-7546	2597	5405	-17595	1	131	-53	5001	25005	5001	70103852
-16071	-8830	-7310	2403	5180	-17685	1	131	-51	5002	25010	5002	70103882
-16346	-8844	-7402	2474	4881	-18100	1	129	-45	5003	25015	5003	70103882
-16425	-8829	-7403	2598	4677	-18448	2	129	-47	5004	25020	5004	70103882
-16442	-8762	-7177	2586	4661	-18914	4	128	-52	5005	25025	5005	70103882
-16594	-8912	-6847	2628	4702	-19186	6	128	-50	5006	25030	5006	70103882
-16437	-9190	-6648	2691	4680	-19078	8	128	-46	5007	25035	5007	70103883
-16215	-9396	-6413	2703	4683	-18972	10	127	-48	5008	25040	5008	70103883
-16011	-9507	-6334	2784	4676	-18960	12	126	-50	5009	25045	5009	70103883
-15830	-9680	-6473	2960	4615	-18988	14	125	-50	5010	25050	5010	70103883
-15616	-9895	-6622	3207	4488	-18996	17	123	-51	5011	25055	5011	70103886
-15717	-10085	-6945	3491	4339	-19175	19	123	-53	5012	25060	5012	70103905
-15713	-10353	-7377	3627	4237	-19117	20	122	-54	5013	25065	5013	70103920
-15508	-10445	-7534	3491	4229	-18994	21	121	-51	5014	25070	5014	70103920
-15338	-10381	-7340	3288	4218	-18989	21	121	-49	5015	25075	5015	70103920
-15301	-10101	-7042	3161	4109	-19243	25	122	-51	5016	25080	5016	70103921
-15347	-10277	-7079	3306	4003	-19223	27	123	-53	5017	25085	5017	70103921
-14992	-10726	-7072	3168	4009	-18701	29	119	-55	5018	25090	5018	70103921
-14404	-10778	-6928	2727	4095	-18321	31	117	-57	5019	25095	5019	70103943
-14320	-10585	-6804	2494	4061	-18564	32	116	-52	5020	25100	5020	70103957
-14456	-10644	-6949	2532	3762	-18601	33	115	-49	5021	25105	5021	70103957
-14230	-10839	-7230	2401	3397	-18215	33	118	-57	5022	25110	5022	70103957
-14148	-10751	-7193	2070	3143	-17978	33	119	-59	5023	25115	5023	70103957
-13891	-10507	-7045	1901	3042	-17916	35	115	-57	5024	25120	5024	70103957
-13895	-10200	-6987	1955	2950	-18163	36	114	-56	5025	25125	5025	70103957
-13939	-10349	-7066	1960	2800	-18068	46	114	-53	5026	25130	5026	70103977
-13898	-10397	-7050	1688	2681	-17592	48	114	-52	5027	25135	5027	70103992
-13844	-10546	-7014	1415	2602	-17162	44	108	-54	5028	25140	5028	70103995
-13200	-10376	-6918	1231	2641	-16695	43	107	-55	5029	25145	5029	70103995
-13300	-10194	-6882	1521	2921	-17163	45	107	-59	5030	25150	5030	70103995
-13194	-10640	-7106	1827	3152	-17011	45	107	-59	5031	25155	5031	70103995
-12812	-10630	-7034	1713	3049	-16532	55	105	-57	5032	25160	5032	70103996
-12610	-10532	-6990	1574	2783	-16287	55	105	-57	5033	25165	5033	70103996
-12596	-10616	-7098	1744	2578	-16082	56	106	-62	5034	25170	5034	70104019
-11946	-11250	-7370	1626	2474	-15538	56	106	-62	5035	25175	5035	70104032
-12016	-10786	-7172	1053	2292	-15305	55	101	-57	5036	25180	5036	70104032
-12086	-10950	-7364	907	2132	-15222	55	101	-57	5037	25185	5037	70104032
-11724	-10873	-7225	677	2050	-14923	63	101	-61	5038	25190	5038	70104032
-11495	-10892	-7193	470	2034	-14795	63	100	-61	5039	25195	5039	70104032
-11180	-10937	-7016	144	1945	-14438	61	97	-63	5040	25200	5040	70104034
-10762	-10790	-6984	-331	1671	-14094	62	97	-63	5041	25205	5041	70104046
-10626	-10474	-6864	-699	1326	-13813	65	95	-65	5042	25210	5042	70104069
-10640	-10410	-7074	-762	1068	-13620	65	94	-65	5043	25215	5043	70104070
-10668	-10582	-7144	-882	964	-13324	67	91	-67	5044	25220	5044	70104070
-10493	-10551	-7073	-1315	995	-12883	67	92	-65	5045	25225	5045	70104070
-10127	-10254	-6910	-1824	975	-12459	66	96	-60	5046	25230	5046	70104070
-10035	-10002	-6833	-2029	824	-12343	66	92	-60	5047	25235	5047	70104071
-9855	-10014	-6936	-1999	664	-12266	65	87	-61	5048	25240	5048	70104074
-10252	-8996	-6748	-1846	891	-12888	67	88	-62	5049	25245	5049	70104093
-11010	-8537	-6889	-958	1352	-14080	69	89	-63	5050	25250	5050	70104115
-9771	-10757	-7652	-211	1390	-12876	69	88	-63	5051	25255	5051	70104115
-9200	-10963	-7218	-1080	1150	-11237	69	87	-63	5052	25260	5052	70104115
-8838	-10571	-7054	-1807	705	-10808	72	88	-62	5053	25265	5053	70104116
-9181	-10325	-7047	-1932	122	-10489	77	89	-61	5054	25270	5054	70104116
-9248	-10502	-7070	-1915	-73	-10072	78	91	-59	5055	25275	5055	70104116
-9068	-10803	-7022	-2088	-12	-9675	78	92	-58	5056	25280	5056	70104133
-8698	-10776	-6884	-2443	-13	-9293	74	90	-59	5057	25285	5057	70104150
-8572	-10650	-6851	-2780	-173	-9083	71	89	-59	5058	25290	5058	70104153
-8483	-10612	-6936	-3009	-372	-8768	71	84	-58	5059	25295	5059	70104154
-8408	-10458	-6946	-3147	-509	-8398	71	81	-57	5060	25300	5060	70104154
-8332	-10260	-6914	-3145	-567	-8063	71	83	-59	5061	25305	5061	70104154
-8082	-10258	-6976	-3007	-599	-7656	71	85	-61	5062	25310	5062	70104155
-8042	-10318	-7035	-2925	-636	-7378	77	79	-63	5063	25315	5063	70104161
-7814	-10474	-7177	-2918	-704	-7003	78	78	-64	5064	25320	5064	70104185
-7828	-10590	-7277	-2901	-673	-6679	76	76	-59	5065	25325	5065	70104191
-7532	-10749	-7339	-2822	-604	-6264	76	76	-58	5066	25330	5066	70104191
-7340	-10834	-7286	-2813	-617	-5939	71	81	-58	5067	25335	5067	70104191
-7245	-10936	-7278	-2860	-680	-5692	70	82	-58	5068	25340	5068	70104191
-7174	-10988	-7270	-2899	-763	-5486	72	76	-68	5069	25345	5069	70104191
-7141	-11002	-7289	-2863	-838	-5270	73	75	-71	5070	25350	5070	70104191
-7142	-11140	-7372	-2750	-849	-5069	75	79	-65	5071	25355	5071	70104191
-7088	-11268	-7300	-2662	-810	-4882	75	79	-65	5072	25360	5072	70104191
-6928	-11334	-7288	-2592	-819	-4662	78	78	-66	5073	25365	5073	70104200
-6908	-11434	-7300	-2542	-871	-4457	78	78	-66	5074	25370	5074	70104228
-6946	-11504	-7192	-2463	-927	-4291	75	83	-69	5075	25375	5075	70104228
-6966	-11668	-7084	-2350	-950	-4115	75	83	-69	5076	25380	5076	70104229
-6724	-11866	-7088	-2342	-979	-3810	82	76	-62	5077	25385	5077	70104229
-6904	-11808	-7214	-2396	-1033	-3598	82	76	-62	5078	25390	5078	70104229
