-16651	2542	1692	51	-575	-148	19964	215	35	3128	15640	3128	70094478
-16621	2554	1653	24	-514	-146	19965	215	33	3129	15645	3129	70094493
-16569	2576	1667	5	-499	-155	19966	213	38	3130	15650	3130	70094493
-16593	2601	1767	-6	-537	-160	19967	213	39	3131	15655	3131	70094493
-16610	2590	1744	-9	-607	-159	19968	213	31	3132	15660	3132	70094494
-16612	2618	1785	28	-644	-161	19969	213	29	3133	15665	3133	70094494
-16594	2581	1704	43	-650	-156	19970	211	35	3134	15670	3134	70094494
-16624	2576	1678	50	-642	-157	19971	211	37	3135	15675	3135	70094495
-16589	2540	1731	50	-631	-159	19972	212	30	3136	15680	3136	70094495
-16576	2554	1688	70	-650	-143	19973	212	28	3137	15685	3137	70094496
-16636	2568	1754	77	-661	-141	19974	213	41	3138	15690	3138	70094496
-16612	2564	1800	87	-672	-151	19975	213	41	3139	15695	3139	70094497
-16624	2557	1713	101	-654	-145	19976	211	35	3140	15700	3140	70094504
-16588	2550	1698	92	-618	-145	19977	210	34	3141	15705	3141	70094527
-16604	2542	1752	74	-589	-155	19978	205	32	3142	15710	3142	70094539
-16612	2513	1680	56	-574	-153	19979	204	32	3143	15715	3143	70094541
-16676	2544	1684	53	-538	-150	19980	209	32	3144	15720	3144	70094542
-16670	2540	1749	62	-525	-143	19981	210	32	3145	15725	3145	70094542
-16654	2572	1786	78	-540	-137	19982	214	32	3146	15730	3146	70094542
-16586	2556	1604	54	-558	-135	19983	214	32	3147	15735	3147	70094542
-16628	2580	1722	21	-585	-134	19984	212	44	3148	15740	3148	70094551
-16628	2536	1724	7	-587	-138	19985	212	44	3149	15745	3149	70094579
-16628	2500	1766	-33	-576	-135	19986	204	34	3150	15750	3150	70094579
-16606	2552	1788	-39	-590	-137	19987	204	34	3151	15755	3151	70094579
-16602	2506	1754	-57	-600	-148	19988	211	35	3152	15760	3152	70094579
-16646	2498	1704	-37	-603	-146	19989	211	35	3153	15765	3153	70094579
-16654	2552	1737	-34	-593	-149	19990	210	42	3154	15770	3154	70094579
-16687	2582	1770	-31	-584	-152	19991	211	42	3155	15775	3155	70094580
-16695	2569	1725	-30	-566	-156	19992	214	40	3156	15780	3156	70094582
-16610	2549	1725	-9	-548	-161	19993	214	40	3157	15785	3157	70094593
-16610	2546	1820	6	-537	-163	19994	215	41	3158	15790	3158	70094616
-16650	2600	1714	-12	-548	-163	19995	215	41	3159	15795	3159	70094617
-16642	2632	1678	8	-561	-164	19996	214	36	3160	15800	3160	70094617
-16638	2608	1710	24	-558	-163	19997	214	36	3161	15805	3161	70094617
-16590	2634	1752	12	-543	-186	19998	208	34	3162	15810	3162	70094617
-16542	2643	1810	-7	-543	-185	19999	208	35	3163	15815	3163	70094619
-16573	2636	1766	-36	-561	-187	20000	208	38	3164	15820	3164	70094626
-16590	2611	1818	-54	-577	-176	20001	209	38	3165	15825	3165	70094636
-16547	2671	1776	-58	-569	-171	20002	215	39	3166	15830	3166	70094649
-16572	2688	1664	-47	-563	-179	20003	215	39	3167	15835	3167	70094649
-16554	2649	1735	-23	-541	-179	20004	217	37	3168	15840	3168	70094649
-16525	2668	1800	6	-520	-177	20005	216	37	3169	15845	3169	70094650
-16589	2689	1928	37	-518	-174	20006	214	38	3170	15850	3170	70094650
-16584	2685	1850	50	-517	-183	20007	216	37	3171	15855	3171	70094658
-16598	2710	1857	51	-498	-185	20008	218	36	3172	15860	3172	70094679
-16598	2677	1855	39	-478	-185	20009	218	33	3173	15865	3173	70094690
-16572	2686	1787	37	-464	-178	20010	219	29	3174	15870	3174	70094690
-16550	2722	1769	38	-455	-177	20011	217	32	3175	15875	3175	70094690
-16549	2684	1789	29	-458	-178	20012	213	39	3176	15880	3176	70094690
-16542	2705	1786	15	-483	-167	20013	214	40	3177	15885	3177	70094692
-16533	2681	1805	-12	-498	-165	20014	217	45	3178	15890	3178	70094710
-16532	2646	1826	-34	-519	-163	20015	215	41	3179	15895	3179	70094738
-16535	2647	1799	-47	-561	-154	20016	212	36	3180	15900	3180	70094739
-16587	2620	1798	-51	-585	-149	20017	211	38	3181	15905	3181	70094739
-16588	2583	1770	-54	-582	-146	20018	210	40	3182	15910	3182	70094740
-16537	2575	1811	-61	-566	-149	20019	213	39	3183	15915	3183	70094740
-16540	2613	1754	-63	-554	-150	20020	217	37	3184	15920	3184	70094740
-16545	2606	1767	-65	-549	-148	20021	217	35	3185	15925	3185	70094744
-16494	2576	1792	-62	-561	-147	20022	217	33	3186	15930	3186	70094759
-16522	2615	1813	-63	-562	-146	20024	216	33	3187	15935	3187	70094777
-16528	2590	1763	-64	-543	-147	20025	215	33	3188	15940	3188	70094777
-16505	2575	1766	-64	-528	-146	20026	210	35	3189	15945	3189	70094778
-16494	2570	1746	-67	-535	-143	20027	207	37	3190	15950	3190	70094778
-16484	2572	1718	-85	-562	-134	20028	210	38	3191	15955	3191	70094778
-16556	2592	1752	-108	-581	-123	20029	212	38	3192	15960	3192	70094779
-16572	2580	1747	-130	-609	-116	20030	213	36	3193	15965	3193	70094779
-16537	2576	1760	-165	-641	-102	20030	214	34	3194	15970	3194	70094779
-16540	2567	1761	-211	-671	-92	20032	215	35	3195	15975	3195	70094796
-16567	2544	1744	-241	-693	-83	20033	215	35	3196	15980	3196	70094818
-16568	2613	1673	-263	-701	-74	20034	214	37	3197	15985	3197	70094822
-16580	2610	1640	-287	-704	-79	20035	213	39	3198	15990	3198	70094822
-16587	2584	1596	-315	-700	-66	20036	214	40	3199	15995	3199	70094822
-16580	2576	1548	-337	-673	-57	20037	214	40	3200	16000	3200	70094822
-16609	2563	1508	-353	-637	-53	20038	215	41	3201	16005	3201	70094822
-16589	2576	1489	-366	-633	-56	20039	215	41	3202	16010	3202	70094823
-16573	2580	1467	-368	-644	-54	20040	211	37	3203	16015	3203	70094835
-16633	2589	1405	-374	-640	-45	20041	209	35	3204	16020	3204	70094851
-16578	2536	1521	-384	-647	-49	20042	215	37	3205	16025	3205	70094853
-16606	2573	1495	-403	-635	-48	20043	217	37	3206	16030	3206	70094853
-16637	2565	1574	-425	-635	-41	20044	212	34	3207	16035	3207	70094853
-16642	2510	1500	-452	-652	-34	20045	211	33	3208	16040	3208	70094853
-16618	2496	1502	-468	-663	-39	20046	214	36	3209	16045	3209	70094853
-16658	2554	1522	-457	-699	-29	20047	215	37	3210	16050	3210	70094853
-16627	2527	1491	-445	-706	-25	20048	213	36	3211	16055	3211	70094872
-16618	2502	1506	-458	-732	-25	20049	212	36	3212	16060	3212	70094889
-16617	2452	1558	-476	-747	-33	20050	213	38	3213	16065	3213	70094891
-16626	2390	1616	-501	-745	-28	20051	213	39	3214	16070	3214	70094891
-16658	2444	1566	-521	-719	-39	20052	212	41	3215	16075	3215	70094891
-16661	2474	1435	-544	-681	-43	20053	212	42	3216	16080	3216	70094892
-16649	2452	1480	-547	-651	-50	20054	216	36	3217	16085	3217	70094892
-16651	2459	1386	-536	-619	-62	20055	217	35	3218	16090	3218	70094892
-16625	2496	1473	-507	-612	-70	20056	218	36	3219	16095	3219	70094892
-16674	2499	1523	-483	-621	-59	20057	218	36	3220	16100	3220	70094902
-16678	2498	1568	-470	-638	-62	20058	219	37	3221	16105	3221	70094935
-16586	2494	1410	-489	-648	-63	20059	219	37	3222	16110	3222	70094935
-16654	2536	1482	-500	-645	-61	20060	209	35	3223	16115	3223	70094935
-16644	2522	1538	-513	-657	-66	20061	209	35	3224	16120	3224	70094935
-16574	2548	1546	-517	-674	-66	20062	217	37	3225	16125	3225	70094935
-16622	2512	1548	-528	-699	-51	20063	217	37	3226	16130	3226	70094935
-16682	2558	1448	-559	-695	-56	20064	216	38	3227	16135	3227	70094936
-16664	2555	1508	-592	-687	-58	20065	216	38	3228	16140	3228	70094954
-16640	2534	1532	-627	-634	-59	20066	210	42	3229	16145	3229	70094973
-16642	2562	1480	-629	-612	-40	20067	210	42	3230	16150	3230	70094978
-16656	2560	1520	-658	-610	-40	20068	212	40	3231	16155	3231	70094978
-16706	2594	1598	-678	-616	-43	20069	212	40	3232	16160	3232	70094978
-16732	2642	1626	-682	-592	-58	20070	215	37	3233	16165	3233	70094979
-16710	2636	1630	-693	-571	-52	20071	215	37	3234	16170	3234	70094979
-16680	2692	1730	-683	-555	-60	20072	216	38	3235	16175	3235	70094979
-16606	2684	1784	-641	-543	-77	20073	216	38	3236	16180	3236	70094980
-16600	2770	1809	-600	-513	-89	20074	219	45	3237	16185	3237	70095004
-16571	2740	1856	-575	-506	-98	20075	217	44	3238	16190	3238	70095010
-16549	2724	1913	-589	-508	-107	20076	209	39	3239	16195	3239	70095010
-16591	2764	1838	-596	-537	-113	20077	210	39	3240	16200	3240	70095010
-16640	2797	1804	-580	-567	-106	20078	213	41	3241	16205	3241	70095016
-16613	2768	1802	-563	-581	-120	20079	213	41	3242	16210	3242	70095039
-16581	2774	1830	-547	-578	-125	20080	211	39	3243	16215	3243	70095039
-16608	2811	1836	-542	-558	-124	20081	211	39	3244	16220	3244	70095039
-16543	2816	1836	-526	-551	-139	20082	212	40	3245	16225	3245	70095039
-16540	2784	1890	-475	-560	-142	20083	213	40	3246	16230	3246	70095039
-16580	2760	1990	-413	-576	-141	20084	215	41	3247	16235	3247	70095039
-16605	2799	1891	-350	-583	-147	20085	215	40	3248	16240	3248	70095043
-16541	2864	1895	-298	-569	-154	20086	214	36	3249	16245	3249	70095062
-16558	2904	1843	-269	-550	-163	20087	213	37	3250	16250	3250	70095077
-16543	2952	1794	-229	-530	-175	20088	210	42	3251	16255	3251	70095077
-16558	2908	1874	-205	-498	-177	20089	211	41	3252	16260	3252	70095077
-16560	2977	1934	-175	-487	-179	20090	213	39	3253	16265	3253	70095077
-16540	2954	2005	-134	-463	-195	20091	215	35	3254	16270	3254	70095077
-16574	2978	1989	-83	-455	-199	20092	219	29	3255	16275	3255	70095077
-16581	2976	1992	-20	-448	-202	20093	217	33	3256	16280	3256	70095092
-16576	2978	2047	39	-462	-204	20094	214	38	3257	16285	3257	70095116
-16575	2957	1985	94	-482	-202	20095	214	38	3258	16290	3258	70095119
-16592	2936	1919	143	-493	-201	20096	215	37	3259	16295	3259	70095119
-16566	2937	1933	160	-501	-201	20097	214	37	3260	16300	3260	70095120
-16578	2896	1888	161	-507	-207	20098	212	38	3261	16305	3261	70095120
-16595	2881	1929	171	-507	-215	20100	213	37	3262	16310	3262	70095120
-16615	2872	1946	169	-507	-212	20101	213	35	3263	16315	3263	70095124
-16594	2839	1866	170	-510	-211	20101	212	35	3264	16320	3264	70095140
-16582	2813	1788	188	-507	-219	20102	210	36	3265	16325	3265	70095159
-16638	2819	1782	211	-502	-224	20103	214	37	3266	16330	3266	70095159
-16595	2803	1816	219	-508	-220	20104	221	39	3267	16335	3267	70095159
-16557	2774	1814	229	-517	-221	20105	219	39	3268	16340	3268	70095160
-16585	2737	1840	232	-517	-227	20106	215	39	3269	16345	3269	70095160
-16560	2762	1838	258	-489	-229	20108	213	36	3270	16350	3270	70095160
-16496	2752	1802	295	-451	-235	20109	210	32	3271	16355	3271	70095181
-16520	2734	1810	335	-425	-240	20110	214	37	3272	16360	3272	70095195
-16513	2721	1791	384	-414	-241	20111	217	41	3273	16365	3273	70095196
-16520	2745	1817	421	-412	-242	20112	209	40	3274	16370	3274	70095196
-16534	2719	1863	452	-412	-240	20113	203	39	3275	16375	3275	70095196
-16514	2670	1851	476	-413	-236	20114	211	36	3276	16380	3276	70095196
-16492	2668	1778	488	-421	-227	20115	216	34	3277	16385	3277	70095196
-16488	2628	1783	506	-466	-215	20116	214	39	3278	16390	3278	70095196
-16414	2565	1840	539	-537	-204	20117	213	43	3279	16395	3279	70095204
-16439	2554	1826	553	-577	-186	20118	214	39	3280	16400	3280	70095222
-16460	2556	1795	557	-615	-171	20119	215	37	3281	16405	3281	70095230
-16477	2504	1880	549	-637	-154	20120	216	35	3282	16410	3282	70095230
-16458	2462	1891	515	-645	-144	20121	217	33	3283	16415	3283	70095231
-16441	2427	1819	469	-664	-138	20122	217	37	3284	16420	3284	70095231
-16432	2384	1812	419	-677	-130	20123	217	39	3285	16425	3285	70095231
-16485	2344	1814	378	-688	-127	20124	213	38	3286	16430	3286	70095238
-16489	2331	1714	339	-688	-126	20125	211	37	3287	16435	3287	70095258
-16505	2294	1759	298	-686	-116	20126	217	38	3288	16440	3288	70095263
-16517	2343	1728	253	-712	-101	20127	218	38	3289	16445	3289	70095264
-16568	2353	1694	199	-726	-96	20128	218	38	3290	16450	3290	70095264
-16570	2368	1643	152	-719	-86	20129	218	38	3291	16455	3291	70095264
-16589	2276	1712	100	-710	-81	20130	214	37	3292	16460	3292	70095265
-16605	2249	1697	59	-710	-70	20131	213	37	3293	16465	3293	70095265
-16646	2251	1606	-1	-741	-69	20132	214	36	3294	16470	3294	70095279
-16643	2316	1584	-64	-789	-52	20133	214	36	3295	16475	3295	70095304
-16614	2238	1582	-116	-840	-56	20134	211	43	3296	16480	3296	70095309
-16618	2256	1496	-120	-827	-71	20135	211	43	3297	16485	3297	70095310
-16625	2283	1566	-123	-819	-70	20136	213	40	3298	16490	3298	70095310
-16671	2320	1553	-140	-794	-80	20137	213	39	3299	16495	3299	70095310
-16666	2333	1468	-164	-762	-82	20138	213	41	3300	16500	3300	70095311
-16739	2382	1432	-194	-744	-84	20139	213	41	3301	16505	3301	70095319
-16675	2447	1474	-216	-722	-88	20140	214	39	3302	16510	3302	70095334
-16715	2470	1460	-229	-694	-110	20141	214	38	3303	16515	3303	70095338
-16678	2496	1556	-221	-649	-110	20142	206	32	3304	16520	3304	70095338
-16680	2558	1524	-200	-626	-122	20143	206	32	3305	16525	3305	70095338
-16724	2518	1584	-177	-620	-117	20144	211	37	3306	16530	3306	70095338
-16748	2528	1440	-161	-609	-110	20145	211	37	3307	16535	3307	70095338
-16654	2592	1526	-150	-592	-112	20146	210	32	3308	16540	3308	70095346
-16666	2562	1402	-128	-585	-116	20147	210	32	3309	16545	3309	70095388
-16696	2474	1472	-111	-587	-109	20148	220	36	3310	16550	3310	70095388
-16660	2512	1448	-106	-591	-102	20149	220	36	3311	16555	3311	70095388
-16617	2531	1462	-115	-608	-98	20150	214	40	3312	16560	3312	70095389
-16617	2449	1530	-115	-624	-103	20151	214	41	3313	16565	3313	70095389
-16672	2433	1506	-122	-647	-98	20152	215	43	3314	16570	3314	70095389
-16585	2455	1502	-121	-648	-94	20153	215	42	3315	16575	3315	70095391
-16542	2460	1594	-121	-643	-105	20154	216	38	3316	16580	3316	70095399
-16620	2410	1584	-122	-621	-97	20155	216	38	3317	16585	3317	70095426
-16552	2398	1496	-107	-574	-109	20156	213	35	3318	16590	3318	70095426
-16596	2396	1542	-99	-572	-87	20157	213	35	3319	16595	3319	70095426
-16596	2384	1542	-125	-587	-87	20158	218	38	3320	16600	3320	70095426
-16581	2440	1527	-121	-619	-72	20159	217	37	3321	16605	3321	70095426
-16627	2436	1601	-136	-628	-62	20160	211	35	3322	16610	3322	70095427
-16658	2383	1578	-162	-629	-60	20161	212	36	3323	16615	3323	70095427
-16636	2345	1654	-203	-625	-58	20162	214	38	3324	16620	3324	70095427
-16624	2375	1628	-247	-602	-52	20163	215	37	3325	16625	3325	70095432
-16533	2397	1574	-300	-594	-50	20164	217	35	3326	16630	3326	70095455
-16537	2410	1553	-360	-611	-40	20165	216	35	3327	16635	3327	70095463
-16576	2334	1664	-397	-640	-32	20166	214	36	3328	16640	3328	70095463
-16607	2378	1672	-455	-666	-18	20167	213	36	3329	16645	3329	70095463
-16615	2367	1709	-494	-679	-10	20168	211	37	3330	16650	3330	70095464
-16612	2347	1652	-532	-680	-13	20169	213	36	3331	16655	3331	70095464
-16576	2338	1563	-584	-685	-16	20170	215	35	3332	16660	3332	70095464
-16622	2382	1571	-623	-704	-17	20171	215	35	3333	16665	3333	70095475
-16668	2388	1576	-638	-704	-23	20172	214	36	3334	16670	3334	70095494
-16608	2407	1565	-643	-694	-26	20173	215	36	3335	16675	3335	70095500
-16601	2448	1658	-654	-680	-29	20174	217	35	3336	16680	3336	70095500
-16633	2445	1606	-661	-676	-33	20175	216	36	3337	16685	3337	70095500
-16638	2489	1548	-644	-682	-31	20176	211	37	3338	16690	3338	70095500
-16615	2518	1604	-629	-702	-37	20177	211	38	3339	16695	3339	70095500
-16596	2520	1686	-617	-713	-43	20178	212	40	3340	16700	3340	70095505
-16628	2569	1693	-614	-714	-43	20179	214	39	3341	16705	3341	70095523
-16657	2613	1636	-600	-704	-51	20180	217	37	3342	16710	3342	70095539
-16629	2632	1567	-577	-675	-58	20181	214	38	3343	16715	3343	70095539
-16625	2667	1628	-559	-636	-60	20182	209	39	3344	16720	3344	70095539
-16611	2713	1628	-546	-614	-57	20184	211	37	3345	16725	3345	70095539
-16578	2740	1652	-532	-610	-59	20185	213	35	3346	16730	3346	70095539
-16594	2720	1677	-508	-630	-65	20186	212	36	3347	16735	3347	70095539
-16589	2740	1782	-473	-658	-59	20187	211	37	3348	16740	3348	70095562
-16554	2747	1813	-429	-675	-58	20188	213	40	3349	16745	3349	70095579
-16544	2738	1771	-391	-695	-54	20189	214	42	3350	16750	3350	70095579
-16582	2766	1818	-356	-707	-56	20190	213	39	3351	16755	3351	70095580
-16630	2792	1822	-328	-703	-67	20191	213	37	3352	16760	3352	70095580
-16644	2796	1786	-309	-699	-69	20191	212	37	3353	16765	3353	70095580
-16617	2791	1724	-302	-692	-61	20193	210	38	3354	16770	3354	70095581
-16582	2784	1700	-294	-684	-62	20194	211	43	3355	16775	3355	70095581
-16587	2776	1788	-295	-654	-66	20195	212	46	3356	16780	3356	70095601
