-16559	52	-1960	-2301	356	-25	-507	91	-143	2926	14630	2926	70093513
-16575	61	-1963	-2332	371	-37	-507	91	-141	2927	14635	2927	70093513
-16624	50	-1954	-2362	385	-56	-505	95	-140	2928	14640	2928	70093514
-16625	44	-1970	-2400	383	-60	-503	101	-139	2929	14645	2929	70093515
-16566	68	-1976	-2437	375	-73	-503	97	-139	2930	14650	2930	70093516
-16571	85	-2038	-2460	357	-100	-502	90	-138	2931	14655	2931	70093520
-16604	63	-2060	-2482	331	-120	-504	92	-137	2932	14660	2932	70093539
-16605	98	-2045	-2490	295	-148	-506	94	-136	2933	14665	2933	70093559
-16564	138	-2031	-2492	270	-177	-505	95	-137	2934	14670	2934	70093560
-16596	84	-2008	-2496	259	-187	-504	96	-138	2935	14675	2935	70093560
-16592	97	-1932	-2495	250	-205	-503	91	-140	2936	14680	2936	70093560
-16566	134	-1882	-2498	243	-213	-503	87	-141	2937	14685	2937	70093561
-16614	146	-1965	-2510	238	-214	-504	90	-140	2938	14690	2938	70093561
-16597	117	-1981	-2530	236	-227	-504	92	-140	2939	14695	2939	70093561
-16556	96	-1946	-2553	235	-240	-506	92	-137	2940	14700	2940	70093561
-16563	123	-1925	-2583	222	-237	-510	92	-132	2941	14705	2941	70093562
-16595	148	-1951	-2624	193	-244	-508	94	-137	2942	14710	2942	70093562
-16605	143	-1992	-2668	176	-256	-507	95	-141	2943	14715	2943	70093574
-16615	117	-1946	-2723	184	-270	-505	95	-140	2944	14720	2944	70093589
-16600	134	-1882	-2762	202	-289	-503	95	-139	2945	14725	2945	70093594
-16618	160	-1859	-2786	226	-304	-505	97	-141	2946	14730	2946	70093594
-16633	190	-1845	-2801	267	-309	-506	98	-142	2947	14735	2947	70093594
-16577	206	-1856	-2802	303	-319	-505	99	-143	2948	14740	2948	70093594
-16568	223	-1905	-2817	322	-318	-505	99	-143	2949	14745	2949	70093595
-16614	210	-1907	-2831	352	-304	-506	94	-141	2950	14750	2950	70093601
-16646	194	-1847	-2832	385	-302	-506	92	-140	2951	14755	2951	70093626
-16606	234	-1911	-2850	396	-308	-505	93	-136	2952	14760	2952	70093632
-16562	289	-1823	-2847	388	-310	-505	93	-135	2953	14765	2953	70093632
-16573	308	-1810	-2839	361	-312	-506	92	-134	2954	14770	2954	70093633
-16626	326	-1808	-2833	313	-306	-506	92	-134	2955	14775	2955	70093633
-16622	330	-1803	-2806	260	-302	-508	96	-138	2956	14780	2956	70093633
-16676	336	-1890	-2805	220	-312	-509	97	-139	2957	14785	2957	70093633
-16688	335	-1920	-2803	197	-307	-508	90	-138	2958	14790	2958	70093634
-16768	258	-1972	-2819	222	-317	-508	88	-138	2959	14795	2959	70093634
-16716	260	-2032	-2847	268	-337	-503	95	-141	2960	14800	2960	70093634
-16698	277	-1937	-2865	311	-349	-503	95	-141	2961	14805	2961	70093671
-16651	285	-1950	-2894	356	-369	-504	93	-140	2962	14810	2962	70093678
-16558	203	-1915	-2907	371	-393	-504	92	-140	2963	14815	2963	70093679
-16578	262	-1894	-2923	346	-396	-502	94	-139	2964	14820	2964	70093679
-16538	197	-1945	-2938	285	-406	-501	95	-139	2965	14825	2965	70093679
-16556	221	-1894	-2944	197	-422	-502	94	-143	2966	14830	2966	70093679
-16520	180	-1912	-2935	122	-432	-502	94	-144	2967	14835	2967	70093680
-16548	180	-1934	-2923	80	-425	-507	95	-143	2968	14840	2968	70093687
-16574	142	-1936	-2894	61	-436	-507	95	-143	2969	14845	2969	70093725
-16586	162	-1932	-2875	66	-408	-503	95	-141	2970	14850	2970	70093725
-16640	108	-2086	-2852	86	-416	-503	95	-141	2971	14855	2971	70093726
-16678	172	-1938	-2834	99	-388	-507	91	-147	2972	14860	2972	70093726
-16606	124	-2032	-2826	143	-361	-507	91	-147	2973	14865	2973	70093726
-16552	126	-1918	-2810	188	-324	-504	92	-140	2974	14870	2974	70093726
-16557	180	-1920	-2806	231	-314	-503	93	-139	2975	14875	2975	70093726
-16560	227	-1875	-2816	272	-299	-501	99	-137	2976	14880	2976	70093726
-16519	175	-1891	-2836	329	-280	-501	98	-138	2977	14885	2977	70093734
-16498	227	-1841	-2845	391	-276	-502	96	-142	2978	14890	2978	70093764
-16547	177	-1748	-2856	448	-276	-502	97	-142	2979	14895	2979	70093764
-16490	225	-1882	-2860	498	-286	-504	100	-144	2980	14900	2980	70093764
-16509	256	-1870	-2860	517	-291	-503	100	-144	2981	14905	2981	70093764
-16536	223	-1772	-2855	518	-290	-500	98	-142	2982	14910	2982	70093765
-16574	298	-1812	-2857	510	-294	-500	98	-142	2983	14915	2983	70093765
-16532	261	-1856	-2834	454	-292	-503	93	-137	2984	14920	2984	70093765
-16615	259	-1843	-2805	414	-296	-503	94	-139	2985	14925	2985	70093765
-16644	256	-1917	-2776	380	-302	-504	96	-146	2986	14930	2986	70093767
-16621	228	-1912	-2741	337	-295	-503	96	-144	2987	14935	2987	70093778
-16639	254	-1966	-2712	312	-307	-501	95	-137	2988	14940	2988	70093800
-16538	268	-2055	-2689	281	-314	-501	95	-137	2989	14945	2989	70093800
-16527	206	-2020	-2669	258	-300	-502	94	-138	2990	14950	2990	70093800
-16544	212	-2008	-2669	258	-290	-502	94	-138	2991	14955	2991	70093800
-16610	218	-2041	-2673	268	-287	-503	95	-139	2992	14960	2992	70093800
-16574	260	-1994	-2684	292	-280	-504	93	-138	2993	14965	2993	70093801
-16534	294	-1947	-2691	313	-275	-505	91	-137	2994	14970	2994	70093805
-16570	294	-1967	-2697	319	-276	-505	93	-138	2995	14975	2995	70093820
-16572	310	-1960	-2703	316	-269	-505	97	-139	2996	14980	2996	70093832
-16581	300	-1969	-2712	288	-266	-507	97	-139	2997	14985	2997	70093832
-16588	289	-1996	-2729	243	-263	-510	98	-138	2998	14990	2998	70093832
-16624	272	-2006	-2754	226	-255	-508	99	-137	2999	14995	2999	70093832
-16610	303	-1944	-2776	218	-260	-504	100	-136	3000	15000	3000	70093832
-16555	276	-1910	-2795	211	-260	-502	98	-140	3001	15005	3001	70093832
-16571	269	-1910	-2808	197	-254	-501	97	-143	3002	15010	3002	70093847
-16574	247	-1875	-2813	168	-265	-503	96	-142	3003	15015	3003	70093864
-16577	255	-1895	-2818	135	-277	-505	95	-141	3004	15020	3004	70093869
-16598	257	-1894	-2817	109	-285	-505	94	-143	3005	15025	3005	70093869
-16620	238	-1900	-2810	92	-293	-504	92	-144	3006	15030	3006	70093869
-16636	255	-1916	-2804	86	-295	-505	94	-143	3007	15035	3007	70093877
-16619	238	-1833	-2800	94	-293	-506	96	-142	3008	15040	3008	70093902
-16615	196	-1874	-2792	120	-295	-502	95	-142	3009	15045	3009	70093916
-16611	207	-1882	-2781	132	-289	-500	94	-142	3010	15050	3010	70093916
-16581	197	-1869	-2772	119	-289	-502	98	-138	3011	15055	3011	70093916
-16556	206	-1910	-2760	73	-289	-504	100	-136	3012	15060	3012	70093917
-16593	269	-1980	-2746	1	-281	-503	98	-140	3013	15065	3013	70093917
-16617	278	-2023	-2738	-70	-271	-503	97	-143	3014	15070	3014	70093918
-16615	284	-2020	-2725	-125	-262	-501	98	-140	3015	15075	3015	70093926
-16623	323	-2062	-2706	-155	-256	-500	98	-138	3016	15080	3016	70093945
-16675	345	-2050	-2685	-157	-260	-502	99	-140	3017	15085	3017	70093953
-16607	316	-1960	-2685	-167	-250	-503	99	-141	3018	15090	3018	70093954
-16567	394	-1968	-2688	-173	-241	-501	97	-135	3019	15095	3019	70093954
-16498	405	-1886	-2666	-177	-241	-500	96	-134	3020	15100	3020	70093954
-16506	380	-1853	-2643	-185	-236	-510	90	-140	3021	15105	3021	70093954
-16456	416	-1796	-2611	-206	-217	-512	88	-142	3022	15110	3022	70093954
-16479	445	-1833	-2583	-230	-216	-507	90	-139	3023	15115	3023	70093954
-16533	420	-1803	-2565	-235	-215	-506	90	-138	3024	15120	3024	70093955
-16528	402	-1794	-2531	-231	-211	-503	97	-141	3025	15125	3025	70093986
-16634	400	-1808	-2484	-207	-214	-503	97	-141	3026	15130	3026	70093998
-16589	407	-1665	-2454	-178	-209	-500	99	-143	3027	15135	3027	70093998
-16580	416	-1702	-2418	-165	-206	-499	99	-143	3028	15140	3028	70093999
-16620	378	-1796	-2393	-167	-212	-502	97	-137	3029	15145	3029	70093999
-16633	346	-1802	-2353	-176	-203	-503	97	-135	3030	15150	3030	70093999
-16623	382	-1792	-2332	-177	-199	-503	100	-138	3031	15155	3031	70093999
-16615	381	-1732	-2306	-183	-206	-503	101	-139	3032	15160	3032	70094000
-16628	367	-1723	-2286	-182	-200	-506	98	-141	3033	15165	3033	70094018
-16614	364	-1712	-2277	-174	-199	-507	97	-141	3034	15170	3034	70094034
-16618	358	-1670	-2263	-157	-208	-503	99	-137	3035	15175	3035	70094034
-16734	284	-1760	-2253	-141	-203	-503	99	-137	3036	15180	3036	70094034
-16644	366	-1836	-2243	-129	-202	-504	100	-136	3037	15185	3037	70094034
-16644	332	-1702	-2236	-108	-188	-504	100	-136	3038	15190	3038	70094035
-16654	274	-1704	-2244	-99	-158	-499	95	-133	3039	15195	3039	70094035
-16680	314	-1742	-2238	-93	-169	-499	95	-133	3040	15200	3040	70094035
-16656	316	-1666	-2215	-92	-157	-507	99	-141	3041	15205	3041	70094112
-16658	267	-1634	-2209	-88	-157	-505	99	-140	3042	15210	3042	70094124
-16568	285	-1649	-2195	-90	-151	-498	98	-138	3043	15215	3043	70094125
-16557	280	-1676	-2180	-91	-145	-499	97	-138	3044	15220	3044	70094125
-16655	304	-1654	-2163	-84	-142	-504	94	-140	3045	15225	3045	70094126
-16661	301	-1684	-2135	-64	-133	-504	95	-139	3046	15230	3046	70094126
-16618	301	-1667	-2115	-60	-120	-504	98	-136	3047	15235	3047	70094126
-16655	313	-1723	-2108	-46	-118	-504	98	-136	3048	15240	3048	70094130
-16640	280	-1740	-2101	-27	-123	-502	98	-138	3049	15245	3049	70094149
-16606	324	-1704	-2099	-7	-118	-502	98	-137	3050	15250	3050	70094162
-16599	328	-1672	-2085	-1	-108	-501	99	-135	3051	15255	3051	70094162
-16600	294	-1652	-2074	3	-109	-501	98	-136	3052	15260	3052	70094162
-16601	323	-1747	-2062	-10	-105	-501	93	-139	3053	15265	3053	70094163
-16634	304	-1800	-2047	-15	-96	-501	94	-138	3054	15270	3054	70094163
-16628	269	-1685	-2041	-27	-102	-503	97	-133	3055	15275	3055	70094163
-16636	250	-1698	-2031	-41	-105	-504	97	-134	3056	15280	3056	70094163
-16669	250	-1652	-2011	-53	-96	-507	95	-137	3057	15285	3057	70094163
-16669	243	-1735	-2001	-58	-93	-505	94	-138	3058	15290	3058	70094163
-16695	224	-1707	-1990	-50	-93	-498	92	-140	3059	15295	3059	70094163
-16685	218	-1640	-1991	-40	-84	-501	94	-140	3060	15300	3060	70094163
-16639	236	-1664	-1985	-12	-86	-505	97	-141	3061	15305	3061	70094166
-16648	249	-1704	-1976	24	-91	-503	97	-140	3062	15310	3062	70094171
-16639	230	-1643	-1972	44	-85	-501	97	-139	3063	15315	3063	70094171
-16640	238	-1608	-1966	60	-82	-502	97	-138	3064	15320	3064	70094171
-16639	190	-1627	-1962	74	-87	-504	96	-136	3065	15325	3065	70094171
-16613	196	-1698	-1965	89	-87	-504	98	-137	3066	15330	3066	70094186
-16640	240	-1692	-1963	100	-89	-503	99	-137	3067	15335	3067	70094201
-16640	231	-1624	-1962	111	-92	-500	96	-139	3068	15340	3068	70094201
-16611	189	-1655	-1965	123	-90	-498	94	-140	3069	15345	3069	70094201
-16617	213	-1662	-1964	128	-92	-498	99	-138	3070	15350	3070	70094202
-16598	268	-1632	-1963	132	-91	-498	104	-136	3071	15355	3071	70094202
-16550	265	-1625	-1959	133	-88	-500	100	-136	3072	15360	3072	70094202
-16601	212	-1628	-1954	125	-90	-504	94	-136	3073	15365	3073	70094204
-16627	206	-1609	-1953	124	-92	-503	94	-135	3074	15370	3074	70094224
-16574	203	-1618	-1938	126	-99	-501	93	-133	3075	15375	3075	70094250
-16624	187	-1628	-1933	138	-97	-503	94	-134	3076	15380	3076	70094250
-16641	186	-1650	-1933	143	-91	-505	95	-135	3077	15385	3077	70094251
-16641	179	-1666	-1935	156	-84	-501	96	-139	3078	15390	3078	70094251
-16642	204	-1647	-1939	173	-87	-499	97	-141	3079	15395	3079	70094252
-16640	189	-1627	-1949	184	-91	-503	100	-138	3080	15400	3080	70094252
-16626	178	-1633	-1967	194	-93	-506	102	-136	3081	15405	3081	70094254
-16630	217	-1648	-1987	208	-86	-504	99	-134	3082	15410	3082	70094272
-16643	201	-1671	-1999	214	-92	-503	97	-133	3083	15415	3083	70094283
-16641	146	-1624	-1999	215	-92	-501	98	-139	3084	15420	3084	70094283
-16656	158	-1588	-2003	203	-77	-500	98	-140	3085	15425	3085	70094283
-16638	162	-1627	-2007	190	-74	-500	96	-140	3086	15430	3086	70094283
-16597	162	-1668	-2013	176	-79	-500	96	-140	3087	15435	3087	70094283
-16594	196	-1652	-2020	169	-72	-502	95	-133	3088	15440	3088	70094284
-16628	178	-1668	-2028	171	-66	-503	95	-131	3089	15445	3089	70094284
-16663	138	-1600	-2036	180	-71	-504	97	-135	3090	15450	3090	70094284
-16624	112	-1633	-2038	197	-65	-504	98	-136	3091	15455	3091	70094307
-16646	159	-1603	-2037	224	-84	-502	96	-134	3092	15460	3092	70094321
-16656	170	-1661	-2054	254	-86	-502	96	-134	3093	15465	3093	70094323
-16654	180	-1644	-2064	294	-82	-504	96	-137	3094	15470	3094	70094323
-16632	153	-1617	-2071	306	-83	-504	96	-138	3095	15475	3095	70094324
-16631	167	-1623	-2094	315	-95	-503	95	-134	3096	15480	3096	70094324
-16635	145	-1682	-2122	327	-92	-503	95	-133	3097	15485	3097	70094325
-16591	151	-1714	-2130	342	-102	-500	95	-136	3098	15490	3098	70094331
-16582	170	-1648	-2133	360	-100	-499	95	-137	3099	15495	3099	70094381
-16604	172	-1608	-2123	372	-82	-507	91	-137	3100	15500	3100	70094393
-16688	130	-1588	-2104	344	-88	-507	91	-137	3101	15505	3101	70094393
-16660	114	-1574	-2089	314	-75	-502	92	-136	3102	15510	3102	70094393
-16768	142	-1570	-2078	267	-69	-502	92	-136	3103	15515	3103	70094393
-16758	164	-1516	-2075	242	-63	-505	95	-135	3104	15520	3104	70094393
-16804	112	-1578	-2069	282	-62	-505	95	-135	3105	15525	3105	70094393
-16780	152	-1606	-2058	354	-52	-500	94	-134	3106	15530	3106	70094457
-16746	208	-1646	-2072	427	-75	-500	94	-134	3107	15535	3107	70094457
-16648	122	-1616	-2074	513	-82	-503	95	-135	3108	15540	3108	70094457
-16646	107	-1611	-2090	577	-76	-503	94	-135	3109	15545	3109	70094457
-16591	90	-1607	-2098	598	-91	-503	91	-137	3110	15550	3110	70094457
-16598	91	-1597	-2091	586	-99	-504	92	-137	3111	15555	3111	70094457
-16629	79	-1661	-2071	547	-97	-506	94	-136	3112	15560	3112	70094458
-16618	106	-1648	-2035	521	-96	-505	95	-137	3113	15565	3113	70094459
-16671	90	-1668	-1997	526	-88	-499	99	-139	3114	15570	3114	70094469
-16628	60	-1776	-1958	553	-100	-499	99	-139	3115	15575	3115	70094495
-16642	112	-1688	-1916	583	-103	-504	96	-136	3116	15580	3116	70094495
-16653	83	-1730	-1871	628	-92	-504	96	-136	3117	15585	3117	70094496
-16650	132	-1755	-1836	659	-86	-502	94	-138	3118	15590	3118	70094496
-16650	139	-1786	-1816	690	-87	-501	94	-138	3119	15595	3119	70094496
-16639	195	-1866	-1824	734	-95	-498	92	-138	3120	15600	3120	70094497
-16620	176	-1778	-1846	772	-89	-500	92	-137	3121	15605	3121	70094497
-16585	185	-1774	-1896	786	-91	-506	92	-134	3122	15610	3122	70094498
-16565	210	-1736	-1957	812	-93	-505	92	-134	3123	15615	3123	70094498
-16639	201	-1728	-2022	835	-98	-502	94	-132	3124	15620	3124	70094498
-16665	207	-1702	-2099	880	-111	-503	95	-133	3125	15625	3125	70094498
-16639	211	-1697	-2176	949	-117	-504	96	-136	3126	15630	3126	70094505
-16630	222	-1692	-2225	998	-128	-503	94	-136	3127	15635	3127	70094514
-16630	221	-1692	-2260	1021	-137	-502	90	-136	3128	15640	3128	70094514
