14258	4866	-4918	-95	-320	418	-82	-70	-114	7311	36555	7311	70115409
14248	4942	-4866	-116	-314	414	-82	-70	-114	7312	36560	7312	70115409
14208	4862	-4918	-140	-315	419	-80	-72	-108	7313	36565	7313	70115409
14166	4818	-4966	-171	-318	412	-80	-72	-108	7314	36570	7314	70115410
14190	4712	-4930	-215	-309	406	-83	-71	-111	7315	36575	7315	70115410
14154	4532	-4970	-263	-298	376	-83	-71	-111	7316	36580	7316	70115435
14143	4548	-4924	-329	-305	365	-77	-73	-109	7317	36585	7317	70115436
14139	4667	-4938	-397	-302	351	-79	-73	-108	7318	36590	7318	70115436
14247	4780	-4932	-455	-315	342	-89	-71	-105	7319	36595	7319	70115436
14178	4849	-4956	-513	-333	347	-88	-72	-105	7320	36600	7320	70115436
14135	4913	-5002	-522	-351	352	-82	-74	-106	7321	36605	7321	70115436
14106	4990	-5023	-512	-330	362	-82	-73	-107	7322	36610	7322	70115438
14068	4990	-4952	-486	-337	361	-80	-70	-112	7323	36615	7323	70115451
14117	4999	-4872	-424	-339	353	-79	-70	-111	7324	36620	7324	70115473
14211	5077	-4863	-365	-330	354	-77	-71	-107	7325	36625	7325	70115474
14189	5039	-4895	-324	-319	358	-75	-73	-108	7326	36630	7326	70115474
14136	5038	-4914	-301	-306	364	-73	-75	-109	7327	36635	7327	70115474
14117	5012	-4926	-295	-308	369	-76	-75	-110	7328	36640	7328	70115475
14181	4993	-4902	-293	-322	370	-80	-76	-112	7329	36645	7329	70115475
14201	5014	-4871	-280	-339	370	-80	-74	-111	7330	36650	7330	70115499
14161	5037	-4842	-283	-345	374	-79	-71	-109	7331	36655	7331	70115534
14164	5029	-4792	-281	-348	390	-78	-71	-109	7332	36660	7332	70115534
14214	5017	-4865	-270	-345	401	-76	-70	-110	7333	36665	7333	70115534
14225	5024	-4888	-255	-337	401	-78	-72	-109	7334	36670	7334	70115534
14177	5001	-4848	-237	-345	407	-81	-75	-107	7335	36675	7335	70115534
14182	5027	-4881	-223	-341	424	-79	-75	-107	7336	36680	7336	70115534
14220	5028	-4890	-218	-325	438	-77	-75	-107	7337	36685	7337	70115539
14254	4961	-4904	-229	-309	445	-79	-76	-107	7338	36690	7338	70115562
14266	4929	-4891	-252	-314	455	-81	-77	-107	7339	36695	7339	70115587
14251	4966	-4843	-274	-326	475	-81	-75	-108	7340	36700	7340	70115587
14200	5027	-4795	-266	-333	486	-80	-72	-110	7341	36705	7341	70115588
14186	5039	-4764	-234	-343	490	-82	-70	-108	7342	36710	7342	70115588
14185	5036	-4800	-210	-340	496	-83	-69	-107	7343	36715	7343	70115588
14123	4988	-4815	-196	-338	499	-80	-71	-108	7344	36720	7344	70115589
14097	4940	-4843	-193	-343	502	-78	-72	-108	7345	36725	7345	70115589
14116	4928	-4816	-186	-350	514	-80	-71	-108	7346	36730	7346	70115589
14094	4896	-4807	-172	-370	536	-82	-70	-108	7347	36735	7347	70115593
14096	4893	-4727	-144	-390	563	-80	-73	-112	7348	36740	7348	70115613
14098	4941	-4664	-108	-383	572	-79	-75	-115	7349	36745	7349	70115625
14073	4956	-4688	-72	-360	569	-79	-74	-109	7350	36750	7350	70115625
14105	4874	-4691	-100	-364	564	-79	-73	-107	7351	36755	7351	70115626
14080	4833	-4716	-146	-356	556	-78	-74	-108	7352	36760	7352	70115626
14026	4844	-4736	-185	-347	575	-78	-74	-108	7353	36765	7353	70115626
13956	4918	-4748	-211	-345	595	-80	-73	-107	7354	36770	7354	70115626
13963	4940	-4771	-221	-359	610	-81	-73	-107	7355	36775	7355	70115627
13988	4911	-4799	-214	-367	621	-79	-72	-108	7356	36780	7356	70115627
13952	4888	-4815	-201	-356	629	-78	-72	-108	7357	36785	7357	70115627
13918	4816	-4793	-207	-358	643	-78	-71	-110	7358	36790	7358	70115645
14001	4816	-4854	-221	-371	662	-78	-70	-110	7359	36795	7359	70115660
14001	4894	-4802	-225	-388	674	-78	-67	-105	7360	36800	7360	70115662
14006	4846	-4757	-208	-415	693	-78	-66	-104	7361	36805	7361	70115662
14066	4798	-4670	-178	-415	704	-76	-70	-106	7362	36810	7362	70115662
14179	4800	-4698	-151	-400	722	-75	-71	-107	7363	36815	7363	70115662
14273	4842	-4699	-124	-390	725	-77	-69	-106	7364	36820	7364	70115662
14357	4842	-4776	-81	-385	723	-78	-68	-106	7365	36825	7365	70115662
14258	4814	-4902	-10	-362	734	-78	-78	-102	7366	36830	7366	70115662
14256	4788	-4830	66	-342	742	-78	-78	-102	7367	36835	7367	70115662
14230	4800	-4954	116	-315	743	-80	-74	-102	7368	36840	7368	70115688
14262	4814	-5078	140	-285	755	-80	-74	-102	7369	36845	7369	70115699
14188	4674	-5006	142	-269	773	-77	-73	-105	7370	36850	7370	70115699
14064	4780	-4954	160	-263	774	-77	-73	-105	7371	36855	7371	70115699
14028	4726	-5000	177	-258	792	-78	-72	-108	7372	36860	7372	70115699
14094	4794	-5030	190	-256	812	-78	-72	-108	7373	36865	7373	70115699
14172	4900	-4928	214	-239	813	-78	-72	-112	7374	36870	7374	70115699
14022	4824	-4918	221	-220	846	-78	-71	-111	7375	36875	7375	70115716
13976	4789	-4939	240	-193	863	-78	-68	-108	7376	36880	7376	70115743
13934	4824	-4884	266	-169	859	-78	-68	-108	7377	36885	7377	70115744
13918	4800	-4918	304	-147	855	-77	-65	-105	7378	36890	7378	70115744
13922	4784	-4948	344	-136	862	-77	-65	-105	7379	36895	7379	70115745
13916	4712	-4860	395	-127	893	-72	-70	-104	7380	36900	7380	70115745
13926	4808	-4928	436	-120	940	-72	-70	-104	7381	36905	7381	70115745
13978	4894	-4912	496	-139	991	-78	-76	-106	7382	36910	7382	70115746
13883	4906	-4879	599	-166	1042	-77	-75	-106	7383	36915	7383	70115765
13843	4871	-4929	673	-162	1091	-75	-69	-105	7384	36920	7384	70115774
13790	4808	-4867	747	-172	1132	-76	-70	-106	7385	36925	7385	70115774
13778	4832	-4787	805	-177	1174	-80	-76	-110	7386	36930	7386	70115774
13752	4881	-4721	845	-196	1253	-80	-76	-110	7387	36935	7387	70115774
13688	4918	-4674	896	-234	1338	-79	-77	-111	7388	36940	7388	70115774
13662	4972	-4735	971	-275	1439	-78	-76	-111	7389	36945	7389	70115777
13549	5038	-4739	1050	-307	1559	-75	-71	-109	7390	36950	7390	70115791
13465	5054	-4697	1114	-354	1657	-76	-72	-108	7391	36955	7391	70115819
13320	5092	-4671	1200	-420	1781	-78	-76	-106	7392	36960	7392	70115819
13102	5142	-4681	1323	-480	1914	-78	-75	-108	7393	36965	7393	70115819
12961	5212	-4708	1483	-528	2070	-77	-73	-111	7394	36970	7394	70115819
12850	5292	-4722	1633	-583	2250	-77	-73	-112	7395	36975	7395	70115820
12741	5342	-4758	1770	-647	2444	-78	-74	-114	7396	36980	7396	70115820
12570	5319	-4725	1891	-732	2653	-77	-74	-111	7397	36985	7397	70115821
12289	5337	-4725	2003	-821	2873	-75	-73	-107	7398	36990	7398	70115835
12041	5371	-4765	2121	-919	3130	-75	-74	-108	7399	36995	7399	70115852
11808	5424	-4815	2243	-1029	3419	-74	-76	-110	7400	37000	7400	70115852
11598	5554	-4859	2374	-1139	3737	-74	-74	-108	7401	37005	7401	70115852
11360	5607	-4878	2508	-1253	4074	-73	-71	-105	7402	37010	7402	70115852
11145	5594	-4873	2630	-1374	4431	-71	-73	-108	7403	37015	7403	70115852
10949	5607	-4789	2758	-1507	4824	-69	-77	-113	7404	37020	7404	70115852
10748	5608	-4778	2905	-1635	5247	-70	-74	-111	7405	37025	7405	70115856
10591	5597	-4827	3053	-1753	5697	-71	-69	-107	7406	37030	7406	70115872
10440	5570	-4868	3173	-1865	6159	-71	-70	-109	7407	37035	7407	70115889
10226	5492	-4829	3311	-2012	6699	-71	-71	-111	7408	37040	7408	70115890
10042	5473	-4813	3512	-2178	7290	-72	-73	-109	7409	37045	7409	70115891
9804	5522	-4858	3746	-2325	7855	-73	-75	-107	7410	37050	7410	70115891
9582	5544	-4855	4019	-2443	8434	-69	-71	-109	7411	37055	7411	70115891
9409	5533	-4867	4334	-2546	9030	-67	-69	-111	7412	37060	7412	70115892
9266	5451	-4864	4667	-2648	9646	-63	-69	-110	7413	37065	7413	70115896
9128	5330	-4802	5002	-2752	10279	-61	-69	-109	7414	37070	7414	70115916
9006	5212	-4609	5365	-2878	10930	-60	-67	-107	7415	37075	7415	70115927
8795	5100	-4484	5812	-3024	11701	-59	-65	-105	7416	37080	7416	70115927
8682	4950	-4334	6221	-3147	12441	-58	-64	-112	7417	37085	7417	70115927
8633	4932	-4117	6626	-3280	13172	-58	-64	-114	7418	37090	7418	70115927
8566	4883	-4034	7006	-3423	13957	-54	-68	-112	7419	37095	7419	70115927
8461	4776	-4045	7316	-3549	14735	-53	-69	-111	7420	37100	7420	70115935
8315	4573	-3876	7560	-3680	15443	-50	-69	-111	7421	37105	7421	70115961
8159	4451	-3827	7713	-3795	16113	-49	-69	-111	7422	37110	7422	70115967
8077	4315	-3757	7834	-3926	16867	-52	-66	-114	7423	37115	7423	70115968
7962	4244	-3588	7935	-4079	17695	-54	-64	-116	7424	37120	7424	70115968
7843	4128	-3488	8065	-4260	18676	-45	-64	-119	7425	37125	7425	70115968
7791	4060	-3428	8190	-4423	19595	-42	-64	-120	7426	37130	7426	70115968
7739	3908	-3321	8328	-4568	20477	-41	-63	-113	7427	37135	7427	70115969
7563	3762	-3319	8445	-4710	21357	-41	-63	-111	7428	37140	7428	70115975
7524	3553	-3298	8553	-4839	22249	-35	-61	-111	7429	37145	7429	70115998
7446	3218	-3274	8615	-4939	23139	-33	-61	-111	7430	37150	7430	70116003
7396	2804	-3212	8697	-5052	24012	-31	-60	-107	7431	37155	7431	70116004
7302	2472	-3153	8840	-5195	24889	-30	-60	-106	7432	37160	7432	70116004
7218	2132	-3210	9102	-5369	26000	-31	-55	-113	7433	37165	7433	70116005
7138	1818	-3278	9358	-5484	26907	-31	-55	-113	7434	37170	7434	70116025
7064	1434	-3368	9662	-5568	27768	-20	-56	-114	7435	37175	7435	70116029
6840	780	-3460	10041	-5670	28597	-20	-56	-114	7436	37180	7436	70116029
6566	286	-3388	10547	-5759	29426	-16	-48	-118	7437	37185	7437	70116040
6436	-34	-3282	11084	-5815	30288	-16	-48	-118	7438	37190	7438	70116040
6406	-342	-3374	11604	-5833	31112	-11	-55	-115	7439	37195	7439	70116040
6426	-668	-3322	12084	-5867	31876	-11	-55	-115	7440	37200	7440	70116040
6312	-906	-3052	12631	-5886	32635	-3	-43	-117	7441	37205	7441	70116041
6176	-1241	-2810	13279	-5903	32767	-3	-43	-117	7442	37210	7442	70116041
6097	-1556	-2591	13656	-5866	32767	-4	-42	-116	7443	37215	7443	70116043
5954	-1834	-2488	13948	-5859	32767	-4	-42	-116	7444	37220	7444	70116051
5820	-2240	-2454	14156	-5835	32767	8	-32	-114	7445	37225	7445	70116081
5622	-2656	-2606	14083	-5784	32767	8	-32	-114	7446	37230	7446	70116081
5486	-3050	-2636	14044	-5775	32767	17	-31	-109	7447	37235	7447	70116081
5194	-3456	-3076	14011	-5755	32767	17	-31	-109	7448	37240	7448	70116081
4934	-4228	-3128	13809	-5694	32767	16	-24	-106	7449	37245	7449	70116081
4494	-4960	-3364	13744	-5619	32767	18	-23	-106	7450	37250	7450	70116082
4170	-5373	-3580	13733	-5523	32767	26	-18	-108	7451	37255	7451	70116089
4003	-5717	-3780	13658	-5409	32767	27	-17	-109	7452	37260	7452	70116117
3890	-5916	-4015	13572	-5295	32767	29	-15	-115	7453	37265	7453	70116117
3869	-6208	-4175	13478	-5169	32767	30	-13	-114	7454	37270	7454	70116117
3663	-6489	-4288	13360	-5015	32767	35	-5	-111	7455	37275	7455	70116117
3408	-6694	-4376	13286	-4863	32767	35	-4	-111	7456	37280	7456	70116117
3103	-6926	-4244	13323	-4731	32767	35	-1	-109	7457	37285	7457	70116117
2772	-7397	-4192	13462	-4589	32767	39	3	-107	7458	37290	7458	70116117
2444	-8174	-3987	13472	-4407	32767	44	8	-104	7459	37295	7459	70116148
2041	-9087	-3633	13376	-4204	32767	47	13	-104	7460	37300	7460	70116194
1626	-9803	-3344	13208	-4071	32767	51	21	-105	7461	37305	7461	70116194
1385	-10232	-3044	12892	-3999	32767	49	20	-103	7462	37310	7462	70116194
1165	-10319	-2716	12462	-3978	32767	45	19	-101	7463	37315	7463	70116194
1017	-10303	-2654	11984	-4020	32767	47	24	-100	7464	37320	7464	70116194
839	-10584	-2666	11473	-4024	32767	51	31	-99	7465	37325	7465	70116194
375	-11284	-2764	11028	-3993	32767	55	34	-100	7466	37330	7466	70116202
-316	-12128	-2736	10598	-3978	32767	62	38	-102	7467	37335	7467	70116221
-1018	-12755	-2716	10111	-3965	32767	61	43	-100	7468	37340	7468	70116233
-1592	-13129	-3024	9601	-3935	32767	60	50	-96	7469	37345	7469	70116233
-2040	-13299	-3363	9032	-3910	32767	59	51	-97	7470	37350	7470	70116233
-2387	-13427	-3600	8564	-3930	32767	57	53	-99	7471	37355	7471	70116233
-2761	-13755	-3878	8363	-3918	32767	59	58	-98	7472	37360	7472	70116234
-3290	-14255	-4042	8518	-3848	32767	63	65	-97	7473	37365	7473	70116234
-4040	-14746	-4120	9021	-3722	32767	63	68	-98	7474	37370	7474	70116234
-4704	-15289	-4114	9635	-3549	32767	62	70	-98	7475	37375	7475	70116235
-5174	-16118	-3920	10173	-3372	32767	64	78	-96	7476	37380	7476	70116235
-5512	-17199	-3820	10659	-3177	32767	65	83	-95	7477	37385	7477	70116235
-5869	-18265	-3864	10974	-2948	32767	64	84	-94	7478	37390	7478	70116235
-6280	-19076	-3975	11037	-2730	32767	64	84	-94	7479	37395	7479	70116238
-6605	-19664	-4045	10777	-2533	32767	63	93	-96	7480	37400	7480	70116240
-6862	-20125	-3950	10046	-2367	32767	63	99	-97	7481	37405	7481	70116246
-7064	-20522	-3844	9107	-2248	32767	61	100	-90	7482	37410	7482	70116263
-7401	-20693	-4009	8128	-2146	32767	60	100	-86	7483	37415	7483	70116271
-7735	-20706	-4355	7230	-2058	32767	56	107	-88	7484	37420	7484	70116271
-8042	-20854	-4541	6255	-1958	32767	55	109	-89	7485	37425	7485	70116272
-8504	-21053	-4628	5305	-1853	32767	52	114	-89	7486	37430	7486	70116272
-8961	-21123	-4796	4524	-1714	32767	51	115	-89	7487	37435	7487	70116273
-9288	-20909	-4892	3808	-1599	32767	53	119	-90	7488	37440	7488	70116273
-9507	-20418	-4931	3229	-1545	32767	54	120	-90	7489	37445	7489	70116279
-9746	-19840	-4937	2716	-1511	32767	50	125	-93	7490	37450	7490	70116298
-10070	-19551	-4787	2303	-1436	32767	47	129	-95	7491	37455	7491	70116309
-10422	-19761	-4794	2194	-1297	32767	41	133	-91	7492	37460	7492	70116309
-10956	-20077	-4909	2319	-1133	32767	40	134	-90	7493	37465	7493	70116309
-11675	-20382	-5073	2547	-970	32767	38	143	-88	7494	37470	7494	70116309
-12184	-20736	-5178	2610	-817	32767	37	145	-87	7495	37475	7495	70116309
-12543	-21092	-4986	2213	-649	32767	39	149	-86	7496	37480	7496	70116309
-12812	-21380	-4467	1506	-608	32767	40	150	-86	7497	37485	7497	70116331
-13072	-21338	-4160	851	-649	32767	34	152	-83	7498	37490	7498	70116347
-13260	-21229	-3824	183	-710	32767	32	152	-82	7499	37495	7499	70116350
-13458	-20888	-3320	-562	-848	32767	31	159	-93	7500	37500	7500	70116351
-13772	-20238	-2978	-1012	-1042	32767	31	159	-93	7501	37505	7501	70116351
-14136	-19608	-2928	-1369	-1212	32767	27	159	-89	7502	37510	7502	70116352
-14542	-19148	-2970	-1699	-1309	32767	27	159	-89	7503	37515	7503	70116352
-15118	-18948	-3004	-1884	-1446	32767	19	165	-93	7504	37520	7504	70116353
-15576	-18974	-3034	-1917	-1569	32767	19	165	-93	7505	37525	7505	70116384
-16114	-18980	-3206	-1778	-1601	32491	8	168	-92	7506	37530	7506	70116384
-16414	-18994	-3150	-1461	-1596	32018	8	168	-92	7507	37535	7507	70116384
-16739	-18991	-3068	-505	-1675	31542	11	173	-95	7508	37540	7508	70116384
-16919	-19021	-3016	684	-1696	31181	10	173	-96	7509	37545	7509	70116384
-17090	-18969	-3036	2135	-1673	30806	4	174	-98	7510	37550	7510	70116384
-17190	-18944	-3195	3722	-1613	30414	4	175	-98	7511	37555	7511	70116386
-17346	-18847	-3239	5231	-1600	30034	3	179	-99	7512	37560	7512	70116397
-17378	-18792	-3194	6437	-1571	29685	3	179	-99	7513	37565	7513	70116421
-17446	-18698	-3156	7743	-1517	29195	1	179	-95	7514	37570	7514	70116421
-17528	-18436	-3276	8919	-1384	28676	1	179	-95	7515	37575	7515	70116421
-17434	-18116	-3138	9858	-1253	28198	-7	173	-95	7516	37580	7516	70116421
-17418	-17678	-3147	10778	-1103	27642	-7	176	-95	7517	37585	7517	70116421
-17356	-17252	-3198	11340	-945	27213	-9	187	-93	7518	37590	7518	70116421
-17328	-16988	-3235	11684	-830	26759	-10	187	-93	7519	37595	7519	70116426
-17307	-16883	-3298	11790	-717	26208	-12	186	-94	7520	37600	7520	70116450
-17432	-16828	-3316	11786	-578	25613	-13	186	-94	7521	37605	7521	70116458
-17397	-16716	-3332	11650	-414	25056	-17	185	-93	7522	37610	7522	70116458
-17339	-16680	-3367	11315	-255	24538	-17	185	-94	7523	37615	7523	70116458
-17224	-16717	-3341	10780	-92	23978	-16	184	-96	7524	37620	7524	70116458
-17018	-16760	-3239	9943	33	23358	-18	188	-94	7525	37625	7525	70116458
-16888	-16736	-3070	9039	95	22813	-20	194	-92	7526	37630	7526	70116458
-16704	-16643	-2932	8040	122	22281	-19	194	-93	7527	37635	7527	70116476
-16520	-16459	-2872	6977	130	21798	-18	194	-94	7528	37640	7528	70116508
-16335	-16162	-2844	5907	135	21356	-20	193	-95	7529	37645	7529	70116516
-16203	-15856	-2849	4864	128	20936	-22	192	-96	7530	37650	7530	70116516
-16154	-15533	-2815	3850	126	20526	-22	192	-96	7531	37655	7531	70116516
-16083	-15226	-2763	2839	105	20092	-23	193	-95	7532	37660	7532	70116516
-15972	-14929	-2634	1810	38	19618	-27	194	-96	7533	37665	7533	70116517
-15951	-14643	-2537	1025	-45	19215	-31	195	-97	7534	37670	7534	70116521
-15902	-14479	-2570	363	-108	18857	-33	195	-94	7535	37675	7535	70116537
-15868	-14329	-2632	-379	-172	18437	-36	196	-90	7536	37680	7536	70116554
-15899	-14185	-2637	-1105	-260	17981	-37	197	-92	7537	37685	7537	70116554
-15836	-14016	-2606	-1834	-375	17520	-38	198	-94	7538	37690	7538	70116555
-15812	-13783	-2595	-2493	-490	17066	-37	198	-94	7539	37695	7539	70116555
-15840	-13545	-2616	-3033	-585	16605	-35	197	-93	7540	37700	7540	70116555
