-16595	2746	1737	35	-586	-147	24594	211	33	7701	38505	7701	70117339
-16556	2722	1761	38	-583	-155	24595	212	32	7702	38510	7702	70117339
-16603	2723	1699	44	-571	-166	24596	211	34	7703	38515	7703	70117340
-16590	2731	1695	58	-561	-166	24597	211	35	7704	38520	7704	70117340
-16562	2687	1770	79	-557	-169	24598	213	36	7705	38525	7705	70117340
-16580	2729	1800	109	-572	-163	24599	214	36	7706	38530	7706	70117340
-16557	2772	1806	137	-582	-161	24600	212	35	7707	38535	7707	70117341
-16536	2783	1808	163	-556	-161	24601	211	35	7708	38540	7708	70117354
-16537	2754	1819	171	-547	-167	24602	209	40	7709	38545	7709	70117371
-16514	2760	1764	174	-530	-157	24603	209	41	7710	38550	7710	70117375
-16527	2766	1804	168	-552	-160	24604	213	43	7711	38555	7711	70117376
-16484	2770	1864	164	-599	-145	24605	214	44	7712	38560	7712	70117376
-16564	2714	1818	151	-616	-144	24606	210	42	7713	38565	7713	70117376
-16520	2666	1756	145	-641	-139	24607	210	42	7714	38570	7714	70117376
-16538	2744	1764	141	-649	-134	24608	211	39	7715	38575	7715	70117387
-16536	2680	1804	134	-665	-135	24609	211	39	7716	38580	7716	70117449
-16588	2708	1878	122	-701	-129	24610	214	38	7717	38585	7717	70117449
-16548	2584	1882	126	-723	-124	24611	214	38	7718	38590	7718	70117449
-16566	2614	1792	127	-736	-105	24612	205	31	7719	38595	7719	70117449
-16534	2578	1752	106	-718	-115	24613	205	31	7720	38600	7720	70117449
-16552	2600	1740	87	-698	-121	24614	206	32	7721	38605	7721	70117449
-16562	2560	1728	66	-687	-116	24615	206	32	7722	38610	7722	70117449
-16618	2520	1762	41	-667	-120	24616	212	30	7723	38615	7723	70117472
-16628	2616	1740	42	-648	-121	24617	212	30	7724	38620	7724	70117500
-16604	2654	1812	68	-650	-123	24618	214	36	7725	38625	7725	70117501
-16594	2620	1834	92	-653	-129	24619	214	36	7726	38630	7726	70117501
-16546	2668	1838	114	-657	-142	24620	216	34	7727	38635	7727	70117501
-16622	2576	1834	133	-663	-132	24621	216	34	7728	38640	7728	70117501
-16612	2642	1926	111	-677	-140	24622	214	42	7729	38645	7729	70117501
-16684	2681	1818	92	-672	-143	24623	214	41	7730	38650	7730	70117503
-16690	2693	1804	69	-676	-138	24624	215	37	7731	38655	7731	70117515
-16681	2720	1740	39	-666	-140	24625	214	38	7732	38660	7732	70117541
-16664	2728	1781	32	-641	-140	24626	208	40	7733	38665	7733	70117542
-16612	2750	1686	35	-616	-152	24627	209	41	7734	38670	7734	70117542
-16610	2744	1669	51	-597	-161	24628	214	44	7735	38675	7735	70117542
-16571	2794	1791	54	-574	-164	24629	213	43	7736	38680	7736	70117542
-16560	2817	1810	69	-576	-167	24630	209	41	7737	38685	7737	70117542
-16613	2785	1805	81	-583	-164	24631	209	41	7738	38690	7738	70117543
-16556	2815	1793	97	-586	-178	24632	209	41	7739	38695	7739	70117543
-16537	2855	1860	130	-592	-188	24633	209	40	7740	38700	7740	70117543
-16568	2849	1960	179	-603	-189	24634	208	36	7741	38705	7741	70117543
-16596	2865	1844	231	-620	-184	24635	209	36	7742	38710	7742	70117544
-16548	2843	1828	271	-620	-177	24636	212	34	7743	38715	7743	70117547
-16576	2857	1809	297	-612	-175	24637	213	35	7744	38720	7744	70117557
-16544	2916	1903	305	-596	-193	24638	217	37	7745	38725	7745	70117559
-16589	2844	1960	314	-562	-206	24639	216	36	7746	38730	7746	70117560
-16589	2832	1993	326	-519	-208	24640	215	35	7747	38735	7747	70117560
-16604	2835	1923	351	-491	-220	24641	218	35	7748	38740	7748	70117568
-16605	2805	1966	379	-490	-233	24642	223	35	7749	38745	7749	70117579
-16612	2833	2057	409	-499	-232	24643	222	34	7750	38750	7750	70117579
-16586	2856	1995	443	-515	-237	24644	220	32	7751	38755	7751	70117579
-16552	2887	1907	472	-528	-253	24645	218	34	7752	38760	7752	70117579
-16562	2917	1999	488	-528	-266	24646	216	38	7753	38765	7753	70117579
-16579	2914	2003	493	-530	-276	24647	213	37	7754	38770	7754	70117580
-16591	2956	1921	487	-533	-283	24648	208	36	7755	38775	7755	70117580
-16547	3038	1928	495	-522	-300	24649	211	37	7756	38780	7756	70117595
-16524	3064	1995	522	-521	-319	24650	216	38	7757	38785	7757	70117618
-16532	3071	2014	547	-528	-327	24651	215	34	7758	38790	7758	70117618
-16560	3086	2026	591	-543	-337	24652	213	29	7759	38795	7759	70117618
-16549	3111	2000	630	-555	-347	24653	213	31	7760	38800	7760	70117618
-16537	3114	2020	667	-546	-338	24654	212	34	7761	38805	7761	70117618
-16509	3111	1999	718	-527	-337	24656	212	36	7762	38810	7762	70117618
-16522	3103	1880	772	-527	-335	24657	212	38	7763	38815	7763	70117618
-16548	3118	1831	806	-533	-328	24658	213	38	7764	38820	7764	70117641
-16534	3149	1801	835	-529	-322	24659	214	38	7765	38825	7765	70117657
-16535	3167	1780	866	-529	-314	24660	213	36	7766	38830	7766	70117657
-16558	3096	1830	897	-535	-313	24661	213	35	7767	38835	7767	70117657
-16552	2945	1799	926	-542	-310	24662	212	39	7768	38840	7768	70117657
-16503	2913	1676	948	-552	-306	24663	211	41	7769	38845	7769	70117658
-16473	2895	1721	962	-557	-308	24664	217	35	7770	38850	7770	70117658
-16531	2877	1685	988	-555	-306	24665	219	33	7771	38855	7771	70117672
-16570	2808	1735	1013	-567	-301	24666	217	34	7772	38860	7772	70117684
-16607	2776	1712	1036	-578	-302	24667	216	34	7773	38865	7773	70117689
-16611	2788	1703	1072	-589	-305	24668	211	36	7774	38870	7774	70117690
-16632	2778	1741	1101	-591	-306	24669	208	38	7775	38875	7775	70117690
-16639	2731	1744	1122	-603	-310	24670	209	37	7776	38880	7776	70117691
-16590	2695	1667	1147	-611	-308	24671	209	37	7777	38885	7777	70117691
-16594	2637	1608	1174	-603	-306	24672	211	35	7778	38890	7778	70117694
-16644	2551	1588	1203	-592	-308	24673	213	31	7779	38895	7779	70117700
-16636	2500	1619	1196	-568	-314	24674	217	35	7780	38900	7780	70117724
-16634	2511	1604	1172	-564	-319	24675	218	36	7781	38905	7781	70117730
-16693	2486	1513	1157	-570	-314	24676	220	38	7782	38910	7782	70117730
-16705	2420	1542	1136	-568	-318	24677	218	35	7783	38915	7783	70117730
-16701	2348	1604	1112	-564	-325	24678	216	32	7784	38920	7784	70117730
-16719	2323	1514	1084	-538	-331	24679	215	31	7785	38925	7785	70117730
-16719	2299	1542	1040	-502	-327	24680	216	32	7786	38930	7786	70117760
-16640	2282	1570	1000	-487	-330	24681	216	32	7787	38935	7787	70117768
-16674	2210	1564	998	-509	-333	24682	214	36	7788	38940	7788	70117768
-16697	2162	1487	996	-517	-321	24683	214	36	7789	38945	7789	70117768
-16625	2224	1494	982	-521	-320	24684	215	35	7790	38950	7790	70117768
-16627	2196	1487	960	-513	-306	24685	215	35	7791	38955	7791	70117768
-16675	2187	1526	933	-510	-311	24686	213	37	7792	38960	7792	70117768
-16728	2177	1429	898	-518	-304	24687	213	37	7793	38965	7793	70117768
-16669	2115	1410	866	-520	-296	24688	215	37	7794	38970	7794	70117777
-16654	2042	1398	834	-526	-296	24689	215	37	7795	38975	7795	70117800
-16662	2028	1458	812	-544	-296	24690	211	33	7796	38980	7796	70117806
-16636	2064	1372	787	-553	-290	24691	211	33	7797	38985	7797	70117806
-16678	2000	1252	776	-556	-291	24692	213	31	7798	38990	7798	70117806
-16710	2008	1324	761	-534	-293	24693	213	31	7799	38995	7799	70117806
-16626	1982	1324	723	-535	-285	24694	207	33	7800	39000	7800	70117807
-16626	2056	1324	684	-533	-275	24695	207	33	7801	39005	7801	70117807
-16698	2012	1310	637	-529	-280	24696	215	29	7802	39010	7802	70117843
-16656	2058	1344	570	-511	-280	24697	215	29	7803	39015	7803	70117843
-16643	2018	1232	527	-516	-279	24698	211	37	7804	39020	7804	70117843
-16723	1990	1330	500	-512	-266	24699	212	36	7805	39025	7805	70117843
-16700	2012	1260	468	-528	-270	24700	215	33	7806	39030	7806	70117843
-16658	2006	1270	451	-523	-254	24701	215	33	7807	39035	7807	70117843
-16652	1948	1222	435	-520	-251	24702	210	30	7808	39040	7808	70117843
-16618	2008	1182	400	-509	-240	24703	210	30	7809	39045	7809	70117854
-16582	1956	1250	366	-511	-235	24704	215	35	7810	39050	7810	70117890
-16564	1956	1170	288	-533	-212	24705	215	35	7811	39055	7811	70117890
-16618	1989	1191	181	-581	-193	24706	214	36	7812	39060	7812	70117890
-16671	1998	1142	72	-604	-179	24707	214	35	7813	39065	7813	70117890
-16615	2020	1114	-21	-617	-168	24708	214	32	7814	39070	7814	70117890
-16661	2038	1197	-110	-628	-157	24709	214	32	7815	39075	7815	70117890
-16666	2033	1213	-194	-630	-148	24710	212	34	7816	39080	7816	70117896
-16676	2014	1224	-268	-621	-135	24711	212	34	7817	39085	7817	70117920
-16685	1992	1227	-321	-605	-123	24712	214	32	7818	39090	7818	70117921
-16681	2007	1222	-377	-580	-111	24713	212	32	7819	39095	7819	70117921
-16683	2011	1173	-432	-551	-98	24714	206	32	7820	39100	7820	70117921
-16678	2070	1107	-473	-535	-90	24715	210	32	7821	39105	7821	70117921
-16703	2096	1101	-507	-522	-87	24716	215	31	7822	39110	7822	70117922
-16753	2135	1144	-542	-518	-89	24717	215	31	7823	39115	7823	70117922
-16743	2200	1148	-577	-500	-83	24718	213	31	7824	39120	7824	70117922
-16754	2222	1222	-611	-497	-78	24719	213	32	7825	39125	7825	70117929
-16760	2249	1186	-643	-492	-83	24720	211	35	7826	39130	7826	70117957
-16680	2252	1248	-692	-486	-92	24721	212	34	7827	39135	7827	70117957
-16645	2273	1200	-741	-501	-87	24722	217	31	7828	39140	7828	70117958
-16688	2366	1266	-774	-530	-74	24723	217	33	7829	39145	7829	70117958
-16704	2390	1294	-805	-561	-69	24724	217	35	7830	39150	7830	70117958
-16668	2393	1292	-838	-569	-69	24725	215	35	7831	39155	7831	70117958
-16662	2396	1304	-858	-572	-71	24726	212	36	7832	39160	7832	70117970
-16682	2416	1301	-864	-573	-73	24727	214	38	7833	39165	7833	70117997
-16696	2446	1314	-879	-574	-73	24728	217	41	7834	39170	7834	70118011
-16690	2482	1371	-876	-560	-79	24729	213	38	7835	39175	7835	70118012
-16677	2538	1431	-877	-543	-74	24730	207	33	7836	39180	7836	70118013
-16633	2580	1439	-897	-517	-65	24732	209	33	7837	39185	7837	70118014
-16636	2586	1422	-904	-489	-60	24733	210	32	7838	39190	7838	70118014
-16610	2585	1405	-907	-473	-60	24734	214	32	7839	39195	7839	70118016
-16587	2600	1435	-926	-463	-53	24734	217	31	7840	39200	7840	70118028
-16580	2606	1470	-954	-461	-42	24735	216	31	7841	39205	7841	70118044
-16591	2602	1442	-968	-474	-42	24736	214	32	7842	39210	7842	70118044
-16609	2652	1447	-972	-493	-39	24737	213	33	7843	39215	7843	70118044
-16576	2700	1459	-969	-516	-24	24738	212	34	7844	39220	7844	70118044
-16551	2702	1478	-969	-549	-15	24740	211	34	7845	39225	7845	70118045
-16536	2659	1439	-961	-562	-10	24741	209	33	7846	39230	7846	70118045
-16534	2644	1494	-963	-571	-8	24742	211	30	7847	39235	7847	70118066
-16535	2674	1496	-978	-577	-7	24743	212	28	7848	39240	7848	70118080
-16536	2665	1489	-980	-582	0	24744	215	32	7849	39245	7849	70118081
-16549	2680	1468	-969	-584	1	24745	217	35	7850	39250	7850	70118081
-16598	2716	1442	-967	-592	7	24746	217	35	7851	39255	7851	70118081
-16633	2728	1467	-967	-598	10	24747	217	35	7852	39260	7852	70118081
-16638	2747	1561	-958	-599	4	24748	213	34	7853	39265	7853	70118081
-16613	2781	1668	-951	-610	-2	24749	211	33	7854	39270	7854	70118081
-16609	2761	1635	-953	-615	-2	24750	211	35	7855	39275	7855	70118081
-16586	2736	1654	-944	-614	-2	24751	211	35	7856	39280	7856	70118091
-16569	2775	1635	-938	-613	2	24752	214	38	7857	39285	7857	70118106
-16545	2824	1581	-917	-613	-5	24753	216	40	7858	39290	7858	70118113
-16558	2840	1606	-898	-629	-11	24754	211	39	7859	39295	7859	70118113
-16587	2818	1621	-886	-650	-15	24755	207	39	7860	39300	7860	70118114
-16588	2804	1568	-871	-654	-18	24756	210	37	7861	39305	7861	70118114
-16538	2855	1547	-848	-652	-24	24757	212	36	7862	39310	7862	70118114
-16522	2811	1559	-813	-661	-31	24758	213	37	7863	39315	7863	70118114
-16546	2868	1618	-776	-658	-39	24759	213	37	7864	39320	7864	70118150
-16541	2920	1658	-736	-652	-65	24760	212	36	7865	39325	7865	70118160
-16549	2934	1643	-666	-657	-64	24761	212	36	7866	39330	7866	70118160
-16565	2891	1633	-609	-655	-64	24762	214	36	7867	39335	7867	70118160
-16635	2906	1720	-541	-653	-60	24763	214	36	7868	39340	7868	70118160
-16639	2946	1643	-484	-655	-69	24764	216	32	7869	39345	7869	70118161
-16620	2919	1660	-441	-645	-69	24765	217	31	7870	39350	7870	70118161
-16696	2940	1660	-405	-646	-83	24766	215	43	7871	39355	7871	70118161
-16710	2876	1680	-384	-632	-76	24767	215	43	7872	39360	7872	70118187
-16596	2934	1630	-361	-634	-88	24768	208	40	7873	39365	7873	70118195
-16662	2912	1752	-336	-613	-100	24769	208	40	7874	39370	7874	70118195
-16627	2887	1602	-309	-576	-108	24770	216	39	7875	39375	7875	70118196
-16622	2868	1700	-285	-536	-117	24771	217	39	7876	39380	7876	70118196
-16576	2835	1740	-251	-510	-122	24772	216	37	7877	39385	7877	70118196
-16617	2858	1747	-203	-520	-122	24773	216	36	7878	39390	7878	70118206
-16518	2826	1760	-147	-554	-119	24774	214	30	7879	39395	7879	70118226
-16588	2824	1774	-111	-557	-125	24775	214	30	7880	39400	7880	70118226
-16656	2830	1804	-90	-549	-123	24776	215	33	7881	39405	7881	70118227
-16600	2744	1826	-57	-576	-132	24777	215	33	7882	39410	7882	70118227
-16670	2710	1822	-24	-574	-136	24778	208	34	7883	39415	7883	70118227
-16592	2688	1638	8	-552	-146	24779	208	34	7884	39420	7884	70118227
-16648	2676	1814	36	-555	-145	24780	211	37	7885	39425	7885	70118227
-16604	2672	1696	70	-552	-146	24781	211	37	7886	39430	7886	70118227
-16516	2677	1643	107	-551	-166	24782	217	39	7887	39435	7887	70118241
-16570	2688	1772	137	-562	-174	24783	217	38	7888	39440	7888	70118264
-16559	2659	1729	191	-575	-181	24784	215	33	7889	39445	7889	70118264
