-16583	-1010	-1359	280	-349	-380	-199	311	-87	8696	43480	8696	70122320
-16585	-987	-1321	283	-345	-373	-199	310	-86	8697	43485	8697	70122320
-16614	-957	-1326	285	-339	-372	-199	309	-85	8698	43490	8698	70122320
-16624	-944	-1417	287	-333	-373	-196	306	-87	8699	43495	8699	70122323
-16612	-978	-1460	290	-337	-374	-194	304	-88	8700	43500	8700	70122344
-16601	-994	-1499	302	-331	-372	-193	308	-89	8701	43505	8701	70122357
-16642	-972	-1451	309	-326	-381	-193	311	-89	8702	43510	8702	70122357
-16634	-934	-1342	315	-326	-391	-193	307	-92	8703	43515	8703	70122357
-16598	-936	-1295	319	-324	-389	-193	303	-95	8704	43520	8704	70122357
-16570	-983	-1340	320	-329	-389	-194	304	-93	8705	43525	8705	70122357
-16587	-1034	-1349	324	-315	-395	-194	304	-90	8706	43530	8706	70122357
-16620	-1058	-1329	328	-301	-397	-193	306	-89	8707	43535	8707	70122380
-16618	-1008	-1319	320	-292	-399	-193	307	-89	8708	43540	8708	70122395
-16604	-973	-1318	310	-288	-399	-196	306	-91	8709	43545	8709	70122396
-16616	-1010	-1347	306	-287	-396	-198	306	-92	8710	43550	8710	70122396
-16625	-993	-1323	309	-280	-392	-200	304	-90	8711	43555	8711	70122396
-16605	-980	-1352	317	-276	-392	-201	303	-89	8712	43560	8712	70122397
-16582	-1012	-1402	318	-274	-396	-197	302	-89	8713	43565	8713	70122397
-16556	-1010	-1388	321	-272	-400	-195	301	-89	8714	43570	8714	70122397
-16561	-1007	-1431	330	-274	-410	-197	308	-90	8715	43575	8715	70122397
-16604	-1009	-1383	323	-273	-410	-198	310	-90	8716	43580	8716	70122423
-16634	-974	-1359	313	-281	-411	-197	308	-89	8717	43585	8717	70122436
-16593	-998	-1386	299	-286	-417	-197	307	-89	8718	43590	8718	70122436
-16567	-1023	-1382	293	-287	-420	-198	309	-87	8719	43595	8719	70122436
-16590	-1037	-1383	303	-290	-414	-198	310	-86	8720	43600	8720	70122437
-16590	-1031	-1456	296	-294	-409	-195	308	-84	8721	43605	8721	70122437
-16579	-1011	-1446	296	-297	-423	-193	307	-83	8722	43610	8722	70122437
-16520	-989	-1386	286	-307	-422	-195	305	-89	8723	43615	8723	70122439
-16615	-1000	-1427	285	-311	-426	-196	304	-90	8724	43620	8724	70122464
-16652	-1034	-1386	278	-316	-425	-198	305	-91	8725	43625	8725	70122470
-16612	-1058	-1324	262	-315	-431	-199	305	-91	8726	43630	8726	70122470
-16570	-1024	-1354	240	-321	-437	-195	304	-89	8727	43635	8727	70122470
-16568	-1025	-1436	232	-324	-440	-194	304	-88	8728	43640	8728	70122470
-16605	-993	-1447	228	-326	-439	-193	303	-89	8729	43645	8729	70122470
-16618	-1018	-1434	211	-331	-442	-193	303	-89	8730	43650	8730	70122470
-16621	-1052	-1389	200	-336	-440	-193	306	-89	8731	43655	8731	70122497
-16576	-1017	-1376	192	-342	-455	-193	307	-89	8732	43660	8732	70122507
-16626	-1006	-1496	180	-337	-457	-198	307	-91	8733	43665	8733	70122507
-16602	-987	-1460	170	-338	-451	-199	307	-91	8734	43670	8734	70122507
-16618	-972	-1428	170	-352	-459	-201	304	-93	8735	43675	8735	70122508
-16642	-1015	-1435	164	-360	-459	-201	303	-93	8736	43680	8736	70122508
-16651	-1012	-1411	149	-367	-461	-195	301	-90	8737	43685	8737	70122508
-16641	-1035	-1390	145	-367	-471	-193	301	-89	8738	43690	8738	70122514
-16644	-1008	-1400	146	-360	-473	-201	305	-89	8739	43695	8739	70122602
-16606	-972	-1400	146	-349	-481	-201	305	-89	8740	43700	8740	70122603
-16622	-1016	-1382	147	-345	-465	-198	300	-88	8741	43705	8741	70122603
-16615	-973	-1372	152	-346	-456	-198	300	-88	8742	43710	8742	70122603
-16627	-988	-1362	179	-342	-447	-194	306	-86	8743	43715	8743	70122604
-16646	-996	-1443	193	-323	-451	-193	307	-85	8744	43720	8744	70122604
-16656	-998	-1443	220	-325	-449	-198	312	-90	8745	43725	8745	70122604
-16696	-1044	-1424	243	-324	-444	-199	313	-91	8746	43730	8746	70122633
-16678	-1054	-1330	229	-301	-437	-194	312	-86	8747	43735	8747	70122640
-16680	-1036	-1376	258	-294	-434	-194	312	-86	8748	43740	8748	70122640
-16666	-1024	-1338	281	-277	-423	-201	307	-89	8749	43745	8749	70122640
-16640	-1002	-1410	291	-268	-421	-201	307	-89	8750	43750	8750	70122640
-16708	-1048	-1370	295	-251	-406	-198	304	-84	8751	43755	8751	70122640
-16704	-988	-1334	299	-254	-409	-198	304	-84	8752	43760	8752	70122640
-16620	-1018	-1360	316	-235	-415	-198	312	-90	8753	43765	8753	70122641
-16658	-992	-1318	337	-210	-405	-198	312	-90	8754	43770	8754	70122641
-16670	-1010	-1325	328	-213	-403	-196	305	-90	8755	43775	8755	70122641
-16570	-998	-1346	350	-211	-407	-196	304	-90	8756	43780	8756	70122641
-16652	-980	-1474	389	-190	-390	-197	307	-91	8757	43785	8757	70122641
-16594	-994	-1492	370	-181	-407	-197	307	-91	8758	43790	8758	70122675
-16600	-1002	-1378	370	-185	-404	-193	305	-93	8759	43795	8759	70122685
-16584	-1060	-1350	364	-189	-396	-193	305	-93	8760	43800	8760	70122685
-16652	-1068	-1530	348	-184	-401	-192	310	-94	8761	43805	8761	70122686
-16636	-1086	-1442	332	-188	-406	-192	310	-94	8762	43810	8762	70122686
-16620	-1060	-1428	314	-196	-408	-195	309	-89	8763	43815	8763	70122686
-16509	-968	-1393	300	-195	-412	-195	309	-88	8764	43820	8764	70122686
-16512	-963	-1481	291	-203	-408	-193	307	-85	8765	43825	8765	70122686
-16584	-1009	-1393	277	-230	-414	-193	308	-85	8766	43830	8766	70122686
-16635	-1047	-1474	268	-231	-412	-192	310	-86	8767	43835	8767	70122686
-16558	-1014	-1466	275	-225	-415	-192	310	-86	8768	43840	8768	70122686
-16550	-1024	-1496	265	-240	-413	-192	308	-86	8769	43845	8769	70122686
-16612	-1086	-1484	238	-242	-421	-192	308	-86	8770	43850	8770	70122687
-16558	-1080	-1470	227	-270	-419	-194	306	-86	8771	43855	8771	70122696
-16540	-1062	-1462	207	-272	-407	-194	306	-86	8772	43860	8772	70122704
-16587	-1052	-1431	216	-270	-407	-197	303	-89	8773	43865	8773	70122722
-16554	-1046	-1425	223	-284	-411	-197	303	-89	8774	43870	8774	70122722
-16572	-1073	-1459	215	-302	-416	-199	305	-91	8775	43875	8775	70122722
-16469	-1029	-1511	197	-319	-412	-198	306	-91	8776	43880	8776	70122722
-16542	-1022	-1482	192	-329	-401	-193	309	-93	8777	43885	8777	70122723
-16578	-1011	-1465	176	-329	-400	-193	308	-92	8778	43890	8778	70122723
-16607	-1032	-1421	161	-340	-401	-195	305	-89	8779	43895	8779	70122723
-16575	-1043	-1473	144	-357	-395	-194	305	-89	8780	43900	8780	70122723
-16608	-1061	-1453	134	-371	-392	-190	306	-90	8781	43905	8781	70122732
-16564	-1073	-1471	128	-389	-393	-191	307	-90	8782	43910	8782	70122752
-16567	-1078	-1458	127	-407	-387	-197	311	-89	8783	43915	8783	70122759
-16580	-1052	-1434	110	-419	-398	-198	308	-90	8784	43920	8784	70122759
-16578	-1054	-1477	116	-436	-399	-204	298	-92	8785	43925	8785	70122759
-16592	-1093	-1494	96	-457	-393	-201	300	-91	8786	43930	8786	70122759
-16652	-1005	-1466	89	-466	-391	-190	310	-88	8787	43935	8787	70122760
-16624	-1018	-1430	90	-478	-383	-191	309	-88	8788	43940	8788	70122762
-16605	-1019	-1479	82	-491	-383	-197	303	-89	8789	43945	8789	70122777
-16598	-1040	-1436	74	-511	-382	-195	303	-89	8790	43950	8790	70122797
-16571	-1044	-1427	68	-518	-384	-193	303	-89	8791	43955	8791	70122797
-16579	-1032	-1473	54	-526	-380	-193	303	-89	8792	43960	8792	70122797
-16609	-1025	-1435	34	-540	-383	-192	302	-88	8793	43965	8793	70122797
-16623	-1011	-1462	27	-557	-378	-193	304	-90	8794	43970	8794	70122797
-16607	-1058	-1432	37	-568	-366	-196	308	-94	8795	43975	8795	70122797
-16563	-1062	-1432	35	-582	-362	-196	307	-92	8796	43980	8796	70122805
-16535	-1042	-1408	40	-586	-370	-196	302	-86	8797	43985	8797	70122839
-16520	-1028	-1440	50	-607	-369	-196	307	-88	8798	43990	8798	70122840
-16518	-1037	-1442	60	-617	-361	-196	314	-90	8799	43995	8799	70122840
-16582	-1060	-1467	51	-627	-359	-196	312	-89	8800	44000	8800	70122840
-16590	-1062	-1442	36	-638	-358	-196	308	-88	8801	44005	8801	70122841
-16586	-1023	-1460	39	-650	-363	-194	309	-88	8802	44010	8802	70122841
-16567	-964	-1484	43	-670	-364	-192	310	-88	8803	44015	8803	70122843
-16624	-934	-1422	25	-683	-365	-195	310	-88	8804	44020	8804	70122856
-16607	-938	-1382	28	-684	-364	-200	310	-88	8805	44025	8805	70122873
-16626	-970	-1391	42	-688	-362	-201	309	-86	8806	44030	8806	70122873
-16601	-1021	-1389	55	-697	-356	-202	308	-84	8807	44035	8807	70122873
-16576	-1034	-1412	54	-711	-350	-198	308	-86	8808	44040	8808	70122873
-16610	-1000	-1467	27	-718	-361	-193	307	-89	8809	44045	8809	70122873
-16596	-983	-1464	16	-718	-369	-195	307	-87	8810	44050	8810	70122874
-16565	-1043	-1413	41	-720	-363	-197	307	-83	8811	44055	8811	70122889
-16577	-1130	-1401	43	-730	-365	-197	308	-86	8812	44060	8812	70122911
-16597	-968	-1327	-26	-730	-386	-196	310	-90	8813	44065	8813	70122911
-16616	-867	-1270	-64	-728	-374	-193	309	-88	8814	44070	8814	70122911
-16643	-861	-1264	-16	-751	-351	-190	308	-86	8815	44075	8815	70122911
-16628	-914	-1312	28	-771	-341	-195	310	-87	8816	44080	8816	70122911
-16601	-1019	-1363	37	-782	-335	-198	312	-88	8817	44085	8817	70122911
-16612	-982	-1299	16	-783	-346	-196	312	-86	8818	44090	8818	70122911
-16610	-913	-1341	64	-762	-348	-194	312	-84	8819	44095	8819	70122933
-16601	-990	-1373	135	-752	-329	-196	310	-82	8820	44100	8820	70122949
-16600	-1053	-1346	158	-756	-323	-198	308	-80	8821	44105	8821	70122949
-16609	-1030	-1320	142	-760	-339	-200	306	-86	8822	44110	8822	70122949
-16593	-1038	-1304	152	-763	-332	-201	303	-91	8823	44115	8823	70122949
-16591	-1041	-1331	157	-773	-330	-202	306	-90	8824	44120	8824	70122950
-16606	-1026	-1329	149	-784	-339	-202	308	-90	8825	44125	8825	70122950
-16631	-992	-1322	167	-775	-342	-200	309	-86	8826	44130	8826	70122966
-16629	-1031	-1293	184	-768	-332	-199	309	-83	8827	44135	8827	70122979
-16592	-1043	-1306	178	-770	-327	-200	307	-86	8828	44140	8828	70122981
-16615	-958	-1326	176	-773	-330	-200	306	-88	8829	44145	8829	70122981
-16594	-989	-1318	170	-783	-334	-199	307	-89	8830	44150	8830	70122981
-16597	-947	-1310	193	-773	-335	-199	307	-89	8831	44155	8831	70122981
-16640	-950	-1286	217	-762	-332	-198	311	-83	8832	44160	8832	70122982
-16628	-933	-1279	231	-761	-337	-198	312	-82	8833	44165	8833	70122982
-16583	-951	-1247	231	-776	-336	-197	313	-85	8834	44170	8834	70123003
-16595	-1004	-1285	223	-782	-333	-197	313	-87	8835	44175	8835	70123017
-16606	-980	-1287	246	-766	-338	-201	313	-87	8836	44180	8836	70123017
-16629	-963	-1260	284	-745	-345	-203	313	-87	8837	44185	8837	70123017
-16652	-922	-1220	314	-723	-353	-202	310	-83	8838	44190	8838	70123017
-16653	-917	-1241	316	-730	-353	-202	308	-80	8839	44195	8839	70123017
-16650	-953	-1208	313	-744	-338	-198	306	-86	8840	44200	8840	70123038
-16671	-965	-1199	339	-726	-340	-197	305	-87	8841	44205	8841	70123051
-16663	-940	-1170	360	-707	-347	-195	311	-86	8842	44210	8842	70123054
-16649	-923	-1188	387	-688	-348	-194	312	-86	8843	44215	8843	70123054
-16668	-910	-1184	393	-660	-365	-193	311	-82	8844	44220	8844	70123054
-16649	-920	-1142	408	-651	-364	-193	311	-81	8845	44225	8845	70123054
-16616	-975	-1189	420	-640	-362	-191	308	-82	8846	44230	8846	70123055
-16656	-971	-1135	436	-610	-367	-190	306	-82	8847	44235	8847	70123061
-16704	-971	-1060	449	-585	-365	-193	308	-84	8848	44240	8848	70123085
-16667	-993	-1173	468	-571	-378	-194	308	-84	8849	44245	8849	70123092
-16693	-939	-1159	471	-554	-391	-197	311	-79	8850	44250	8850	70123093
-16740	-934	-1142	481	-520	-392	-198	312	-78	8851	44255	8851	70123093
-16721	-934	-1113	493	-504	-390	-197	313	-82	8852	44260	8852	70123093
-16664	-963	-1144	505	-477	-403	-197	313	-83	8853	44265	8853	70123093
-16695	-951	-1148	523	-433	-409	-199	310	-81	8854	44270	8854	70123094
-16724	-956	-1045	529	-406	-415	-199	309	-81	8855	44275	8855	70123121
-16724	-988	-1050	527	-383	-411	-198	308	-80	8856	44280	8856	70123128
-16714	-960	-1164	562	-359	-405	-198	308	-80	8857	44285	8857	70123128
-16676	-953	-1126	546	-324	-415	-192	306	-81	8858	44290	8858	70123128
-16750	-946	-1169	557	-299	-428	-191	305	-81	8859	44295	8859	70123128
-16740	-942	-1177	560	-276	-444	-193	309	-83	8860	44300	8860	70123128
-16687	-907	-1158	558	-245	-441	-194	310	-84	8861	44305	8861	70123129
-16676	-959	-1152	568	-225	-434	-196	309	-90	8862	44310	8862	70123135
-16690	-1003	-1122	573	-208	-437	-197	309	-91	8863	44315	8863	70123163
-16694	-1026	-1170	577	-201	-445	-199	313	-89	8864	44320	8864	70123170
-16686	-990	-1168	548	-177	-451	-199	313	-89	8865	44325	8865	70123170
-16706	-936	-1164	553	-145	-447	-200	304	-86	8866	44330	8866	70123170
-16630	-956	-1220	531	-138	-443	-200	304	-86	8867	44335	8867	70123170
-16708	-1050	-1158	550	-124	-437	-202	308	-82	8868	44340	8868	70123170
-16690	-1086	-1184	570	-140	-433	-202	308	-82	8869	44345	8869	70123170
-16660	-1028	-1228	537	-103	-452	-193	313	-87	8870	44350	8870	70123205
-16672	-1093	-1255	514	-89	-449	-193	313	-87	8871	44355	8871	70123205
-16670	-1042	-1184	476	-95	-445	-194	306	-86	8872	44360	8872	70123205
-16644	-1004	-1214	462	-85	-436	-194	306	-86	8873	44365	8873	70123205
-16656	-1142	-1236	510	-103	-418	-198	306	-86	8874	44370	8874	70123206
-16640	-1132	-1264	490	-121	-417	-198	306	-86	8875	44375	8875	70123206
-16552	-1126	-1262	468	-118	-420	-195	311	-91	8876	44380	8876	70123206
-16590	-1018	-1252	448	-137	-410	-195	311	-91	8877	44385	8877	70123218
-16728	-1020	-1250	423	-130	-402	-195	305	-87	8878	44390	8878	70123250
-16592	-1086	-1238	428	-144	-384	-195	305	-87	8879	44395	8879	70123250
-16580	-1118	-1278	464	-168	-371	-200	306	-84	8880	44400	8880	70123251
-16600	-1077	-1182	414	-190	-376	-199	307	-84	8881	44405	8881	70123251
-16606	-1118	-1258	397	-201	-369	-197	311	-83	8882	44410	8882	70123252
-16589	-1090	-1248	370	-215	-360	-197	311	-84	8883	44415	8883	70123252
-16576	-1162	-1228	342	-247	-354	-198	308	-88	8884	44420	8884	70123252
-16592	-1048	-1310	327	-267	-338	-198	308	-88	8885	44425	8885	70123252
