-16602	415	-1595	-2023	336	-56	-500	100	-134	10378	51890	10378	70130755
-16594	388	-1592	-1997	334	-49	-500	99	-134	10379	51895	10379	70130755
-16633	370	-1535	-1965	331	-47	-501	97	-133	10380	51900	10380	70130755
-16656	397	-1529	-1938	327	-37	-501	97	-135	10381	51905	10381	70130760
-16680	425	-1526	-1908	326	-32	-502	96	-138	10382	51910	10382	70130777
-16671	409	-1529	-1875	327	-20	-500	96	-136	10383	51915	10383	70130791
-16646	411	-1521	-1841	327	-14	-498	96	-134	10384	51920	10384	70130791
-16620	377	-1553	-1814	329	-20	-500	97	-135	10385	51925	10385	70130791
-16620	340	-1533	-1796	329	-20	-501	97	-135	10386	51930	10386	70130791
-16617	302	-1523	-1776	328	-17	-500	100	-136	10387	51935	10387	70130792
-16590	268	-1486	-1762	316	-20	-500	102	-136	10388	51940	10388	70130792
-16615	266	-1506	-1755	300	-21	-497	100	-134	10389	51945	10389	70130835
-16618	274	-1590	-1755	283	-25	-495	99	-133	10390	51950	10390	70130864
-16583	255	-1626	-1756	274	-24	-496	100	-137	10391	51955	10391	70130864
-16595	254	-1548	-1764	269	-31	-496	100	-138	10392	51960	10392	70130864
-16586	267	-1536	-1774	264	-31	-498	96	-140	10393	51965	10393	70130864
-16644	248	-1490	-1785	252	-34	-499	95	-141	10394	51970	10394	70130864
-16675	245	-1495	-1786	227	-27	-503	96	-136	10395	51975	10395	70130864
-16654	227	-1499	-1781	198	-24	-505	97	-133	10396	51980	10396	70130864
-16688	208	-1449	-1779	171	-17	-499	97	-139	10397	51985	10397	70130869
-16741	199	-1456	-1787	142	-10	-495	97	-143	10398	51990	10398	70130890
-16746	209	-1457	-1796	131	-12	-499	95	-139	10399	51995	10399	70130901
-16752	244	-1460	-1813	149	-16	-501	93	-137	10400	52000	10400	70130902
-16748	244	-1500	-1829	197	-24	-499	95	-139	10401	52005	10401	70130902
-16751	261	-1463	-1838	231	-32	-498	96	-140	10402	52010	10402	70130902
-16722	252	-1471	-1843	277	-35	-499	97	-133	10403	52015	10403	70130902
-16656	224	-1390	-1848	318	-51	-499	97	-131	10404	52020	10404	70130903
-16580	144	-1349	-1854	334	-83	-499	94	-137	10405	52025	10405	70130903
-16591	190	-1390	-1852	309	-80	-499	93	-139	10406	52030	10406	70130903
-16630	235	-1405	-1837	258	-73	-497	95	-132	10407	52035	10407	70130903
-16568	200	-1472	-1826	205	-60	-496	96	-130	10408	52040	10408	70130904
-16646	200	-1440	-1808	171	-71	-504	98	-138	10409	52045	10409	70130904
-16602	182	-1618	-1794	170	-73	-504	98	-138	10410	52050	10410	70130938
-16634	164	-1610	-1780	162	-73	-502	94	-136	10411	52055	10411	70130938
-16684	174	-1558	-1773	145	-68	-502	94	-136	10412	52060	10412	70130938
-16630	174	-1562	-1765	140	-54	-500	98	-134	10413	52065	10413	70130938
-16686	178	-1620	-1773	148	-52	-500	98	-134	10414	52070	10414	70130938
-16636	268	-1588	-1763	158	-37	-502	100	-128	10415	52075	10415	70130938
-16622	286	-1484	-1767	169	-41	-502	100	-128	10416	52080	10416	70130938
-16572	258	-1448	-1777	188	-52	-505	93	-137	10417	52085	10417	70130948
-16666	264	-1498	-1790	232	-46	-505	93	-137	10418	52090	10418	70130968
-16654	294	-1406	-1814	259	-62	-511	91	-135	10419	52095	10419	70130968
-16712	302	-1432	-1826	322	-71	-511	91	-135	10420	52100	10420	70130968
-16680	302	-1426	-1842	362	-64	-501	91	-139	10421	52105	10421	70130968
-16680	384	-1482	-1858	399	-71	-501	91	-139	10422	52110	10422	70130968
-16760	364	-1490	-1851	425	-82	-497	95	-133	10423	52115	10423	70130968
-16720	360	-1524	-1857	433	-78	-497	95	-133	10424	52120	10424	70130968
-16687	382	-1463	-1839	414	-95	-503	93	-133	10425	52125	10425	70131005
-16747	371	-1492	-1826	377	-116	-503	93	-134	10426	52130	10426	70131005
-16746	319	-1490	-1801	339	-115	-504	92	-138	10427	52135	10427	70131005
-16736	316	-1578	-1769	310	-120	-504	93	-137	10428	52140	10428	70131005
-16759	282	-1592	-1739	297	-127	-502	98	-132	10429	52145	10429	70131005
-16710	267	-1601	-1712	304	-127	-502	98	-133	10430	52150	10430	70131006
-16687	272	-1558	-1684	320	-134	-500	100	-138	10431	52155	10431	70131007
-16664	245	-1529	-1659	337	-136	-500	99	-137	10432	52160	10432	70131019
-16652	257	-1543	-1653	356	-139	-501	95	-135	10433	52165	10433	70131042
-16644	233	-1540	-1650	355	-147	-500	96	-135	10434	52170	10434	70131043
-16632	200	-1518	-1646	356	-139	-499	97	-135	10435	52175	10435	70131043
-16634	164	-1554	-1656	366	-128	-500	97	-137	10436	52180	10436	70131043
-16647	134	-1550	-1669	374	-134	-501	97	-139	10437	52185	10437	70131043
-16680	166	-1533	-1688	364	-129	-503	96	-137	10438	52190	10438	70131043
-16681	182	-1501	-1706	351	-123	-508	94	-132	10439	52195	10439	70131044
-16732	200	-1582	-1714	346	-122	-508	93	-133	10440	52200	10440	70131057
-16681	215	-1589	-1722	359	-117	-509	89	-137	10441	52205	10441	70131083
-16712	228	-1535	-1728	350	-115	-507	91	-136	10442	52210	10442	70131083
-16726	251	-1550	-1727	339	-125	-503	95	-135	10443	52215	10443	70131083
-16759	326	-1572	-1720	337	-123	-503	95	-131	10444	52220	10444	70131083
-16744	343	-1484	-1708	335	-124	-504	96	-126	10445	52225	10445	70131084
-16763	348	-1430	-1698	344	-122	-502	96	-130	10446	52230	10446	70131084
-16737	343	-1486	-1679	365	-128	-499	97	-137	10447	52235	10447	70131098
-16712	352	-1498	-1651	389	-137	-500	95	-137	10448	52240	10448	70131120
-16739	363	-1547	-1624	425	-151	-502	92	-136	10449	52245	10449	70131120
-16722	355	-1521	-1596	450	-168	-503	96	-136	10450	52250	10450	70131121
-16710	342	-1474	-1577	479	-182	-504	100	-136	10451	52255	10451	70131121
-16672	329	-1498	-1551	490	-192	-503	99	-134	10452	52260	10452	70131121
-16663	318	-1509	-1541	484	-205	-502	98	-132	10453	52265	10453	70131121
-16658	303	-1558	-1541	468	-219	-499	96	-135	10454	52270	10454	70131121
-16683	286	-1561	-1554	449	-228	-497	95	-137	10455	52275	10455	70131128
-16687	297	-1616	-1573	431	-240	-502	97	-136	10456	52280	10456	70131145
-16669	316	-1666	-1594	427	-254	-505	99	-135	10457	52285	10457	70131154
-16594	235	-1611	-1623	452	-258	-504	94	-131	10458	52290	10458	70131154
-16576	260	-1680	-1635	481	-262	-504	92	-130	10459	52295	10459	70131155
-16559	261	-1660	-1644	501	-264	-503	98	-134	10460	52300	10460	70131155
-16565	231	-1599	-1649	508	-254	-503	99	-135	10461	52305	10461	70131156
-16490	214	-1635	-1640	493	-244	-497	99	-135	10462	52310	10462	70131156
-16443	200	-1656	-1623	466	-233	-493	99	-135	10463	52315	10463	70131179
-16459	173	-1598	-1600	423	-213	-499	97	-136	10464	52320	10464	70131194
-16458	156	-1622	-1569	381	-186	-503	95	-137	10465	52325	10465	70131194
-16437	123	-1652	-1535	332	-161	-502	94	-134	10466	52330	10466	70131194
-16498	150	-1581	-1504	301	-131	-501	93	-133	10467	52335	10467	70131194
-16512	141	-1663	-1488	291	-117	-501	96	-135	10468	52340	10468	70131194
-16542	114	-1650	-1469	293	-105	-501	97	-135	10469	52345	10469	70131201
-16579	82	-1629	-1451	294	-95	-500	98	-131	10470	52350	10470	70131225
-16616	113	-1653	-1442	271	-86	-500	98	-130	10471	52355	10471	70131232
-16616	108	-1662	-1439	261	-76	-501	99	-136	10472	52360	10472	70131232
-16643	131	-1696	-1432	234	-63	-501	99	-137	10473	52365	10473	70131232
-16645	141	-1634	-1434	203	-52	-501	93	-137	10474	52370	10474	70131233
-16710	202	-1610	-1437	188	-32	-501	91	-137	10475	52375	10475	70131233
-16706	232	-1726	-1419	181	-16	-497	99	-139	10476	52380	10476	70131233
-16676	200	-1634	-1409	199	-8	-497	99	-139	10477	52385	10477	70131241
-16728	286	-1614	-1386	234	-10	-499	97	-137	10478	52390	10478	70131269
-16722	274	-1640	-1363	282	4	-499	97	-137	10479	52395	10479	70131269
-16786	252	-1492	-1330	328	-6	-502	100	-144	10480	52400	10480	70131269
-16756	314	-1536	-1299	366	3	-502	100	-144	10481	52405	10481	70131269
-16694	296	-1560	-1250	384	4	-505	97	-137	10482	52410	10482	70131269
-16734	282	-1566	-1223	403	-3	-505	97	-137	10483	52415	10483	70131269
-16696	304	-1604	-1196	410	0	-502	96	-132	10484	52420	10484	70131269
-16622	234	-1504	-1174	409	18	-502	96	-132	10485	52425	10485	70131277
-16576	224	-1598	-1175	406	-3	-499	91	-135	10486	52430	10486	70131310
-16652	318	-1554	-1174	391	-1	-499	91	-135	10487	52435	10487	70131311
-16626	236	-1558	-1181	385	4	-502	92	-132	10488	52440	10488	70131311
-16706	256	-1586	-1183	381	6	-502	92	-132	10489	52445	10489	70131311
-16620	238	-1542	-1186	387	-4	-503	99	-135	10490	52450	10490	70131311
-16610	230	-1516	-1195	378	-21	-503	99	-135	10491	52455	10491	70131312
-16612	237	-1500	-1205	376	-48	-501	99	-135	10492	52460	10492	70131320
-16655	260	-1540	-1203	370	-38	-502	98	-136	10493	52465	10493	70131342
-16674	202	-1632	-1190	366	-39	-504	94	-138	10494	52470	10494	70131342
-16675	144	-1616	-1181	380	-40	-504	95	-137	10495	52475	10495	70131343
-16605	94	-1636	-1180	389	-25	-503	101	-135	10496	52480	10496	70131343
-16694	65	-1704	-1182	384	-16	-504	99	-136	10497	52485	10497	70131343
-16704	3	-1688	-1198	379	-3	-507	93	-139	10498	52490	10498	70131343
-16699	-54	-1723	-1212	373	13	-505	93	-138	10499	52495	10499	70131351
-16723	-114	-1762	-1241	353	19	-500	92	-136	10500	52500	10500	70131379
-16698	-142	-1766	-1286	352	27	-501	94	-134	10501	52505	10501	70131384
-16695	-145	-1735	-1325	359	41	-503	97	-131	10502	52510	10502	70131384
-16698	-156	-1753	-1359	367	52	-503	94	-134	10503	52515	10503	70131384
-16671	-166	-1764	-1391	376	64	-502	90	-138	10504	52520	10504	70131384
-16644	-158	-1710	-1420	387	73	-502	90	-138	10505	52525	10505	70131385
-16654	-100	-1681	-1455	399	79	-502	92	-136	10506	52530	10506	70131385
-16676	-44	-1692	-1472	410	79	-502	92	-137	10507	52535	10507	70131391
-16675	8	-1769	-1472	421	76	-501	91	-139	10508	52540	10508	70131416
-16620	29	-1716	-1476	448	69	-500	94	-138	10509	52545	10509	70131424
-16622	46	-1684	-1489	469	60	-498	98	-136	10510	52550	10510	70131425
-16596	94	-1734	-1502	481	48	-500	98	-137	10511	52555	10511	70131425
-16544	89	-1809	-1516	484	33	-502	98	-138	10512	52560	10512	70131425
-16537	67	-1766	-1545	482	22	-502	95	-138	10513	52565	10513	70131425
-16546	62	-1760	-1584	468	0	-501	91	-137	10514	52570	10514	70131426
-16562	110	-1764	-1612	439	-29	-501	95	-135	10515	52575	10515	70131436
-16586	131	-1848	-1626	394	-53	-502	102	-132	10516	52580	10516	70131457
-16544	103	-1842	-1651	360	-76	-498	98	-133	10517	52585	10517	70131463
-16502	64	-1816	-1698	341	-102	-496	96	-134	10518	52590	10518	70131463
-16519	11	-1868	-1757	329	-131	-498	96	-136	10519	52595	10519	70131463
-16507	11	-1886	-1818	332	-159	-500	96	-138	10520	52600	10520	70131463
-16532	16	-1929	-1875	344	-192	-504	96	-137	10521	52605	10521	70131463
-16570	38	-1893	-1916	348	-204	-506	96	-136	10522	52610	10522	70131463
-16567	48	-1912	-1951	352	-209	-502	100	-137	10523	52615	10523	70131470
-16558	-6	-1862	-1986	338	-211	-500	102	-138	10524	52620	10524	70131510
-16588	-69	-1815	-2018	307	-209	-503	99	-138	10525	52625	10525	70131534
-16626	-37	-1879	-2059	283	-213	-504	98	-138	10526	52630	10526	70131534
-16640	-47	-1888	-2104	261	-218	-502	97	-135	10527	52635	10527	70131535
-16606	-54	-1867	-2153	237	-217	-501	97	-133	10528	52640	10528	70131535
-16624	-51	-1845	-2193	222	-221	-500	94	-134	10529	52645	10529	70131535
-16645	-40	-1847	-2219	221	-221	-500	92	-134	10530	52650	10530	70131536
-16660	-48	-1792	-2232	238	-217	-501	94	-137	10531	52655	10531	70131548
-16630	-32	-1828	-2235	251	-208	-501	95	-139	10532	52660	10532	70131572
-16622	-80	-1819	-2244	291	-196	-499	96	-141	10533	52665	10533	70131583
-16564	-113	-1803	-2263	331	-195	-498	96	-142	10534	52670	10534	70131584
-16596	-28	-1818	-2276	344	-198	-499	97	-136	10535	52675	10535	70131585
-16618	-83	-1824	-2296	350	-200	-499	97	-135	10536	52680	10536	70131586
-16617	-60	-1824	-2315	341	-194	-501	99	-136	10537	52685	10537	70131587
-16614	-42	-1829	-2341	313	-202	-502	100	-136	10538	52690	10538	70131587
-16566	-45	-1800	-2365	287	-201	-500	94	-138	10539	52695	10539	70131596
-16575	13	-1792	-2393	273	-207	-500	92	-138	10540	52700	10540	70131616
-16578	52	-1746	-2405	273	-212	-502	98	-136	10541	52705	10541	70131621
-16630	28	-1850	-2416	286	-205	-503	99	-135	10542	52710	10542	70131621
-16666	96	-1748	-2414	314	-215	-496	94	-140	10543	52715	10543	70131621
-16688	140	-1746	-2395	361	-214	-496	94	-140	10544	52720	10544	70131621
-16654	130	-1744	-2388	368	-200	-499	101	-137	10545	52725	10545	70131621
-16654	276	-1754	-2371	362	-187	-499	101	-137	10546	52730	10546	70131621
-16674	218	-1772	-2363	312	-165	-498	98	-136	10547	52735	10547	70131621
-16736	236	-1764	-2359	298	-163	-498	98	-136	10548	52740	10548	70131621
-16729	219	-1752	-2376	284	-151	-501	98	-134	10549	52745	10549	70131621
-16792	258	-1732	-2419	287	-166	-502	98	-134	10550	52750	10550	70131621
-16760	272	-1764	-2464	308	-148	-501	97	-137	10551	52755	10551	70131621
-16772	270	-1704	-2501	341	-159	-501	97	-137	10552	52760	10552	70131632
-16792	336	-1582	-2502	414	-170	-505	97	-133	10553	52765	10553	70131632
-16750	360	-1646	-2521	466	-177	-505	97	-133	10554	52770	10554	70131632
-16742	336	-1626	-2522	489	-204	-507	93	-133	10555	52775	10555	70131640
-16730	244	-1614	-2524	481	-212	-507	93	-133	10556	52780	10556	70131659
-16802	346	-1628	-2517	484	-209	-501	93	-135	10557	52785	10557	70131659
-16718	322	-1694	-2475	498	-211	-501	93	-135	10558	52790	10558	70131659
-16734	284	-1705	-2425	536	-212	-504	92	-142	10559	52795	10559	70131659
-16639	246	-1739	-2372	577	-195	-504	93	-141	10560	52800	10560	70131659
-16698	232	-1682	-2330	606	-198	-505	95	-135	10561	52805	10561	70131659
-16650	232	-1762	-2312	613	-184	-505	95	-136	10562	52810	10562	70131663
-16590	244	-1790	-2301	590	-162	-504	96	-140	10563	52815	10563	70131681
-16629	292	-1778	-2280	583	-140	-503	97	-139	10564	52820	10564	70131698
-16613	280	-1742	-2266	560	-129	-499	99	-137	10565	52825	10565	70131698
-16584	272	-1705	-2246	540	-113	-499	99	-139	10566	52830	10566	70131698
-16533	275	-1716	-2251	544	-102	-499	99	-143	10567	52835	10567	70131698
-16541	276	-1669	-2258	562	-96	-499	99	-142	10568	52840	10568	70131699
-16567	289	-1681	-2263	587	-86	-500	98	-140	10569	52845	10569	70131699
-16593	300	-1710	-2268	626	-77	-501	98	-140	10570	52850	10570	70131704
-16646	264	-1642	-2278	648	-80	-506	96	-138	10571	52855	10571	70131728
-16647	274	-1712	-2284	666	-68	-505	95	-138	10572	52860	10572	70131735
-16664	274	-1643	-2276	675	-75	-502	92	-138	10573	52865	10573	70131735
-16678	289	-1687	-2246	680	-78	-502	93	-139	10574	52870	10574	70131735
-16700	298	-1675	-2193	682	-73	-502	96	-140	10575	52875	10575	70131735
-16744	275	-1676	-2144	687	-66	-500	98	-139	10576	52880	10576	70131735
-16719	260	-1638	-2086	698	-59	-498	100	-138	10577	52885	10577	70131735
-16686	202	-1679	-2029	705	-65	-498	99	-139	10578	52890	10578	70131746
-16672	189	-1747	-1993	711	-70	-499	97	-141	10579	52895	10579	70131768
-16626	218	-1764	-1976	719	-73	-497	97	-140	10580	52900	10580	70131775
