-15487	-9426	-2720	5087	-925	-4935	-53	199	-93	10378	51890	10378	70130749
-15513	-9659	-2716	5506	-936	-5204	-51	201	-95	10379	51895	10379	70130775
-15636	-9739	-2584	5912	-977	-5467	-51	201	-94	10380	51900	10380	70130776
-15670	-9823	-2501	6328	-1024	-5715	-49	199	-89	10381	51905	10381	70130776
-15671	-9847	-2461	6797	-1098	-5977	-48	200	-90	10382	51910	10382	70130776
-15675	-10005	-2314	7283	-1146	-6292	-44	202	-92	10383	51915	10383	70130777
-15682	-10188	-2168	7641	-1188	-6609	-43	202	-91	10384	51920	10384	70130777
-15707	-10336	-2033	7939	-1245	-6946	-41	201	-89	10385	51925	10385	70130788
-15778	-10498	-1974	8226	-1302	-7290	-42	201	-89	10386	51930	10386	70130807
-15849	-10720	-1966	8525	-1347	-7645	-43	201	-89	10387	51935	10387	70130814
-15868	-10928	-1902	8782	-1398	-8005	-43	200	-89	10388	51940	10388	70130814
-15877	-11217	-1868	8981	-1459	-8377	-42	198	-88	10389	51945	10389	70130815
-15836	-11484	-1838	9169	-1515	-8754	-42	200	-88	10390	51950	10390	70130815
-15763	-11804	-1834	9341	-1578	-9159	-41	203	-89	10391	51955	10391	70130815
-15766	-12131	-1884	9447	-1647	-9563	-38	204	-91	10392	51960	10392	70130815
-15778	-12405	-1798	9465	-1712	-9937	-36	204	-92	10393	51965	10393	70130815
-15804	-12724	-1735	9407	-1782	-10337	-32	202	-90	10394	51970	10394	70130815
-15832	-12976	-1698	9341	-1862	-10749	-29	201	-89	10395	51975	10395	70130815
-15861	-13084	-1628	9295	-1935	-11155	-28	199	-88	10396	51980	10396	70130815
-15840	-13136	-1542	9288	-2006	-11531	-28	198	-88	10397	51985	10397	70130819
-15765	-13152	-1487	9315	-2073	-11856	-25	201	-88	10398	51990	10398	70130834
-15706	-13136	-1324	9368	-2154	-12221	-22	204	-88	10399	51995	10399	70130847
-15623	-13069	-1186	9596	-2287	-12593	-23	200	-83	10400	52000	10400	70130847
-15542	-12982	-1181	9950	-2387	-12893	-24	198	-80	10401	52005	10401	70130848
-15464	-12946	-1127	10340	-2467	-13194	-19	199	-80	10402	52010	10402	70130848
-15400	-13014	-1053	10757	-2574	-13510	-16	200	-80	10403	52015	10403	70130848
-15366	-13166	-975	11177	-2692	-13820	-18	197	-83	10404	52020	10404	70130849
-15285	-13267	-799	11580	-2811	-14120	-19	195	-85	10405	52025	10405	70130864
-15287	-13425	-584	11925	-2931	-14437	-12	191	-81	10406	52030	10406	70130880
-15332	-13702	-389	12199	-3052	-14805	-8	188	-78	10407	52035	10407	70130884
-15376	-14035	-120	12484	-3211	-15275	-14	190	-75	10408	52040	10408	70130885
-15322	-14274	-51	12704	-3355	-15663	-16	190	-74	10409	52045	10409	70130885
-15220	-14492	62	12856	-3508	-15972	-10	192	-76	10410	52050	10410	70130885
-15000	-14477	330	13141	-3661	-16254	-8	192	-76	10411	52055	10411	70130885
-14796	-14233	328	13926	-3829	-16425	-2	194	-74	10412	52060	10412	70130886
-14568	-14058	240	14788	-3979	-16498	-1	195	-73	10413	52065	10413	70130899
-14363	-14121	376	15644	-4153	-16619	0	194	-72	10414	52070	10414	70130916
-14198	-14322	524	16491	-4358	-16807	0	194	-72	10415	52075	10415	70130920
-14012	-14594	758	17310	-4597	-17025	-1	195	-67	10416	52080	10416	70130920
-13832	-14690	938	17907	-4822	-17188	-1	195	-67	10417	52085	10417	70130920
-13664	-14652	1166	18529	-5020	-17298	10	188	-66	10418	52090	10418	70130921
-13484	-14536	1594	19117	-5260	-17371	10	188	-66	10419	52095	10419	70130931
-13336	-14468	1776	19849	-5476	-17396	12	186	-64	10420	52100	10420	70130953
-13122	-14449	2074	20637	-5720	-17413	12	186	-64	10421	52105	10421	70130957
-12926	-14662	2489	21335	-6005	-17454	15	184	-56	10422	52110	10422	70130957
-12605	-14978	3115	21983	-6266	-17562	16	184	-54	10423	52115	10423	70130958
-12556	-15444	3056	22354	-6679	-17745	18	186	-52	10424	52120	10424	70130958
-12426	-16114	3566	22225	-7145	-18023	19	187	-51	10425	52125	10425	70130958
-12414	-16756	3836	21813	-7489	-18320	27	189	-51	10426	52130	10426	70130958
-12302	-17310	4152	21017	-7815	-18618	27	189	-51	10427	52135	10427	70130977
-12172	-18040	4746	20107	-8147	-18931	29	181	-43	10428	52140	10428	70130995
-12148	-18786	5426	19332	-8503	-19238	29	181	-43	10429	52145	10429	70130995
-12182	-19006	5806	18431	-8827	-19533	31	175	-39	10430	52150	10430	70130995
-12226	-18884	5708	17273	-9127	-19764	31	175	-39	10431	52155	10431	70130995
-12204	-18740	5758	15833	-9462	-19961	33	181	-35	10432	52160	10432	70130995
-12008	-18519	6133	14030	-9882	-20242	33	179	-35	10433	52165	10433	70130996
-11743	-18397	6371	12705	-10155	-20509	35	173	-37	10434	52170	10434	70131001
-11479	-18302	6298	11632	-10398	-20790	36	172	-35	10435	52175	10435	70131025
-11284	-18208	6369	10735	-10606	-21046	41	167	-25	10436	52180	10436	70131034
-11036	-17985	6399	10181	-10821	-21236	42	166	-25	10437	52185	10437	70131034
-10704	-17837	6455	9770	-11014	-21366	45	163	-25	10438	52190	10438	70131034
-10384	-17808	6284	9327	-11240	-21535	45	163	-25	10439	52195	10439	70131034
-10137	-17501	6296	8945	-11449	-21733	45	161	-25	10440	52200	10440	70131034
-9807	-17213	6481	8709	-11638	-21839	45	162	-23	10441	52205	10441	70131041
-9499	-17361	7216	8616	-11856	-21914	45	165	-17	10442	52210	10442	70131066
-9326	-17676	7636	8567	-12038	-22076	46	163	-17	10443	52215	10443	70131074
-9177	-17824	7638	8466	-12184	-22348	51	153	-17	10444	52220	10444	70131074
-8916	-17617	7646	8255	-12335	-22490	51	154	-17	10445	52225	10445	70131074
-8639	-17396	7693	7930	-12551	-22530	51	157	-15	10446	52230	10446	70131075
-8268	-17455	7780	7624	-12726	-22633	51	155	-13	10447	52235	10447	70131075
-8011	-17632	8063	7433	-12908	-22866	51	147	-7	10448	52240	10448	70131075
-7826	-17721	8202	7479	-13132	-23120	52	148	-8	10449	52245	10449	70131081
-7570	-17537	7874	7543	-13360	-23252	53	151	-9	10450	52250	10450	70131104
-7259	-17253	7514	7312	-13519	-23278	56	151	-7	10451	52255	10451	70131111
-6892	-16906	7488	6906	-13696	-23311	61	151	-5	10452	52260	10452	70131112
-6504	-16598	7704	6707	-13893	-23353	60	147	-2	10453	52265	10453	70131112
-6161	-16521	7961	6738	-14090	-23400	58	140	2	10454	52270	10454	70131112
-5900	-16555	8195	6657	-14311	-23496	59	138	3	10455	52275	10455	70131112
-5784	-16538	8440	6545	-14545	-23601	61	135	5	10456	52280	10456	70131116
-5586	-16470	8603	6596	-14784	-23612	62	133	5	10457	52285	10457	70131133
-5253	-16636	8872	6519	-15014	-23581	63	131	5	10458	52290	10458	70131144
-5021	-17136	9020	6188	-15264	-23686	67	129	9	10459	52295	10459	70131144
-4789	-17449	8808	5605	-15523	-23883	69	127	11	10460	52300	10460	70131144
-4544	-17247	8509	4636	-15672	-23992	69	122	12	10461	52305	10461	70131144
-4240	-16814	8447	3463	-15728	-23997	69	119	13	10462	52310	10462	70131144
-3919	-16488	8520	2534	-15915	-24031	69	121	11	10463	52315	10463	70131144
-3626	-16332	8322	1809	-16087	-24147	69	123	9	10464	52320	10464	70131151
-3384	-16222	8279	1143	-16177	-24269	68	117	16	10465	52325	10465	70131170
-3087	-16202	8505	463	-16312	-24361	66	110	22	10466	52330	10466	70131184
-2734	-16428	8733	-221	-16458	-24461	69	109	18	10467	52335	10467	70131184
-2499	-16862	8867	-1004	-16538	-24653	71	109	15	10468	52340	10468	70131184
-2306	-17290	8667	-2088	-16640	-24919	69	105	17	10469	52345	10469	70131184
-2119	-17267	8339	-3557	-16763	-25143	67	103	19	10470	52350	10470	70131184
-1926	-16759	8188	-5013	-16812	-25228	68	95	24	10471	52355	10471	70131206
-1601	-16235	8260	-6088	-16810	-25201	69	89	27	10472	52360	10472	70131222
-1289	-16016	8116	-6913	-16812	-25240	70	89	21	10473	52365	10473	70131222
-970	-15713	7576	-7865	-16733	-25434	71	89	17	10474	52370	10474	70131222
-752	-15128	7303	-8720	-16634	-25522	72	82	18	10475	52375	10475	70131223
-500	-14639	7175	-9197	-16598	-25503	72	80	18	10476	52380	10476	70131223
-131	-14428	6832	-9292	-16492	-25518	74	81	16	10477	52385	10477	70131228
236	-14140	7088	-9199	-16377	-25574	75	81	15	10478	52390	10478	70131229
524	-14196	7265	-8665	-16347	-25646	75	75	15	10479	52395	10479	70131232
748	-14156	6858	-7929	-16271	-25713	75	73	15	10480	52400	10480	70131252
1036	-13655	6107	-7441	-16109	-25680	77	67	19	10481	52405	10481	70131257
1410	-12937	5628	-6995	-15998	-25450	78	66	20	10482	52410	10482	70131257
1938	-12230	5290	-6532	-15903	-25125	77	59	13	10483	52415	10483	70131257
2390	-11936	5092	-6139	-15672	-25042	77	59	13	10484	52420	10484	70131257
2836	-11726	5356	-5537	-15656	-25005	75	55	23	10485	52425	10485	70131258
3186	-11556	5616	-4673	-15653	-24847	75	55	23	10486	52430	10486	70131258
3676	-12160	5996	-3891	-15668	-24692	77	49	17	10487	52435	10487	70131271
3853	-12695	5891	-3640	-15658	-24645	77	49	17	10488	52440	10488	70131291
4046	-13223	5780	-3704	-15613	-24587	77	44	19	10489	52445	10489	70131295
4179	-13525	5684	-3897	-15452	-24422	77	43	19	10490	52450	10490	70131295
4268	-13820	5838	-4449	-15375	-24179	76	36	14	10491	52455	10491	70131295
4278	-14302	6944	-4989	-15412	-24064	76	36	14	10492	52460	10492	70131295
4050	-15000	7026	-5455	-15633	-24144	71	35	15	10493	52465	10493	70131295
3996	-14970	6292	-6314	-15465	-24288	71	35	15	10494	52470	10494	70131308
4304	-14282	5742	-7525	-15378	-24127	78	32	6	10495	52475	10495	70131345
4618	-13810	5508	-8861	-15395	-23901	78	32	6	10496	52480	10496	70131345
4774	-13494	4764	-10121	-15324	-23853	70	20	12	10497	52485	10497	70131345
5032	-12898	4126	-11315	-15058	-23885	70	20	12	10498	52490	10498	70131345
5294	-12256	3784	-12625	-14808	-23820	71	13	7	10499	52495	10499	70131345
5604	-12102	4239	-13883	-14630	-23737	71	12	7	10500	52500	10500	70131345
5809	-12248	4308	-14464	-14500	-23801	70	10	8	10501	52505	10501	70131353
6148	-12476	4238	-15100	-14272	-23932	69	10	6	10502	52510	10502	70131385
6462	-12773	4278	-15866	-14092	-24011	63	9	-1	10503	52515	10503	70131386
6642	-12779	3987	-16762	-13933	-24055	64	8	-1	10504	52520	10504	70131386
6848	-12480	3858	-17942	-13685	-24041	68	4	0	10505	52525	10505	70131386
7037	-12034	3894	-19075	-13422	-24016	68	3	-2	10506	52530	10506	70131386
7177	-11539	3805	-20009	-13161	-24026	66	-2	-10	10507	52535	10507	70131387
7328	-11215	3991	-20849	-12863	-24046	64	-6	-10	10508	52540	10508	70131387
7470	-11229	3880	-21423	-12650	-24111	62	-12	-10	10509	52545	10509	70131387
7600	-11073	3625	-21942	-12441	-24195	63	-11	-13	10510	52550	10510	70131393
7690	-10765	3364	-22498	-12260	-24213	64	-8	-18	10511	52555	10511	70131417
7812	-10321	3124	-23165	-12057	-24146	62	-9	-19	10512	52560	10512	70131468
7979	-9723	2890	-23761	-11798	-24076	56	-14	-24	10513	52565	10513	70131468
8096	-9138	2674	-24051	-11532	-23965	57	-14	-25	10514	52570	10514	70131468
8162	-8542	2239	-23880	-11261	-23786	61	-15	-29	10515	52575	10515	70131468
8189	-8042	1736	-23647	-10899	-23544	58	-17	-29	10516	52580	10516	70131468
8286	-7644	1380	-23410	-10608	-23292	49	-21	-27	10517	52585	10517	70131468
8400	-7498	1129	-23232	-10332	-23171	50	-25	-33	10518	52590	10518	70131472
8616	-7357	1003	-23017	-10017	-23104	51	-31	-41	10519	52595	10519	70131502
8857	-7224	810	-22624	-9709	-22985	49	-31	-41	10520	52600	10520	70131539
8966	-7131	682	-22171	-9430	-22795	45	-31	-41	10521	52605	10521	70131539
9072	-6980	602	-21802	-9151	-22556	43	-34	-42	10522	52610	10522	70131539
9237	-6851	475	-21534	-8873	-22325	40	-38	-44	10523	52615	10523	70131539
9408	-6566	157	-21378	-8579	-22085	43	-39	-49	10524	52620	10524	70131540
9552	-6320	-141	-21308	-8268	-21832	45	-39	-53	10525	52625	10525	70131540
9630	-6051	-328	-21255	-7994	-21593	38	-41	-54	10526	52630	10526	70131540
9615	-5888	-391	-21166	-7734	-21357	34	-42	-54	10527	52635	10527	70131541
9579	-5823	-522	-21007	-7476	-21121	35	-41	-55	10528	52640	10528	70131541
9650	-5603	-768	-20829	-7239	-20863	36	-40	-56	10529	52645	10529	70131541
9732	-5313	-965	-20645	-7047	-20579	30	-42	-60	10530	52650	10530	70131541
9793	-5141	-934	-20436	-6871	-20293	26	-44	-62	10531	52655	10531	70131551
9880	-4972	-952	-20146	-6665	-20080	23	-42	-59	10532	52660	10532	70131557
10080	-4750	-1070	-19731	-6421	-19902	21	-41	-57	10533	52665	10533	70131562
10349	-4503	-1160	-19360	-6207	-19669	22	-46	-67	10534	52670	10534	70131579
10592	-4136	-1332	-19162	-6029	-19443	23	-49	-73	10535	52675	10535	70131588
10904	-3725	-1588	-19047	-5800	-19244	20	-50	-72	10536	52680	10536	70131588
11117	-3495	-1726	-19009	-5537	-19066	18	-50	-72	10537	52685	10537	70131589
11224	-3266	-1816	-19085	-5283	-18948	17	-54	-73	10538	52690	10538	70131589
11306	-2955	-1946	-19169	-5038	-18818	17	-57	-73	10539	52695	10539	70131589
11381	-2820	-1934	-19205	-4814	-18603	9	-56	-75	10540	52700	10540	70131590
11404	-2717	-1908	-19258	-4605	-18344	4	-56	-76	10541	52705	10541	70131590
11483	-2404	-2130	-19281	-4455	-18129	1	-56	-82	10542	52710	10542	70131591
11600	-2292	-2339	-19374	-4321	-17908	0	-56	-84	10543	52715	10543	70131601
11718	-2484	-2389	-19458	-4169	-17709	-1	-57	-78	10544	52720	10544	70131621
11774	-2472	-2470	-19524	-3999	-17568	-1	-57	-77	10545	52725	10545	70131625
11864	-2072	-2623	-19620	-3887	-17394	-3	-57	-79	10546	52730	10546	70131625
11903	-1510	-2718	-19791	-3831	-17148	-3	-57	-79	10547	52735	10547	70131625
11990	-861	-2764	-19924	-3748	-16886	-8	-60	-87	10548	52740	10548	70131625
12050	-154	-2759	-19900	-3600	-16618	-9	-61	-89	10549	52745	10549	70131625
12278	438	-2782	-19679	-3339	-16277	-14	-62	-90	10550	52750	10550	70131626
12472	492	-2808	-19503	-3165	-16026	-14	-62	-90	10551	52755	10551	70131626
12486	404	-2978	-19297	-2996	-15860	-18	-64	-94	10552	52760	10552	70131626
12440	732	-3126	-19058	-2830	-15658	-18	-64	-94	10553	52765	10553	70131626
12526	1140	-3160	-18769	-2707	-15392	-22	-64	-98	10554	52770	10554	70131626
12534	1528	-3438	-18415	-2560	-15135	-22	-64	-98	10555	52775	10555	70131626
12520	1737	-3465	-17914	-2403	-14844	-29	-68	-99	10556	52780	10556	70131632
12518	1970	-3538	-17233	-2296	-14550	-31	-69	-99	10557	52785	10557	70131633
12430	2118	-3610	-16441	-2130	-14213	-32	-70	-92	10558	52790	10558	70131633
12524	2238	-3552	-15991	-1984	-13958	-32	-70	-92	10559	52795	10559	70131642
12682	2446	-3456	-15477	-1853	-13709	-37	-71	-95	10560	52800	10560	70131662
12836	2632	-3468	-14891	-1796	-13403	-37	-71	-95	10561	52805	10561	70131662
12942	2848	-3496	-14429	-1691	-13102	-40	-70	-96	10562	52810	10562	70131662
12922	2886	-3430	-13878	-1631	-12806	-40	-70	-96	10563	52815	10563	70131663
12816	3140	-3618	-13230	-1637	-12451	-47	-71	-103	10564	52820	10564	70131663
12756	3100	-3804	-12792	-1580	-12090	-47	-71	-103	10565	52825	10565	70131663
12714	3037	-3698	-12401	-1503	-11804	-45	-69	-97	10566	52830	10566	70131670
12677	2885	-3953	-12070	-1439	-11558	-46	-70	-97	10567	52835	10567	70131700
12750	3122	-3914	-12002	-1383	-11303	-49	-75	-99	10568	52840	10568	70131700
12888	3109	-4063	-11822	-1344	-10995	-51	-74	-99	10569	52845	10569	70131701
12977	3286	-4068	-11674	-1364	-10733	-59	-71	-101	10570	52850	10570	70131701
12861	3819	-4136	-11452	-1417	-10438	-59	-70	-101	10571	52855	10571	70131702
12802	4303	-4120	-11092	-1407	-10047	-61	-65	-99	10572	52860	10572	70131702
12820	4705	-4193	-10679	-1370	-9691	-61	-67	-99	10573	52865	10573	70131702
12911	4898	-4330	-10158	-1314	-9383	-61	-73	-99	10574	52870	10574	70131711
12969	4970	-4294	-9455	-1307	-9038	-62	-73	-100	10575	52875	10575	70131737
12969	5054	-4291	-8865	-1317	-8763	-63	-73	-101	10576	52880	10576	70131737
12989	5121	-4351	-8369	-1308	-8520	-64	-74	-100	10577	52885	10577	70131738
13054	5144	-4367	-7828	-1252	-8276	-69	-77	-97	10578	52890	10578	70131738
13146	5152	-4453	-7277	-1244	-8035	-69	-76	-97	10579	52895	10579	70131738
13178	5266	-4482	-6970	-1246	-7793	-68	-72	-98	10580	52900	10580	70131738
