-4237	-3766	-13980	129	-766	-268	-22	80	-26	1746	8730	1746	70415053
-4198	-3535	-14079	164	-777	-249	-22	80	-26	1747	8735	1747	70415053
-4242	-3370	-14028	174	-771	-265	-22	80	-29	1748	8740	1748	70415053
-4213	-3188	-14012	186	-763	-272	-22	80	-30	1749	8745	1749	70415053
-4216	-2996	-13830	190	-813	-290	-25	83	-29	1750	8750	1750	70415054
-4224	-2810	-13892	177	-875	-315	-25	83	-29	1751	8755	1751	70415054
-4170	-2664	-13894	139	-946	-344	-27	85	-27	1752	8760	1752	70415060
-4196	-2540	-14014	126	-962	-378	-27	85	-27	1753	8765	1753	70415089
-4110	-2488	-13976	110	-967	-412	-27	85	-31	1754	8770	1754	70415089
-4184	-2368	-13916	93	-954	-434	-27	85	-31	1755	8775	1755	70415089
-4194	-2332	-13948	55	-940	-433	-21	83	-29	1756	8780	1756	70415089
-4246	-2306	-13940	21	-950	-433	-21	83	-29	1757	8785	1757	70415089
-4338	-2248	-13930	6	-967	-422	-23	85	-31	1758	8790	1758	70415089
-4430	-2343	-14004	-17	-958	-388	-24	84	-31	1759	8795	1759	70415089
-4416	-2371	-13981	-16	-945	-350	-29	81	-31	1760	8800	1760	70415089
-4480	-2477	-14025	10	-932	-310	-28	81	-30	1761	8805	1761	70415092
-4536	-2493	-14025	35	-911	-279	-24	82	-24	1762	8810	1762	70415103
-4546	-2476	-14042	53	-893	-251	-24	82	-24	1763	8815	1763	70415125
-4604	-2544	-14076	70	-873	-214	-21	77	-31	1764	8820	1764	70415125
-4682	-2594	-14038	89	-837	-193	-21	77	-31	1765	8825	1765	70415141
-4632	-2582	-14064	83	-809	-171	-29	77	-33	1766	8830	1766	70415143
-4697	-2636	-14038	85	-786	-144	-28	78	-32	1767	8835	1767	70415145
-4677	-2715	-14021	108	-779	-125	-22	82	-26	1768	8840	1768	70415146
-4650	-2800	-13956	131	-760	-108	-21	82	-27	1769	8845	1769	70415150
-4641	-2912	-13881	149	-745	-86	-19	83	-33	1770	8850	1770	70415162
-4608	-2972	-13923	175	-716	-55	-21	82	-32	1771	8855	1771	70415163
-4649	-2997	-14000	212	-691	-32	-30	80	-26	1772	8860	1772	70415163
-4645	-3012	-13982	245	-694	-3	-28	80	-26	1773	8865	1773	70415163
-4627	-3084	-14034	249	-693	30	-21	81	-25	1774	8870	1774	70415163
-4584	-3082	-13987	238	-708	61	-22	81	-26	1775	8875	1775	70415163
-4631	-3036	-14004	219	-722	100	-25	81	-29	1776	8880	1776	70415166
-4661	-2993	-14003	217	-705	133	-25	81	-29	1777	8885	1777	70415183
-4684	-3008	-13999	226	-668	163	-24	82	-28	1778	8890	1778	70415202
-4694	-3016	-13984	231	-636	189	-22	82	-26	1779	8895	1779	70415202
-4690	-3004	-13900	227	-616	214	-19	83	-23	1780	8900	1780	70415202
-4737	-2974	-13960	214	-593	242	-20	83	-25	1781	8905	1781	70415202
-4723	-2953	-14012	201	-578	269	-22	82	-28	1782	8910	1782	70415203
-4691	-2931	-13856	198	-573	287	-22	84	-29	1783	8915	1783	70415203
-4676	-2891	-13736	214	-576	294	-21	85	-29	1784	8920	1784	70415207
-4675	-2878	-13748	252	-564	294	-23	85	-30	1785	8925	1785	70415226
-4654	-2874	-13830	285	-525	288	-25	85	-31	1786	8930	1786	70415238
-4676	-2938	-13862	303	-488	280	-23	83	-27	1787	8935	1787	70415238
-4662	-2981	-13882	309	-467	270	-22	82	-24	1788	8940	1788	70415238
-4642	-3040	-13858	308	-465	258	-20	84	-27	1789	8945	1789	70415238
-4641	-3096	-13842	299	-465	256	-19	85	-29	1790	8950	1790	70415238
-4697	-3157	-13874	289	-473	258	-20	81	-27	1791	8955	1791	70415238
-4711	-3238	-13909	283	-483	254	-21	79	-25	1792	8960	1792	70415269
-4723	-3256	-13897	268	-476	250	-24	89	-28	1793	8965	1793	70415279
-4728	-3232	-13871	266	-468	247	-25	91	-29	1794	8970	1794	70415279
-4731	-3210	-13844	264	-466	240	-21	82	-33	1795	8975	1795	70415279
-4721	-3248	-13902	261	-472	238	-20	80	-34	1796	8980	1796	70415279
-4697	-3205	-13832	248	-486	240	-25	85	-28	1797	8985	1797	70415279
-4674	-3155	-13847	234	-489	240	-26	86	-26	1798	8990	1798	70415279
-4667	-3132	-13749	231	-489	234	-22	87	-25	1799	8995	1799	70415286
-4704	-3126	-13712	236	-498	227	-21	87	-25	1800	9000	1800	70415315
-4636	-3172	-13732	283	-486	226	-20	80	-28	1801	9005	1801	70415315
-4630	-3190	-13752	338	-470	223	-20	80	-28	1802	9010	1802	70415316
-4682	-3184	-13828	378	-456	229	-22	84	-32	1803	9015	1803	70415316
-4660	-3298	-13894	378	-461	239	-22	84	-32	1804	9020	1804	70415316
-4640	-3176	-13892	360	-457	241	-24	78	-24	1805	9025	1805	70415316
-4626	-3220	-13974	335	-458	249	-24	78	-24	1806	9030	1806	70415317
-4568	-3138	-13924	300	-457	240	-24	80	-22	1807	9035	1807	70415331
-4640	-3140	-14118	265	-445	241	-24	80	-22	1808	9040	1808	70415354
-4632	-3105	-14024	243	-442	238	-22	84	-24	1809	9045	1809	70415354
-4658	-3050	-13977	223	-434	233	-23	84	-25	1810	9050	1810	70415354
-4658	-3080	-13980	220	-419	216	-27	83	-27	1811	9055	1811	70415354
-4722	-3006	-13942	209	-427	214	-27	83	-27	1812	9060	1812	70415354
-4636	-2974	-13888	203	-418	198	-24	82	-28	1813	9065	1813	70415354
-4648	-2928	-13838	210	-400	192	-24	82	-28	1814	9070	1814	70415354
-4634	-2954	-13884	234	-417	183	-24	74	-28	1815	9075	1815	70415367
-4586	-3022	-13756	260	-418	168	-24	74	-28	1816	9080	1816	70415391
-4583	-3080	-13858	305	-430	178	-24	86	-26	1817	9085	1817	70415391
-4640	-3098	-13886	343	-434	194	-24	86	-26	1818	9090	1818	70415391
-4658	-3076	-13853	371	-447	205	-22	84	-26	1819	9095	1819	70415391
-4676	-3092	-13912	387	-458	218	-22	84	-27	1820	9100	1820	70415391
-4717	-3092	-14011	370	-454	228	-21	83	-29	1821	9105	1821	70415392
-4700	-3097	-14022	350	-455	231	-20	83	-29	1822	9110	1822	70415394
-4698	-3118	-14016	319	-448	234	-17	83	-29	1823	9115	1823	70415409
-4664	-3123	-14014	278	-426	231	-18	84	-28	1824	9120	1824	70415428
-4668	-3110	-13975	253	-393	221	-24	86	-26	1825	9125	1825	70415429
-4598	-3095	-13872	243	-352	205	-22	84	-28	1826	9130	1826	70415429
-4571	-3046	-13795	257	-335	202	-19	81	-31	1827	9135	1827	70415429
-4576	-3030	-13758	275	-347	206	-22	83	-31	1828	9140	1828	70415429
-4600	-3094	-13788	284	-373	198	-26	86	-32	1829	9145	1829	70415429
-4581	-3172	-13779	272	-388	191	-24	84	-30	1830	9150	1830	70415445
-4522	-3222	-13743	250	-397	193	-21	81	-27	1831	9155	1831	70415469
-4506	-3233	-13788	250	-394	191	-24	82	-29	1832	9160	1832	70415469
-4504	-3225	-13832	275	-390	187	-28	84	-32	1833	9165	1833	70415469
-4501	-3241	-13842	317	-398	181	-24	80	-30	1834	9170	1834	70415469
-4500	-3239	-13896	346	-422	176	-22	78	-28	1835	9175	1835	70415469
-4492	-3179	-13914	353	-444	174	-23	79	-30	1836	9180	1836	70415469
-4504	-3167	-13915	347	-473	176	-23	79	-31	1837	9185	1837	70415474
-4524	-3150	-13901	335	-490	170	-23	83	-31	1838	9190	1838	70415494
-4560	-3143	-13907	311	-485	160	-23	85	-31	1839	9195	1839	70415507
-4587	-3152	-13846	286	-477	150	-25	81	-29	1840	9200	1840	70415507
-4569	-3153	-13832	260	-473	141	-26	78	-28	1841	9205	1841	70415507
-4556	-3155	-13824	244	-460	132	-25	80	-27	1842	9210	1842	70415507
-4518	-3198	-13847	249	-450	124	-25	81	-27	1843	9215	1843	70415508
-4602	-3190	-13832	269	-455	121	-26	87	-25	1844	9220	1844	70415508
-4576	-3191	-13874	272	-459	110	-26	88	-24	1845	9225	1845	70415522
-4577	-3198	-13800	267	-451	107	-23	86	-26	1846	9230	1846	70415544
-4534	-3186	-13832	274	-447	93	-22	86	-26	1847	9235	1847	70415549
-4527	-3238	-13843	292	-463	99	-21	90	-27	1848	9240	1848	70415549
-4523	-3178	-13770	326	-495	96	-21	91	-27	1849	9245	1849	70415549
-4480	-3230	-13872	356	-546	108	-26	82	-26	1850	9250	1850	70415549
-4518	-3174	-13850	356	-560	108	-26	82	-26	1851	9255	1851	70415549
-4544	-3178	-13840	319	-585	116	-25	79	-29	1852	9260	1852	70415549
-4558	-3164	-14034	278	-578	102	-25	79	-29	1853	9265	1853	70415552
-4596	-3220	-13920	241	-561	96	-22	84	-26	1854	9270	1854	70415581
-4596	-3152	-13860	234	-505	81	-22	84	-26	1855	9275	1855	70415582
-4532	-3182	-13810	226	-487	73	-22	82	-26	1856	9280	1856	70415582
-4552	-3092	-13862	222	-478	55	-22	82	-26	1857	9285	1857	70415582
-4556	-3104	-13834	227	-495	54	-24	82	-26	1858	9290	1858	70415582
-4498	-3178	-13776	224	-506	56	-24	82	-26	1859	9295	1859	70415583
-4524	-3148	-13886	208	-520	49	-23	83	-29	1860	9300	1860	70415583
-4546	-3096	-13812	228	-533	34	-23	83	-29	1861	9305	1861	70415619
-4470	-3116	-13734	257	-531	35	-23	77	-29	1862	9310	1862	70415619
-4610	-3124	-13868	281	-528	29	-23	77	-29	1863	9315	1863	70415619
-4620	-3092	-13852	299	-501	36	-19	85	-27	1864	9320	1864	70415619
-4616	-3094	-13932	289	-480	26	-19	85	-27	1865	9325	1865	70415619
-4518	-3150	-13890	260	-472	29	-27	81	-29	1866	9330	1866	70415619
-4553	-3133	-13919	223	-475	30	-27	81	-29	1867	9335	1867	70415622
-4556	-3072	-13910	210	-515	32	-26	80	-28	1868	9340	1868	70415644
-4594	-3130	-13874	188	-548	34	-25	81	-29	1869	9345	1869	70415677
-4538	-3092	-13838	184	-589	41	-23	85	-31	1870	9350	1870	70415677
-4629	-3092	-13884	172	-603	46	-24	84	-31	1871	9355	1871	70415677
-4581	-3159	-13849	181	-614	46	-27	79	-31	1872	9360	1872	70415677
-4573	-3155	-13857	180	-617	35	-27	80	-31	1873	9365	1873	70415678
-4610	-3202	-13811	191	-603	22	-26	82	-30	1874	9370	1874	70415678
-4595	-3165	-13835	216	-574	10	-26	83	-30	1875	9375	1875	70415692
-4634	-3201	-13839	238	-548	1	-26	84	-28	1876	9380	1876	70415737
-4636	-3172	-13900	255	-531	-7	-25	84	-27	1877	9385	1877	70415743
-4631	-3172	-13952	265	-522	-16	-23	83	-25	1878	9390	1878	70415743
-4596	-3206	-13913	250	-533	-18	-24	82	-26	1879	9395	1879	70415743
-4596	-3217	-13873	226	-551	-18	-26	80	-28	1880	9400	1880	70415743
-4588	-3189	-13865	204	-561	-22	-27	82	-28	1881	9405	1881	70415744
-4566	-3186	-13838	196	-559	-32	-28	86	-28	1882	9410	1882	70415748
-4648	-3237	-13831	204	-538	-32	-24	86	-29	1883	9415	1883	70415771
-4693	-3206	-13862	215	-504	-36	-19	85	-29	1884	9420	1884	70415787
-4649	-3152	-13804	225	-478	-37	-20	87	-28	1885	9425	1885	70415787
-4580	-3156	-13777	219	-485	-38	-20	88	-28	1886	9430	1886	70415787
-4548	-3182	-13858	208	-511	-35	-18	81	-25	1887	9435	1887	70415787
-4508	-3166	-13880	206	-549	-27	-17	77	-23	1888	9440	1888	70415787
-4535	-3160	-13828	218	-579	-26	-21	81	-22	1889	9445	1889	70415787
-4597	-3184	-13847	240	-582	-30	-23	83	-21	1890	9450	1890	70415787
-4573	-3185	-13920	244	-561	-38	-25	82	-24	1891	9455	1891	70415787
-4551	-3186	-13875	236	-536	-38	-26	82	-26	1892	9460	1892	70415787
-4560	-3142	-13892	228	-530	-51	-21	82	-29	1893	9465	1893	70415787
-4573	-3098	-13841	212	-550	-55	-20	82	-30	1894	9470	1894	70415788
-4546	-3136	-13773	192	-571	-48	-25	85	-30	1895	9475	1895	70415788
-4568	-3041	-13946	182	-577	-50	-26	86	-30	1896	9480	1896	70415794
-4550	-3136	-13893	175	-559	-55	-20	82	-28	1897	9485	1897	70415797
-4541	-3142	-13791	178	-556	-55	-19	81	-27	1898	9490	1898	70415797
-4610	-3138	-13799	181	-578	-49	-21	82	-28	1899	9495	1899	70415797
-4556	-3132	-13900	181	-614	-43	-22	82	-28	1900	9500	1900	70415807
-4572	-3104	-13752	179	-633	-40	-20	84	-30	1901	9505	1901	70415826
-4590	-3130	-13776	178	-636	-35	-20	84	-30	1902	9510	1902	70415826
-4654	-3100	-13814	185	-624	-33	-21	79	-23	1903	9515	1903	70415826
-4654	-3096	-13910	191	-605	-23	-21	79	-23	1904	9520	1904	70415827
-4634	-3054	-13954	217	-578	-14	-20	80	-30	1905	9525	1905	70415827
-4624	-3114	-13932	243	-583	-20	-20	80	-30	1906	9530	1906	70415827
-4631	-3106	-13957	246	-565	-26	-26	78	-28	1907	9535	1907	70415827
-4669	-3083	-13852	240	-547	-26	-27	77	-27	1908	9540	1908	70415827
-4602	-3072	-13904	220	-526	-28	-22	84	-26	1909	9545	1909	70415836
-4634	-3064	-13906	204	-509	-27	-22	84	-26	1910	9550	1910	70415876
-4638	-3024	-13832	175	-483	-25	-23	85	-27	1911	9555	1911	70415877
-4674	-3112	-13948	163	-464	-11	-23	85	-27	1912	9560	1912	70415877
-4596	-3076	-13920	158	-457	5	-26	80	-26	1913	9565	1913	70415877
-4596	-3094	-13798	165	-450	17	-26	80	-26	1914	9570	1914	70415878
-4682	-3108	-13790	182	-456	26	-19	77	-25	1915	9575	1915	70415878
-4628	-3126	-13816	196	-457	26	-19	77	-25	1916	9580	1916	70415878
-4581	-3090	-13884	225	-483	45	-26	80	-28	1917	9585	1917	70415883
-4618	-3096	-13869	238	-500	51	-25	80	-28	1918	9590	1918	70415902
-4637	-3118	-13879	250	-510	58	-20	80	-30	1919	9595	1919	70415902
-4584	-3073	-13886	253	-509	65	-22	80	-30	1920	9600	1920	70415903
-4572	-3057	-13839	259	-503	64	-32	78	-30	1921	9605	1921	70415903
-4560	-3042	-13885	260	-492	67	-30	79	-30	1922	9610	1922	70415903
-4596	-3067	-13879	239	-483	64	-23	83	-31	1923	9615	1923	70415903
-4530	-3092	-13841	238	-494	60	-23	83	-30	1924	9620	1924	70415907
-4555	-3138	-13857	223	-502	56	-24	82	-28	1925	9625	1925	70415929
-4569	-3114	-13818	215	-509	62	-24	83	-28	1926	9630	1926	70415956
-4556	-3111	-13877	220	-513	62	-25	85	-27	1927	9635	1927	70415958
