-12504	-10647	-4896	9	-123	-146	32	64	-48	681	3405	681	70409681
-12516	-10657	-4907	25	-99	-102	33	64	-49	682	3410	682	70409681
-12563	-10633	-4947	30	-63	-69	36	62	-52	683	3415	683	70409685
-12638	-10623	-4996	35	-34	-28	34	61	-52	684	3420	684	70409698
-12627	-10604	-5037	51	-19	5	32	60	-52	685	3425	685	70409711
-12644	-10627	-5050	67	1	25	30	57	-52	686	3430	686	70409711
-12652	-10632	-5144	78	11	52	27	53	-53	687	3435	687	70409711
-12642	-10623	-5184	89	8	78	27	54	-53	688	3440	688	70409711
-12668	-10651	-5153	98	-1	99	27	55	-53	689	3445	689	70409712
-12648	-10671	-5163	100	-10	125	29	56	-51	690	3450	690	70409712
-12661	-10657	-5127	93	-13	153	31	57	-49	691	3455	691	70409722
-12654	-10609	-5167	79	-16	172	28	58	-46	692	3460	692	70409737
-12596	-10585	-5224	70	-22	193	26	58	-44	693	3465	693	70409742
-12554	-10615	-5216	69	-23	207	32	59	-46	694	3470	694	70409742
-12545	-10608	-5172	69	-17	220	36	60	-48	695	3475	695	70409742
-12448	-10583	-5182	66	-13	236	33	59	-52	696	3480	696	70409742
-12416	-10597	-5165	54	-4	253	31	59	-55	697	3485	697	70409747
-12443	-10568	-5156	43	5	270	30	58	-54	698	3490	698	70409767
-12416	-10535	-5157	35	9	290	30	58	-54	699	3495	699	70409778
-12401	-10521	-5072	51	23	304	29	60	-50	700	3500	700	70409778
-12365	-10500	-5158	45	33	335	29	61	-49	701	3505	701	70409778
-12377	-10544	-5141	48	41	364	35	59	-51	702	3510	702	70409778
-12369	-10532	-5221	45	56	376	36	58	-52	703	3515	703	70409790
-12336	-10513	-5230	50	65	392	32	59	-53	704	3520	704	70409810
-12400	-10542	-5210	55	78	398	31	59	-53	705	3525	705	70409814
-12447	-10516	-5268	38	89	405	35	65	-52	706	3530	706	70409815
-12450	-10482	-5156	39	105	407	36	66	-52	707	3535	707	70409815
-12466	-10508	-5252	25	114	418	31	59	-63	708	3540	708	70409815
-12442	-10516	-5192	16	113	407	31	59	-63	709	3545	709	70409815
-12544	-10464	-5206	12	97	410	31	63	-53	710	3550	710	70409815
-12532	-10500	-5256	-6	100	402	31	63	-53	711	3555	711	70409831
-12578	-10432	-5218	-15	86	398	39	59	-53	712	3560	712	70409858
-12562	-10434	-5212	-29	54	393	39	59	-53	713	3565	713	70409859
-12596	-10448	-5244	-34	24	378	29	65	-53	714	3570	714	70409859
-12582	-10344	-5208	-44	-9	364	29	65	-53	715	3575	715	70409859
-12602	-10301	-5150	-54	-47	360	34	60	-48	716	3580	716	70409859
-12606	-10286	-5087	-53	-84	339	34	59	-50	717	3585	717	70409860
-12564	-10254	-5150	-60	-128	328	32	54	-60	718	3590	718	70409867
-12558	-10188	-5099	-70	-167	310	33	55	-59	719	3595	719	70409896
-12540	-10176	-5083	-84	-207	291	37	61	-55	720	3600	720	70409896
-12540	-10152	-5095	-97	-234	271	35	60	-56	721	3605	721	70409896
-12544	-10167	-5084	-86	-263	255	28	58	-60	722	3610	722	70409896
-12564	-10184	-5039	-88	-301	243	30	58	-59	723	3615	723	70409896
-12493	-10092	-5019	-69	-327	224	37	59	-55	724	3620	724	70409896
-12487	-10059	-5038	-43	-353	216	34	60	-55	725	3625	725	70409896
-12476	-10080	-5043	-20	-367	217	30	62	-54	726	3630	726	70409896
-12515	-10079	-5092	10	-380	215	32	61	-53	727	3635	727	70409906
-12534	-10085	-5089	44	-384	212	34	60	-52	728	3640	728	70409926
-12572	-10114	-5086	85	-377	209	32	61	-53	729	3645	729	70409933
-12582	-10142	-5108	119	-363	203	30	62	-54	730	3650	730	70409934
-12584	-10142	-5129	147	-339	190	32	63	-54	731	3655	731	70409934
-12597	-10132	-5127	169	-311	174	35	65	-53	732	3660	732	70409935
-12590	-10112	-5138	187	-292	155	34	61	-51	733	3665	733	70409935
-12625	-10084	-5150	201	-269	142	34	58	-50	734	3670	734	70409940
-12664	-10103	-5106	219	-245	138	35	56	-49	735	3675	735	70409960
-12648	-10147	-5067	232	-230	127	36	54	-48	736	3680	736	70409971
-12626	-10189	-5038	245	-222	124	34	55	-50	737	3685	737	70409971
-12645	-10201	-5082	246	-214	129	32	56	-52	738	3690	738	70409972
-12698	-10222	-5124	250	-207	131	34	60	-51	739	3695	739	70409972
-12690	-10282	-5100	244	-207	125	36	62	-50	740	3700	740	70409972
-12686	-10256	-5004	255	-221	114	32	66	-52	741	3705	741	70409972
-12696	-10312	-5036	251	-219	107	31	67	-53	742	3710	742	70409992
-12770	-10330	-5111	239	-211	114	27	61	-55	743	3715	743	70410006
-12702	-10333	-5086	224	-203	114	26	60	-56	744	3720	744	70410008
-12686	-10348	-5001	185	-197	114	28	64	-55	745	3725	745	70410008
-12630	-10363	-4985	158	-198	105	29	65	-55	746	3730	746	70410008
-12627	-10406	-5029	125	-196	94	35	65	-52	747	3735	747	70410008
-12601	-10398	-5019	88	-207	90	37	65	-51	748	3740	748	70410008
-12612	-10442	-5000	66	-221	102	33	59	-53	749	3745	749	70410017
-12530	-10380	-4936	46	-241	99	33	59	-53	750	3750	750	70410046
-12534	-10422	-5014	11	-266	106	36	68	-58	751	3755	751	70410046
-12572	-10442	-5044	-27	-285	109	36	68	-58	752	3760	752	70410046
-12560	-10456	-4934	-52	-308	116	28	56	-60	753	3765	753	70410046
-12514	-10406	-4952	-113	-330	116	28	56	-60	754	3770	754	70410047
-12482	-10458	-5062	-133	-334	108	37	65	-59	755	3775	755	70410047
-12476	-10400	-5052	-165	-333	108	37	65	-59	756	3780	756	70410047
-12480	-10400	-5008	-162	-321	96	33	61	-51	757	3785	757	70410064
-12535	-10399	-4970	-137	-315	91	34	61	-51	758	3790	758	70410101
-12507	-10385	-5010	-108	-299	78	39	63	-53	759	3795	759	70410101
-12484	-10366	-5041	-82	-269	69	38	62	-53	760	3800	760	70410101
-12505	-10444	-5078	-55	-240	56	33	59	-55	761	3805	761	70410101
-12522	-10452	-5075	-12	-213	43	34	58	-54	762	3810	762	70410101
-12544	-10425	-5065	26	-173	42	36	56	-52	763	3815	763	70410103
-12551	-10465	-5059	75	-136	35	35	57	-52	764	3820	764	70410115
-12524	-10518	-5023	125	-109	41	32	62	-50	765	3825	765	70410137
-12543	-10542	-5040	184	-92	49	35	62	-49	766	3830	766	70410137
-12559	-10606	-5029	219	-82	54	39	61	-47	767	3835	767	70410137
-12489	-10668	-5005	236	-69	62	36	63	-49	768	3840	768	70410137
-12417	-10703	-5036	246	-63	75	31	65	-53	769	3845	769	70410137
-12465	-10774	-5068	227	-58	85	32	63	-53	770	3850	770	70410138
-12459	-10798	-5038	192	-52	87	33	61	-53	771	3855	771	70410138
-12378	-10805	-5089	149	-57	90	33	60	-51	772	3860	772	70410138
-12389	-10860	-5110	84	-58	91	33	59	-49	773	3865	773	70410138
-12420	-10857	-5142	-5	-62	89	34	60	-51	774	3870	774	70410138
-12402	-10883	-5021	-94	-80	86	34	60	-52	775	3875	775	70410144
-12407	-10883	-5031	-158	-98	80	35	60	-51	776	3880	776	70410175
-12409	-10882	-5095	-231	-109	71	36	60	-50	777	3885	777	70410189
-12404	-10850	-5096	-313	-133	64	35	58	-49	778	3890	778	70410189
-12417	-10820	-5084	-394	-165	59	34	56	-48	779	3895	779	70410189
-12436	-10782	-5091	-442	-195	58	31	60	-49	780	3900	780	70410189
-12393	-10733	-5160	-501	-233	53	29	63	-49	781	3905	781	70410189
-12451	-10689	-5136	-533	-249	46	29	60	-49	782	3910	782	70410190
-12456	-10646	-5127	-548	-259	49	29	59	-49	783	3915	783	70410211
-12544	-10598	-5166	-571	-256	60	34	62	-52	784	3920	784	70410239
-12490	-10622	-5206	-583	-259	71	34	62	-52	785	3925	785	70410239
-12476	-10574	-5038	-573	-253	72	30	54	-60	786	3930	786	70410239
-12463	-10496	-5171	-575	-242	84	30	54	-60	787	3935	787	70410239
-12455	-10427	-5116	-562	-238	88	30	57	-54	788	3940	788	70410240
-12414	-10428	-5152	-541	-246	96	30	58	-52	789	3945	789	70410240
-12508	-10382	-5188	-508	-236	102	38	58	-50	790	3950	790	70410240
-12454	-10335	-5217	-458	-233	106	37	59	-50	791	3955	791	70410256
-12481	-10363	-5237	-420	-219	110	35	61	-49	792	3960	792	70410276
-12488	-10366	-5230	-387	-208	115	35	61	-49	793	3965	793	70410276
-12502	-10310	-5258	-331	-182	119	33	61	-55	794	3970	794	70410276
-12542	-10388	-5230	-301	-164	119	33	61	-55	795	3975	795	70410276
-12440	-10238	-5220	-278	-153	120	33	53	-47	796	3980	796	70410276
-12468	-10272	-5296	-243	-152	123	33	53	-47	797	3985	797	70410276
-12458	-10278	-5288	-213	-137	117	38	54	-50	798	3990	798	70410276
-12397	-10231	-5279	-174	-135	124	36	55	-50	799	3995	799	70410276
-12424	-10253	-5291	-147	-153	115	29	59	-51	800	4000	800	70410286
-12422	-10286	-5326	-131	-160	112	30	59	-51	801	4005	801	70410327
-12429	-10248	-5353	-120	-161	111	35	57	-51	802	4010	802	70410327
-12448	-10284	-5333	-111	-178	110	36	61	-49	803	4015	803	70410327
-12435	-10281	-5353	-90	-203	99	37	67	-47	804	4020	804	70410327
-12405	-10228	-5365	-83	-222	90	35	66	-47	805	4025	805	70410328
-12396	-10245	-5360	-59	-233	85	32	64	-48	806	4030	806	70410328
-12418	-10206	-5439	-48	-246	73	35	65	-50	807	4035	807	70410328
-12417	-10192	-5414	-31	-257	54	37	65	-51	808	4040	808	70410328
-12406	-10228	-5384	-9	-270	43	36	60	-52	809	4045	809	70410328
-12475	-10242	-5410	12	-289	33	36	56	-52	810	4050	810	70410349
-12448	-10232	-5388	22	-300	17	35	58	-51	811	4055	811	70410368
-12412	-10272	-5381	33	-306	1	34	60	-50	812	4060	812	70410373
-12403	-10288	-5342	40	-326	-4	33	62	-50	813	4065	813	70410373
-12391	-10243	-5310	53	-346	-17	32	64	-50	814	4070	814	70410373
-12419	-10236	-5302	64	-370	-26	31	56	-57	815	4075	815	70410373
-12450	-10292	-5333	75	-382	-36	31	53	-59	816	4080	816	70410374
-12427	-10282	-5320	79	-389	-42	28	61	-54	817	4085	817	70410374
-12423	-10228	-5338	96	-392	-41	27	63	-53	818	4090	818	70410374
-12459	-10275	-5315	103	-394	-41	34	62	-51	819	4095	819	70410379
-12454	-10340	-5273	116	-402	-46	36	62	-50	820	4100	820	70410386
-12495	-10309	-5227	131	-402	-49	37	60	-49	821	4105	821	70410405
-12472	-10312	-5274	134	-403	-48	37	59	-49	822	4110	822	70410410
-12462	-10292	-5310	164	-409	-49	33	65	-45	823	4115	823	70410410
-12484	-10408	-5262	191	-411	-61	32	66	-44	824	4120	824	70410410
-12462	-10372	-5206	196	-428	-47	33	59	-53	825	4125	825	70410410
-12472	-10392	-5300	209	-436	-51	33	59	-53	826	4130	826	70410410
-12494	-10384	-5246	209	-457	-49	35	57	-49	827	4135	827	70410410
-12522	-10412	-5208	193	-473	-50	35	57	-49	828	4140	828	70410410
-12594	-10460	-5190	192	-474	-50	34	56	-46	829	4145	829	70410410
-12534	-10404	-5220	167	-488	-56	34	56	-46	830	4150	830	70410441
-12526	-10380	-5228	157	-492	-56	32	60	-50	831	4155	831	70410452
-12444	-10478	-5172	132	-501	-56	32	60	-50	832	4160	832	70410452
-12477	-10439	-5183	105	-507	-59	30	60	-56	833	4165	833	70410452
-12518	-10421	-5259	67	-519	-62	29	59	-54	834	4170	834	70410453
-12511	-10487	-5199	31	-525	-56	26	56	-46	835	4175	835	70410457
-12512	-10453	-5079	14	-531	-56	27	57	-47	836	4180	836	70410473
-12510	-10447	-5129	-20	-544	-63	33	61	-53	837	4185	837	70410477
-12546	-10416	-5157	-56	-540	-70	32	60	-53	838	4190	838	70410489
-12547	-10456	-5145	-83	-546	-73	29	57	-53	839	4195	839	70410489
-12499	-10418	-5107	-95	-556	-78	29	56	-54	840	4200	840	70410489
-12543	-10401	-5155	-109	-556	-74	28	54	-58	841	4205	841	70410489
-12543	-10377	-5145	-115	-561	-71	31	57	-56	842	4210	842	70410490
-12568	-10410	-5139	-112	-566	-70	36	62	-54	843	4215	843	70410490
-12583	-10431	-5111	-111	-565	-67	34	61	-54	844	4220	844	70410490
-12597	-10452	-5091	-109	-571	-57	31	59	-53	845	4225	845	70410501
-12541	-10431	-5097	-101	-574	-47	31	62	-53	846	4230	846	70410524
-12521	-10408	-5107	-91	-566	-41	30	66	-52	847	4235	847	70410534
-12537	-10441	-5054	-89	-556	-37	32	65	-50	848	4240	848	70410535
-12511	-10472	-5053	-78	-546	-36	35	63	-47	849	4245	849	70410535
-12541	-10503	-5038	-67	-542	-28	34	59	-47	850	4250	850	70410536
-12507	-10456	-5043	-66	-536	-28	33	57	-47	851	4255	851	70410536
-12496	-10463	-5057	-65	-526	-26	34	59	-51	852	4260	852	70410536
-12481	-10456	-5043	-58	-514	-28	35	61	-53	853	4265	853	70410594
-12484	-10460	-5028	-62	-514	-28	35	61	-55	854	4270	854	70410632
-12536	-10496	-5004	-60	-516	-24	35	61	-57	855	4275	855	70410632
-12550	-10499	-5061	-57	-507	-24	32	62	-54	856	4280	856	70410633
-12511	-10524	-5014	-56	-502	-20	30	62	-52	857	4285	857	70410633
-12548	-10521	-4971	-42	-487	-12	34	60	-56	858	4290	858	70410633
-12562	-10550	-4978	-40	-485	-9	35	59	-57	859	4295	859	70410634
-12532	-10523	-4972	-35	-482	-8	36	61	-50	860	4300	860	70410639
-12462	-10496	-4978	-45	-479	-14	36	62	-48	861	4305	861	70410665
-12464	-10575	-5017	-46	-476	-17	33	57	-53	862	4310	862	70410671
-12554	-10585	-4972	-50	-465	-17	32	56	-54	863	4315	863	70410671
-12477	-10571	-4972	-61	-448	-27	30	58	-57	864	4320	864	70410672
-12495	-10603	-4994	-55	-433	-36	30	58	-58	865	4325	865	70410672
-12444	-10640	-4918	-58	-410	-36	32	64	-52	866	4330	866	70410672
-12488	-10602	-4994	-46	-402	-34	32	64	-52	867	4335	867	70410672
-12516	-10626	-5012	-49	-396	-25	34	62	-48	868	4340	868	70410672
-12460	-10588	-4996	-44	-407	-20	34	62	-48	869	4345	869	70410672
-12534	-10546	-5018	-56	-396	-7	27	61	-47	870	4350	870	70410672
-12484	-10620	-4970	-51	-373	3	27	61	-47	871	4355	871	70410672
-12462	-10560	-4988	-51	-375	1	33	59	-53	872	4360	872	70410672
-12516	-10610	-5034	-47	-369	12	33	59	-53	873	4365	873	70410672
-12522	-10549	-4931	-57	-354	24	37	61	-53	874	4370	874	70410679
-12516	-10576	-4988	-51	-345	33	36	60	-52	875	4375	875	70410679
-12525	-10613	-5040	-56	-336	32	31	55	-49	876	4380	876	70410679
-12492	-10618	-5058	-58	-321	37	31	55	-51	877	4385	877	70410679
-12484	-10551	-5025	-60	-309	41	32	54	-60	878	4390	878	70410684
