-3494	-4558	-13360	2912	-533	-1848	-42	60	-30	5599	27995	5599	70434286
-3550	-4136	-13660	3315	-775	-1405	-44	60	-30	5600	28000	5600	70434293
-3856	-3860	-13866	3315	-1064	-1045	-39	61	-27	5601	28005	5601	70434314
-4028	-3512	-14178	3081	-1409	-711	-39	61	-27	5602	28010	5602	70434314
-4292	-3180	-14294	2670	-1779	-425	-38	60	-30	5603	28015	5603	70434314
-4552	-2942	-14444	2119	-2132	-187	-38	60	-30	5604	28020	5604	70434314
-4792	-2780	-14494	1511	-2422	-29	-31	65	-23	5605	28025	5605	70434314
-4994	-2412	-14544	907	-2580	55	-31	65	-23	5606	28030	5606	70434314
-5002	-2382	-14542	381	-2592	40	-35	63	-27	5607	28035	5607	70434314
-5084	-2334	-14514	-76	-2484	-66	-35	63	-27	5608	28040	5608	70434325
-5224	-2284	-14325	-547	-2187	-336	-37	67	-23	5609	28045	5609	70434350
-5197	-2329	-14217	-809	-1823	-603	-38	66	-24	5610	28050	5610	70434350
-5100	-2354	-14078	-990	-1381	-890	-40	64	-30	5611	28055	5611	70434350
-4979	-2374	-13903	-1084	-902	-1203	-39	64	-30	5612	28060	5612	70434350
-4680	-2516	-13841	-1063	-446	-1478	-35	63	-31	5613	28065	5613	70434350
-4479	-2556	-13836	-961	-74	-1729	-36	63	-31	5614	28070	5614	70434350
-4270	-2759	-13848	-834	192	-1911	-41	63	-31	5615	28075	5615	70434360
-4035	-2978	-13930	-689	326	-2002	-41	65	-31	5616	28080	5616	70434402
-3798	-3192	-14042	-551	322	-1976	-39	71	-29	5617	28085	5617	70434402
-3624	-3306	-14194	-466	228	-1859	-39	67	-29	5618	28090	5618	70434403
-3557	-3432	-14382	-399	77	-1685	-38	60	-30	5619	28095	5619	70434403
-3629	-3585	-14494	-340	-104	-1472	-36	60	-29	5620	28100	5620	70434403
-3705	-3661	-14581	-279	-259	-1241	-34	60	-28	5621	28105	5621	70434407
-3724	-3705	-14680	-204	-368	-986	-34	61	-29	5622	28110	5622	70434424
-3720	-3767	-14760	-89	-458	-713	-34	62	-30	5623	28115	5623	70434441
-3733	-3820	-14807	70	-554	-438	-36	60	-30	5624	28120	5624	70434441
-3790	-3886	-14736	288	-685	-150	-40	58	-30	5625	28125	5625	70434441
-3756	-3936	-14521	524	-831	109	-38	63	-26	5626	28130	5626	70434441
-3704	-3949	-14359	706	-960	292	-37	67	-23	5627	28135	5627	70434441
-3666	-3920	-14150	857	-1098	429	-37	66	-23	5628	28140	5628	70434441
-3648	-3909	-13900	978	-1240	524	-37	65	-23	5629	28145	5629	70434441
-3630	-3979	-13733	1022	-1317	564	-35	66	-23	5630	28150	5630	70434441
-3640	-4066	-13566	972	-1315	541	-32	68	-22	5631	28155	5631	70434442
-3616	-4158	-13393	846	-1248	476	-33	66	-22	5632	28160	5632	70434452
-3593	-4202	-13297	654	-1129	371	-34	62	-22	5633	28165	5633	70434472
-3618	-4208	-13224	450	-1013	236	-37	63	-24	5634	28170	5634	70434476
-3692	-4299	-13308	308	-912	107	-39	63	-25	5635	28175	5635	70434476
-3818	-4331	-13424	206	-817	-30	-37	63	-24	5636	28180	5636	70434477
-3913	-4338	-13506	108	-719	-146	-35	63	-23	5637	28185	5637	70434477
-3927	-4284	-13537	26	-651	-233	-37	63	-25	5638	28190	5638	70434477
-3976	-4244	-13596	-8	-630	-289	-39	63	-27	5639	28195	5639	70434494
-4057	-4264	-13616	-10	-638	-315	-35	67	-28	5640	28200	5640	70434512
-4036	-4302	-13654	28	-663	-310	-33	69	-29	5641	28205	5641	70434517
-4055	-4233	-13684	93	-689	-277	-37	67	-27	5642	28210	5642	70434517
-4058	-4188	-13640	150	-716	-217	-38	66	-26	5643	28215	5643	70434517
-4068	-4098	-13681	179	-757	-150	-36	66	-23	5644	28220	5644	70434517
-4131	-4022	-13742	197	-791	-78	-36	66	-22	5645	28225	5645	70434517
-4204	-3982	-13748	181	-816	11	-36	64	-25	5646	28230	5646	70434517
-4210	-3922	-13728	134	-829	100	-36	64	-26	5647	28235	5647	70434550
-4258	-3802	-13778	108	-833	180	-38	59	-28	5648	28240	5648	70434558
-4289	-3696	-13870	134	-821	254	-38	58	-28	5649	28245	5649	70434558
-4402	-3558	-13928	241	-752	334	-37	73	-23	5650	28250	5650	70434558
-4364	-3540	-13890	339	-652	391	-37	73	-23	5651	28255	5651	70434558
-4290	-3448	-14020	444	-590	428	-31	69	-29	5652	28260	5652	70434558
-4252	-3406	-14082	498	-561	449	-31	69	-29	5653	28265	5653	70434558
-4148	-3290	-14100	513	-554	462	-33	63	-25	5654	28270	5654	70434558
-4190	-3230	-14216	504	-557	463	-33	63	-25	5655	28275	5655	70434564
-4136	-3182	-14180	495	-580	446	-34	68	-24	5656	28280	5656	70434596
-4066	-3132	-14142	479	-590	444	-34	68	-24	5657	28285	5657	70434596
-4012	-3058	-14106	450	-626	424	-39	61	-27	5658	28290	5658	70434596
-3978	-3136	-14190	433	-661	416	-38	61	-27	5659	28295	5659	70434596
-4035	-3097	-14156	392	-666	414	-35	61	-25	5660	28300	5660	70434596
-4002	-3150	-14063	337	-622	397	-35	61	-25	5661	28305	5661	70434597
-3903	-3218	-14047	250	-580	391	-37	63	-23	5662	28310	5662	70434604
-3945	-3221	-14124	194	-560	393	-37	63	-24	5663	28315	5663	70434634
-3938	-3274	-13971	145	-548	392	-39	65	-27	5664	28320	5664	70434634
-3961	-3306	-13885	117	-545	394	-39	64	-27	5665	28325	5665	70434634
-3965	-3451	-13885	95	-557	416	-39	59	-27	5666	28330	5666	70434634
-3991	-3523	-13812	73	-604	439	-38	62	-24	5667	28335	5667	70434634
-3978	-3632	-13803	75	-632	448	-36	66	-20	5668	28340	5668	70434634
-3997	-3721	-13774	101	-642	454	-37	66	-22	5669	28345	5669	70434638
-4068	-3796	-13856	137	-617	457	-38	66	-24	5670	28350	5670	70434661
-4118	-3821	-13905	177	-563	453	-40	62	-27	5671	28355	5671	70434689
-4128	-3847	-13871	199	-523	452	-44	56	-32	5672	28360	5672	70434689
-4091	-3879	-13897	218	-527	456	-43	58	-29	5673	28365	5673	70434689
-4086	-3895	-13874	248	-556	467	-41	61	-25	5674	28370	5674	70434689
-4091	-3902	-13857	281	-587	476	-43	63	-25	5675	28375	5675	70434689
-4126	-3931	-13865	337	-601	477	-44	64	-24	5676	28380	5676	70434690
-4156	-3964	-13790	392	-602	477	-39	64	-23	5677	28385	5677	70434690
-4190	-3988	-13707	427	-599	476	-36	64	-22	5678	28390	5678	70434706
-4212	-3987	-13678	445	-595	476	-36	65	-22	5679	28395	5679	70434725
-4199	-3919	-13657	454	-596	482	-35	67	-21	5680	28400	5680	70434730
-4194	-3826	-13616	461	-592	486	-37	67	-20	5681	28405	5681	70434731
-4226	-3805	-13677	463	-572	485	-40	66	-18	5682	28410	5682	70434731
-4201	-3738	-13690	469	-551	481	-42	63	-24	5683	28415	5683	70434731
-4212	-3700	-13720	468	-544	472	-44	60	-30	5684	28420	5684	70434732
-4236	-3669	-13808	454	-544	479	-42	61	-27	5685	28425	5685	70434737
-4256	-3602	-13860	423	-548	500	-41	61	-25	5686	28430	5686	70434760
-4302	-3604	-13948	371	-541	507	-40	62	-26	5687	28435	5687	70434789
-4283	-3681	-14100	305	-507	506	-40	62	-26	5688	28440	5688	70434800
-4249	-3661	-14108	230	-456	505	-38	63	-28	5689	28445	5689	70434801
-4257	-3606	-14088	174	-412	496	-36	64	-30	5690	28450	5690	70434801
-4253	-3587	-14070	165	-387	478	-36	63	-28	5691	28455	5691	70434801
-4235	-3594	-14049	189	-404	481	-36	62	-26	5692	28460	5692	70434801
-4163	-3500	-13886	232	-449	490	-34	60	-23	5693	28465	5693	70434802
-4159	-3530	-13820	303	-524	512	-34	60	-22	5694	28470	5694	70434802
-4180	-3538	-13788	348	-581	526	-40	58	-28	5695	28475	5695	70434802
-4165	-3512	-13870	357	-596	526	-41	57	-29	5696	28480	5696	70434802
-4138	-3503	-13921	350	-573	538	-39	58	-23	5697	28485	5697	70434802
-4114	-3593	-13926	356	-549	539	-38	58	-22	5698	28490	5698	70434808
-4161	-3629	-13915	340	-554	543	-40	61	-25	5699	28495	5699	70434809
-4180	-3610	-13982	298	-527	553	-40	62	-26	5700	28500	5700	70434809
-4170	-3606	-14012	277	-525	563	-49	59	-29	5701	28505	5701	70434809
-4162	-3718	-13992	294	-520	561	-49	59	-29	5702	28510	5702	70434809
-4176	-3588	-13920	314	-503	558	-39	65	-25	5703	28515	5703	70434809
-4140	-3598	-13908	340	-528	559	-39	65	-25	5704	28520	5704	70434810
-4146	-3626	-13958	333	-556	541	-38	60	-24	5705	28525	5705	70434810
-4234	-3628	-13872	318	-582	551	-38	60	-24	5706	28530	5706	70434818
-4288	-3610	-13888	332	-592	543	-41	65	-23	5707	28535	5707	70434845
-4282	-3598	-13990	349	-590	536	-41	65	-23	5708	28540	5708	70434845
-4320	-3592	-13924	390	-558	537	-39	63	-27	5709	28545	5709	70434845
-4302	-3594	-13828	401	-513	531	-39	62	-27	5710	28550	5710	70434845
-4267	-3534	-13809	376	-478	524	-39	59	-25	5711	28555	5711	70434845
-4256	-3565	-13746	336	-456	521	-40	60	-25	5712	28560	5712	70434846
-4246	-3648	-13676	309	-448	510	-45	65	-27	5713	28565	5713	70434864
-4209	-3654	-13728	285	-448	490	-43	64	-26	5714	28570	5714	70434938
-4349	-3670	-13897	249	-449	491	-35	59	-23	5715	28575	5715	70434938
-4354	-3629	-13943	220	-425	489	-37	60	-24	5716	28580	5716	70434938
-4345	-3638	-13901	211	-412	483	-42	62	-28	5717	28585	5717	70434938
-4330	-3656	-13875	224	-413	476	-40	62	-27	5718	28590	5718	70434938
-4332	-3650	-13878	263	-425	477	-36	62	-26	5719	28595	5719	70434938
-4336	-3653	-13905	315	-426	476	-40	62	-26	5720	28600	5720	70434942
-4319	-3697	-13904	350	-425	473	-46	62	-26	5721	28605	5721	70434959
-4265	-3700	-13907	378	-420	467	-43	59	-26	5722	28610	5722	70434976
-4213	-3693	-13834	399	-423	459	-39	55	-25	5723	28615	5723	70434976
-4227	-3690	-13836	393	-455	454	-38	56	-26	5724	28620	5724	70434977
-4234	-3715	-13896	356	-491	449	-37	57	-27	5725	28625	5725	70434977
-4262	-3678	-13888	294	-501	443	-41	62	-26	5726	28630	5726	70434977
-4228	-3702	-13802	244	-488	433	-44	66	-26	5727	28635	5727	70434978
-4185	-3708	-13787	209	-470	423	-42	64	-28	5728	28640	5728	70434978
-4216	-3730	-13879	170	-452	422	-41	63	-29	5729	28645	5729	70434978
-4216	-3764	-13864	143	-442	416	-39	63	-27	5730	28650	5730	70434979
-4220	-3755	-13828	131	-437	410	-37	63	-25	5731	28655	5731	70434979
-4216	-3721	-13841	128	-427	408	-37	63	-26	5732	28660	5732	70434979
-4207	-3724	-13847	135	-411	408	-37	63	-27	5733	28665	5733	70434980
-4218	-3749	-13816	136	-409	410	-38	62	-28	5734	28670	5734	70434984
-4215	-3760	-13819	131	-416	412	-38	62	-28	5735	28675	5735	70434988
-4196	-3729	-13866	136	-428	413	-37	60	-26	5736	28680	5736	70434988
-4154	-3718	-13833	149	-445	415	-36	58	-24	5737	28685	5737	70434990
-4161	-3736	-13841	173	-445	414	-38	60	-23	5738	28690	5738	70434996
-4198	-3755	-13954	205	-428	400	-39	61	-23	5739	28695	5739	70435000
-4226	-3757	-13964	244	-410	378	-42	62	-25	5740	28700	5740	70435001
