-9064	-2492	-11184	-1653	-864	-1476	-542	-6	-232	8605	43025	8605	70449326
-9106	-2525	-11391	-1788	-823	-1605	-544	-9	-229	8606	43030	8606	70449346
-9160	-2557	-11628	-1934	-700	-1703	-545	-11	-227	8607	43035	8607	70449358
-9193	-2561	-11923	-2114	-459	-1782	-537	-12	-228	8608	43040	8608	70449358
-9120	-2472	-12095	-2276	-194	-1826	-534	-12	-228	8609	43045	8609	70449358
-9153	-2453	-12240	-2401	46	-1831	-536	-8	-229	8610	43050	8610	70449358
-9118	-2384	-12416	-2502	256	-1818	-537	-7	-229	8611	43055	8611	70449358
-9090	-2395	-12513	-2578	414	-1774	-539	-10	-227	8612	43060	8612	70449358
-9046	-2344	-12603	-2634	513	-1706	-539	-11	-227	8613	43065	8613	70449358
-9015	-2276	-12731	-2657	569	-1632	-536	-6	-229	8614	43070	8614	70449365
-9032	-2212	-12809	-2657	599	-1545	-535	-5	-229	8615	43075	8615	70449388
-9024	-2173	-12860	-2643	590	-1453	-537	-6	-227	8616	43080	8616	70449393
-9122	-2224	-13062	-2611	582	-1357	-538	-6	-226	8617	43085	8617	70449393
-9128	-2324	-13214	-2577	591	-1284	-540	-10	-232	8618	43090	8618	70449393
-9152	-2362	-13246	-2534	613	-1225	-540	-10	-232	8619	43095	8619	70449393
-9265	-2425	-13259	-2494	655	-1208	-537	-12	-227	8620	43100	8620	70449393
-9347	-2499	-13396	-2448	718	-1192	-536	-12	-226	8621	43105	8621	70449393
-9357	-2624	-13334	-2389	768	-1194	-538	-8	-228	8622	43110	8622	70449423
-9374	-2671	-13256	-2323	817	-1219	-539	-7	-229	8623	43115	8623	70449430
-9461	-2790	-13263	-2267	834	-1251	-540	-5	-230	8624	43120	8624	70449430
-9522	-2940	-13212	-2207	824	-1306	-540	-4	-230	8625	43125	8625	70449430
-9514	-3030	-13126	-2150	798	-1372	-535	-11	-223	8626	43130	8626	70449430
-9488	-3130	-13070	-2101	755	-1415	-535	-11	-223	8627	43135	8627	70449430
-9498	-3140	-12978	-2073	707	-1457	-532	-14	-232	8628	43140	8628	70449439
-9418	-3124	-12848	-2033	658	-1491	-532	-14	-232	8629	43145	8629	70449468
-9392	-3196	-12766	-2014	646	-1511	-535	-9	-229	8630	43150	8630	70449470
-9418	-3212	-12800	-2000	657	-1522	-535	-9	-229	8631	43155	8631	70449471
-9354	-3168	-12810	-2004	701	-1500	-535	-5	-227	8632	43160	8632	70449471
-9322	-3086	-12778	-2022	780	-1446	-535	-5	-227	8633	43165	8633	70449472
-9341	-3027	-12772	-2053	926	-1363	-535	-11	-229	8634	43170	8634	70449472
-9308	-2932	-12754	-2092	1057	-1275	-535	-11	-230	8635	43175	8635	70449473
-9255	-2820	-12783	-2140	1187	-1164	-536	-10	-232	8636	43180	8636	70449483
-9242	-2754	-12828	-2190	1334	-1058	-538	-10	-232	8637	43185	8637	70449505
-9147	-2650	-12850	-2255	1462	-965	-545	-11	-231	8638	43190	8638	70449505
-9060	-2598	-12884	-2331	1534	-868	-544	-12	-231	8639	43195	8639	70449505
-9027	-2495	-12807	-2409	1570	-784	-540	-14	-232	8640	43200	8640	70449505
-8910	-2469	-12804	-2492	1553	-695	-539	-12	-230	8641	43205	8641	70449505
-8859	-2334	-12737	-2594	1484	-609	-534	-6	-224	8642	43210	8642	70449505
-8821	-2235	-12807	-2680	1385	-565	-534	-8	-224	8643	43215	8643	70449518
-8792	-2176	-12715	-2747	1252	-543	-533	-11	-225	8644	43220	8644	70449543
-8710	-2156	-12674	-2815	1070	-508	-534	-11	-226	8645	43225	8645	70449543
-8644	-2108	-12770	-2879	889	-488	-536	-10	-228	8646	43230	8646	70449543
-8622	-2077	-12698	-2924	707	-493	-535	-11	-228	8647	43235	8647	70449543
-8574	-2042	-12654	-2948	516	-511	-533	-13	-229	8648	43240	8648	70449543
-8608	-2036	-12598	-2947	345	-532	-534	-12	-229	8649	43245	8649	70449543
-8576	-1986	-12572	-2929	197	-558	-538	-8	-228	8650	43250	8650	70449547
-8610	-1950	-12566	-2896	88	-577	-539	-8	-230	8651	43255	8651	70449566
-8625	-1976	-12552	-2847	12	-587	-540	-8	-232	8652	43260	8652	70449587
-8695	-1958	-12528	-2785	-42	-599	-540	-7	-233	8653	43265	8653	70449587
-8723	-1934	-12579	-2720	-77	-611	-540	-6	-234	8654	43270	8654	70449588
-8725	-1904	-12650	-2656	-79	-617	-537	-6	-231	8655	43275	8655	70449588
-8789	-1902	-12731	-2607	-53	-607	-533	-7	-227	8656	43280	8656	70449588
-8868	-1914	-12822	-2572	-8	-597	-536	-6	-228	8657	43285	8657	70449589
-8946	-1886	-12835	-2539	51	-584	-540	-4	-230	8658	43290	8658	70449605
-9047	-1859	-12871	-2521	121	-556	-541	-9	-228	8659	43295	8659	70449621
-9112	-1865	-12934	-2513	208	-527	-541	-13	-227	8660	43300	8660	70449621
-9131	-1835	-12987	-2517	305	-497	-541	-13	-227	8661	43305	8661	70449621
-9136	-1841	-12992	-2532	389	-454	-541	-13	-227	8662	43310	8662	70449621
-9174	-1845	-12968	-2544	461	-410	-540	-9	-228	8663	43315	8663	70449621
-9188	-1813	-12977	-2548	521	-369	-539	-7	-229	8664	43320	8664	70449622
-9105	-1795	-12960	-2543	560	-331	-538	-10	-227	8665	43325	8665	70449627
-9046	-1790	-12975	-2531	565	-291	-538	-12	-226	8666	43330	8666	70449647
-9007	-1793	-12936	-2512	525	-237	-540	-11	-228	8667	43335	8667	70449659
-8989	-1795	-12946	-2484	471	-196	-541	-11	-229	8668	43340	8668	70449659
-8994	-1788	-12931	-2447	398	-165	-539	-12	-227	8669	43345	8669	70449659
-8992	-1848	-12923	-2401	302	-132	-538	-12	-226	8670	43350	8670	70449659
-9006	-1876	-12891	-2353	220	-107	-536	-8	-227	8671	43355	8671	70449659
-9076	-1846	-12852	-2312	157	-89	-535	-5	-227	8672	43360	8672	70449659
-9052	-1868	-12838	-2272	116	-68	-536	-7	-225	8673	43365	8673	70449659
-8987	-1904	-12842	-2233	102	-62	-537	-9	-223	8674	43370	8674	70449664
-8984	-1941	-12889	-2202	116	-55	-536	-10	-227	8675	43375	8675	70449690
-8927	-1918	-12900	-2193	179	-42	-536	-10	-228	8676	43380	8676	70449698
-8848	-1910	-12860	-2191	256	-46	-543	-16	-226	8677	43385	8677	70449698
-8834	-1902	-12778	-2198	321	-47	-545	-17	-225	8678	43390	8678	70449698
-8781	-1918	-12757	-2210	372	-38	-535	-12	-225	8679	43395	8679	70449698
-8752	-1874	-12745	-2206	397	-34	-533	-11	-225	8680	43400	8680	70449698
-8766	-1883	-12716	-2206	392	-16	-538	-13	-228	8681	43405	8681	70449706
-8741	-1944	-12745	-2204	346	2	-539	-13	-229	8682	43410	8682	70449729
-8760	-1910	-12862	-2218	269	18	-533	-11	-229	8683	43415	8683	70449734
-8830	-1876	-12896	-2225	208	34	-533	-11	-229	8684	43420	8684	70449734
-8866	-1872	-12858	-2238	199	36	-541	-9	-227	8685	43425	8685	70449734
-8932	-1912	-12878	-2259	214	26	-541	-9	-227	8686	43430	8686	70449734
-9012	-1886	-12880	-2282	270	27	-533	-7	-229	8687	43435	8687	70449734
-9060	-1816	-12902	-2315	354	-9	-533	-7	-229	8688	43440	8688	70449735
-9046	-1796	-12862	-2333	457	-29	-536	-8	-232	8689	43445	8689	70449735
-8990	-1762	-12846	-2366	544	-63	-536	-8	-232	8690	43450	8690	70449772
-8978	-1784	-12782	-2378	633	-61	-541	-7	-225	8691	43455	8691	70449772
-8992	-1708	-12818	-2393	684	-92	-541	-7	-225	8692	43460	8692	70449772
-9006	-1736	-12714	-2400	736	-87	-543	-7	-231	8693	43465	8693	70449772
-9010	-1636	-12720	-2394	767	-84	-543	-7	-231	8694	43470	8694	70449773
-8964	-1676	-12824	-2386	779	-83	-537	-11	-225	8695	43475	8695	70449773
-9006	-1628	-12784	-2344	769	-79	-537	-11	-225	8696	43480	8696	70449773
-9020	-1604	-12810	-2296	737	-42	-537	-15	-231	8697	43485	8697	70449781
-8976	-1524	-12758	-2233	690	-8	-537	-15	-231	8698	43490	8698	70449808
-8958	-1592	-12878	-2167	609	13	-540	-8	-230	8699	43495	8699	70449810
-8999	-1560	-12837	-2072	512	74	-539	-9	-230	8700	43500	8700	70449810
-9000	-1586	-12914	-1998	415	113	-537	-11	-229	8701	43505	8701	70449811
-8996	-1566	-12951	-1942	337	148	-537	-10	-229	8702	43510	8702	70449812
-8923	-1558	-12943	-1889	254	186	-538	-4	-230	8703	43515	8703	70449812
-8916	-1616	-12916	-1841	184	206	-537	-4	-229	8704	43520	8704	70449818
-8900	-1631	-12881	-1795	114	231	-534	-2	-226	8705	43525	8705	70449838
-8879	-1626	-12975	-1770	76	252	-536	-4	-227	8706	43530	8706	70449838
-8810	-1604	-12921	-1742	40	264	-542	-12	-232	8707	43535	8707	70449838
-8866	-1638	-12893	-1714	18	276	-541	-10	-231	8708	43540	8708	70449838
-8859	-1655	-12858	-1705	5	285	-537	-3	-229	8709	43545	8709	70449838
-8846	-1687	-12930	-1700	-11	283	-538	-4	-229	8710	43550	8710	70449838
-8830	-1730	-12966	-1700	-30	280	-540	-6	-230	8711	43555	8711	70449842
-8852	-1747	-12910	-1698	-51	287	-540	-8	-231	8712	43560	8712	70449859
-8812	-1747	-12882	-1696	-65	296	-540	-12	-232	8713	43565	8713	70449875
-8810	-1758	-12851	-1707	-91	305	-540	-12	-230	8714	43570	8714	70449875
-8833	-1779	-12848	-1717	-112	309	-541	-13	-227	8715	43575	8715	70449875
-8884	-1800	-12883	-1727	-125	313	-540	-12	-227	8716	43580	8716	70449875
-8900	-1827	-12891	-1735	-135	326	-537	-9	-227	8717	43585	8717	70449879
-8937	-1785	-12904	-1744	-141	334	-539	-8	-227	8718	43590	8718	70449899
-9010	-1734	-12898	-1755	-131	331	-541	-7	-227	8719	43595	8719	70449921
-9031	-1766	-12894	-1766	-115	337	-540	-9	-228	8720	43600	8720	70449922
-9018	-1756	-12836	-1773	-103	347	-539	-11	-229	8721	43605	8721	70449922
-9028	-1676	-12817	-1781	-81	356	-538	-9	-228	8722	43610	8722	70449922
-9056	-1684	-12707	-1788	-54	363	-537	-7	-227	8723	43615	8723	70449923
-9046	-1737	-12630	-1790	-30	369	-538	-7	-227	8724	43620	8724	70449923
-9048	-1696	-12655	-1781	-12	373	-540	-6	-228	8725	43625	8725	70449930
-9048	-1736	-12653	-1768	-7	385	-540	-8	-228	8726	43630	8726	70449942
-9012	-1756	-12668	-1745	3	386	-540	-10	-228	8727	43635	8727	70449946
-9012	-1702	-12673	-1720	9	401	-537	-9	-226	8728	43640	8728	70449947
-9007	-1748	-12688	-1696	-4	415	-535	-9	-225	8729	43645	8729	70449947
-9018	-1828	-12709	-1663	-40	423	-536	-8	-227	8730	43650	8730	70449947
-9049	-1838	-12737	-1623	-89	442	-537	-7	-229	8731	43655	8731	70449947
-9099	-1824	-12767	-1592	-143	444	-535	-9	-231	8732	43660	8732	70449947
-9141	-1877	-12788	-1564	-195	424	-533	-11	-233	8733	43665	8733	70449976
-9117	-1880	-12824	-1540	-231	429	-537	-10	-227	8734	43670	8734	70449986
-9142	-1898	-12755	-1520	-255	407	-538	-10	-226	8735	43675	8735	70449987
-9126	-1912	-12723	-1508	-245	373	-540	-13	-229	8736	43680	8736	70449987
-9112	-1965	-12752	-1508	-218	344	-540	-14	-230	8737	43685	8737	70449988
-9088	-2026	-12717	-1525	-166	308	-539	-10	-231	8738	43690	8738	70449988
-9101	-2022	-12797	-1550	-134	281	-539	-9	-231	8739	43695	8739	70449997
-9080	-2016	-12772	-1574	-107	256	-541	-11	-230	8740	43700	8740	70450013
-9053	-2020	-12715	-1604	-82	220	-542	-12	-230	8741	43705	8741	70450021
-9024	-2018	-12755	-1643	-77	191	-539	-11	-229	8742	43710	8742	70450022
-9037	-2051	-12821	-1673	-103	170	-538	-10	-228	8743	43715	8743	70450022
-9056	-2097	-12816	-1700	-130	153	-537	-12	-226	8744	43720	8744	70450022
-9018	-2047	-12764	-1723	-163	152	-537	-13	-225	8745	43725	8745	70450022
-9046	-2091	-12781	-1743	-196	158	-538	-11	-224	8746	43730	8746	70450022
