28	-2860	-14607	9884	110	2769	-31	37	-43	10280	51400	10280	70457701
-162	-3226	-13963	8736	197	2743	-29	36	-44	10281	51405	10281	70457717
-300	-3462	-13307	7615	383	2785	-25	35	-45	10282	51410	10282	70457735
-364	-3591	-12831	6912	717	2901	-28	33	-46	10283	51415	10283	70457736
-347	-3813	-12700	6991	1068	3127	-30	30	-46	10284	51420	10284	70457736
-246	-4113	-12826	7492	1378	3408	-23	32	-45	10285	51425	10285	70457736
-42	-4456	-13170	8022	1644	3692	-18	34	-44	10286	51430	10286	70457737
181	-4870	-13573	8353	1834	3911	-21	30	-43	10287	51435	10287	70457737
368	-5210	-13842	8483	1857	4074	-23	27	-43	10288	51440	10288	70457737
394	-5274	-14004	8632	1672	4245	-24	30	-42	10289	51445	10289	70457738
187	-5306	-13904	8965	1397	4416	-24	32	-42	10290	51450	10290	70457738
-194	-5683	-13527	9392	1210	4545	-20	28	-44	10291	51455	10291	70457759
-631	-6410	-13043	9544	1244	4625	-17	25	-45	10292	51460	10292	70457773
-956	-7196	-12604	8941	1498	4668	-19	30	-45	10293	51465	10293	70457774
-1070	-7771	-12546	7928	1775	4780	-19	31	-45	10294	51470	10294	70457774
-858	-8137	-12426	6946	1924	4852	-11	29	-45	10295	51475	10295	70457774
-479	-8442	-12581	6293	1867	4893	-9	29	-45	10296	51480	10296	70457774
-254	-8793	-12884	5892	1676	4852	-14	31	-47	10297	51485	10297	70457775
-173	-9170	-13124	5743	1477	4760	-15	31	-47	10298	51490	10298	70457775
-44	-9344	-13261	6001	1442	4715	-15	33	-44	10299	51495	10299	70457798
52	-9188	-13310	6899	1640	4576	-15	33	-43	10300	51500	10300	70457811
252	-8980	-13144	8171	1830	4454	-13	27	-51	10301	51505	10301	70457811
406	-9104	-13480	9272	2011	4353	-13	27	-51	10302	51510	10302	70457812
378	-9112	-14006	9665	2249	4203	-8	26	-52	10303	51515	10303	70457812
420	-9114	-14512	9417	2483	4078	-8	26	-52	10304	51520	10304	70457812
452	-9060	-14824	8596	2569	3861	-10	30	-46	10305	51525	10305	70457812
406	-9022	-14438	7352	2611	3574	-10	30	-46	10306	51530	10306	70457813
280	-8940	-13514	5917	2702	3201	-9	29	-49	10307	51535	10307	70457837
130	-8962	-12540	4633	2854	2797	-9	29	-49	10308	51540	10308	70457847
244	-8975	-11710	3722	3117	2308	-11	31	-53	10309	51545	10309	70457847
394	-9161	-11101	3518	3393	1936	-9	29	-53	10310	51550	10310	70457847
771	-9388	-10444	3828	3575	1602	-3	23	-51	10311	51555	10311	70457847
1197	-9608	-9824	4498	3525	1301	-4	23	-50	10312	51560	10312	70457847
1489	-9889	-9551	5302	3152	1051	-9	25	-47	10313	51565	10313	70457849
1676	-10167	-10044	5969	2596	833	-9	24	-48	10314	51570	10314	70457863
1688	-10511	-10543	6293	2162	588	-9	19	-51	10315	51575	10315	70457887
1821	-10748	-10683	6212	1998	255	-8	18	-50	10316	51580	10316	70457887
2098	-10881	-10556	5785	1972	-145	-5	15	-47	10317	51585	10317	70457887
2268	-10934	-10508	5167	1870	-482	-4	15	-48	10318	51590	10318	70457888
2368	-10857	-10591	4231	1655	-772	-3	15	-49	10319	51595	10319	70457888
2432	-10587	-10716	3069	1382	-979	-5	17	-49	10320	51600	10320	70457888
2461	-10236	-10838	2016	1086	-1111	-9	21	-49	10321	51605	10321	70457922
2545	-9866	-10860	1315	813	-1188	-7	22	-51	10322	51610	10322	70457972
2613	-9430	-10864	928	612	-1230	-5	23	-53	10323	51615	10323	70457972
2679	-8917	-10814	659	499	-1250	-5	22	-53	10324	51620	10324	70457972
2898	-8248	-10544	407	409	-1269	-4	20	-52	10325	51625	10325	70457972
3188	-7624	-10310	324	193	-1312	-3	18	-51	10326	51630	10326	70457973
3492	-7393	-10410	324	-156	-1356	-3	17	-51	10327	51635	10327	70457973
3700	-7242	-10704	88	-554	-1413	-2	15	-52	10328	51640	10328	70457973
3877	-7022	-10833	-313	-894	-1479	-1	13	-53	10329	51645	10329	70457993
4090	-6871	-10882	-651	-1198	-1552	-3	16	-52	10330	51650	10330	70458013
4247	-6891	-11102	-859	-1504	-1624	-5	21	-51	10331	51655	10331	70458013
4260	-7001	-11538	-1173	-1810	-1653	-7	21	-52	10332	51660	10332	70458013
4154	-6936	-11909	-1876	-2164	-1627	-10	20	-54	10333	51665	10333	70458013
3993	-6517	-11878	-2599	-2520	-1524	-5	19	-55	10334	51670	10334	70458013
3734	-6075	-11851	-2890	-2804	-1361	-1	19	-55	10335	51675	10335	70458014
3499	-5665	-11908	-2836	-3014	-1135	-3	20	-54	10336	51680	10336	70458014
3356	-5200	-12006	-2627	-3205	-881	-5	21	-53	10337	51685	10337	70458014
3236	-4869	-12292	-2372	-3463	-597	-3	22	-51	10338	51690	10338	70458014
3033	-4730	-12840	-2178	-3750	-298	-1	23	-49	10339	51695	10339	70458014
2972	-4511	-13491	-2147	-3974	-19	-1	24	-51	10340	51700	10340	70458014
3049	-4186	-13956	-2230	-4187	219	-1	25	-53	10341	51705	10341	70458014
3191	-3871	-13890	-2375	-4497	433	-2	26	-49	10342	51710	10342	70458016
3262	-3704	-13532	-2587	-4880	608	-2	26	-48	10343	51715	10343	70458016
3232	-3638	-13290	-2902	-5274	795	-3	25	-50	10344	51720	10344	70458016
3142	-3665	-13269	-3344	-5612	992	-3	25	-51	10345	51725	10345	70458018
3029	-3620	-13511	-3843	-5901	1205	-6	28	-49	10346	51730	10346	70458037
2806	-3603	-13676	-4304	-6128	1433	-7	29	-49	10347	51735	10347	70458042
2649	-3607	-13686	-4747	-6287	1662	-9	25	-50	10348	51740	10348	70458042
2441	-3574	-13584	-5245	-6410	1929	-10	24	-50	10349	51745	10349	70458042
2172	-3610	-13368	-5868	-6624	2283	-6	28	-52	10350	51750	10350	70458042
2028	-3724	-13538	-6471	-6830	2609	-6	28	-52	10351	51755	10351	70458042
1838	-4018	-13710	-7198	-7051	2881	-16	28	-50	10352	51760	10352	70458042
1646	-4356	-13748	-7981	-7269	3237	-16	28	-50	10353	51765	10353	70458042
1572	-4498	-13682	-8686	-7533	3574	-13	33	-45	10354	51770	10354	70458051
1738	-4688	-13648	-8879	-7808	3989	-13	33	-45	10355	51775	10355	70458083
1962	-4940	-13516	-8654	-8122	4400	-16	32	-46	10356	51780	10356	70458083
2176	-5256	-13448	-8190	-8522	4803	-16	32	-46	10357	51785	10357	70458084
2330	-5632	-13166	-7795	-8888	5100	-27	23	-49	10358	51790	10358	70458084
2567	-5990	-13503	-7571	-9304	5367	-26	25	-48	10359	51795	10359	70458090
2418	-6197	-14034	-7350	-9707	5465	-23	33	-43	10360	51800	10360	70458112
1922	-5884	-14681	-6808	-10230	5448	-23	34	-44	10361	51805	10361	70458121
696	-5440	-15392	-6083	-10873	5399	-21	37	-47	10362	51810	10362	70458121
102	-5324	-16116	-5581	-11092	5817	-21	36	-47	10363	51815	10363	70458121
51	-4962	-16337	-5548	-10871	6118	-20	30	-46	10364	51820	10364	70458121
-37	-4633	-15941	-5804	-10607	6317	-21	31	-46	10365	51825	10365	70458121
-333	-4892	-15761	-6021	-10487	6353	-25	37	-45	10366	51830	10366	70458121
-884	-4521	-15407	-6485	-10331	6255	-24	37	-41	10367	51835	10367	70458125
-1065	-3914	-15083	-6751	-10127	6234	-22	36	-36	10368	51840	10368	70458141
-1177	-3556	-14944	-6781	-10003	6165	-23	38	-38	10369	51845	10369	70458157
-1384	-3248	-14818	-6785	-10004	6121	-24	42	-42	10370	51850	10370	70458157
-1663	-2951	-14836	-6724	-10088	6145	-27	44	-43	10371	51855	10371	70458157
-1996	-2491	-14913	-6564	-10143	6130	-31	47	-45	10372	51860	10372	70458157
-2487	-2131	-14912	-6277	-10120	5968	-33	47	-42	10373	51865	10373	70458157
-3151	-2162	-14741	-5827	-10039	5728	-36	46	-38	10374	51870	10374	70458157
-3701	-2614	-14440	-5247	-9896	5572	-34	46	-37	10375	51875	10375	70458162
-4192	-3027	-14032	-4875	-9686	5389	-31	45	-35	10376	51880	10376	70458189
-4532	-3553	-13596	-4630	-9482	5146	-34	44	-31	10377	51885	10377	70458205
-4754	-4229	-13284	-4274	-9335	4846	-36	44	-28	10378	51890	10378	70458205
-5003	-4979	-13185	-3884	-9219	4569	-40	43	-33	10379	51895	10379	70458205
-5252	-5839	-13177	-3515	-9052	4318	-44	42	-38	10380	51900	10380	70458205
-5377	-6761	-13187	-3162	-8793	4039	-42	44	-37	10381	51905	10381	70458206
-5485	-7529	-13326	-2892	-8517	3715	-40	46	-36	10382	51910	10382	70458206
-5702	-8202	-13681	-2713	-8223	3327	-38	46	-37	10383	51915	10383	70458219
-6012	-8655	-13905	-2686	-7852	2891	-36	46	-38	10384	51920	10384	70458232
-6288	-8882	-13998	-2744	-7376	2416	-34	48	-32	10385	51925	10385	70458232
-6449	-8913	-14054	-2870	-6719	1904	-32	50	-28	10386	51930	10386	70458232
-6488	-8779	-13978	-3040	-5930	1381	-36	49	-27	10387	51935	10387	70458232
-6381	-8600	-13970	-3126	-5119	860	-39	49	-27	10388	51940	10388	70458232
-6146	-8501	-13991	-3090	-4335	362	-38	52	-28	10389	51945	10389	70458232
-5838	-8376	-13876	-2947	-3592	-106	-38	54	-28	10390	51950	10390	70458232
-5510	-8186	-13660	-2741	-2908	-521	-37	48	-32	10391	51955	10391	70458249
-5179	-8000	-13300	-2364	-2211	-922	-36	44	-34	10392	51960	10392	70458271
-4768	-7817	-12876	-1939	-1660	-1223	-37	50	-33	10393	51965	10393	70458275
-4460	-7596	-12715	-1533	-1198	-1424	-37	51	-33	10394	51970	10394	70458275
-4204	-7435	-12555	-1148	-797	-1566	-39	53	-35	10395	51975	10395	70458275
-4016	-7308	-12430	-834	-444	-1630	-39	53	-35	10396	51980	10396	70458275
-3784	-7102	-12267	-609	-153	-1626	-42	56	-30	10397	51985	10397	70458276
-3566	-6848	-11978	-450	73	-1549	-43	57	-29	10398	51990	10398	70458288
-3383	-6554	-11796	-298	216	-1416	-44	48	-28	10399	51995	10399	70458321
-3242	-6152	-11886	-157	254	-1189	-44	46	-28	10400	52000	10400	70458328
-3034	-5884	-12174	-74	59	-947	-36	46	-24	10401	52005	10401	70458328
-3020	-5450	-12434	-24	-313	-668	-36	46	-24	10402	52010	10402	70458328
-2918	-5032	-12754	64	-811	-359	-42	42	-28	10403	52015	10403	70458329
-2972	-4634	-12968	217	-1360	-56	-42	42	-28	10404	52020	10404	70458329
-3006	-4148	-13126	417	-1933	216	-37	55	-27	10405	52025	10405	70458329
-3020	-3786	-13390	652	-2457	446	-37	55	-27	10406	52030	10406	70458352
-3284	-3372	-13644	859	-2922	655	-44	50	-32	10407	52035	10407	70458368
-3438	-3060	-13990	1010	-3300	787	-44	50	-32	10408	52040	10408	70458368
-3585	-2839	-14410	1012	-3632	896	-45	55	-29	10409	52045	10409	70458368
-3610	-2666	-14722	846	-3870	937	-43	54	-28	10410	52050	10410	70458368
-3660	-2418	-14729	496	-4123	960	-36	52	-26	10411	52055	10411	70458368
-3921	-2172	-14425	2	-4400	943	-37	52	-28	10412	52060	10412	70458369
-4617	-1914	-14148	-607	-4603	815	-42	52	-36	10413	52065	10413	70458369
-5565	-1801	-14242	-1226	-4596	546	-42	53	-35	10414	52070	10414	70458369
-6365	-2312	-14319	-1678	-4197	177	-40	58	-32	10415	52075	10415	70458371
-6973	-3458	-14602	-2057	-3495	-282	-41	57	-31	10416	52080	10416	70458386
-7356	-4867	-14822	-2634	-2735	-837	-45	55	-27	10417	52085	10417	70458410
-7676	-5428	-15021	-3283	-2243	-1315	-45	54	-26	10418	52090	10418	70458410
-7829	-5102	-15302	-3812	-1914	-1650	-45	53	-25	10419	52095	10419	70458410
-7696	-4284	-15624	-3820	-1669	-1806	-42	55	-27	10420	52100	10420	70458411
-7226	-3441	-15807	-3160	-1441	-1857	-37	57	-29	10421	52105	10421	70458411
-6583	-2891	-15828	-2088	-1162	-1846	-38	59	-30	10422	52110	10422	70458411
-5779	-2699	-15782	-1046	-811	-1802	-40	62	-32	10423	52115	10423	70458411
-5012	-2817	-15719	-357	-328	-1730	-39	59	-29	10424	52120	10424	70458412
-4465	-3164	-15378	-155	361	-1634	-38	54	-24	10425	52125	10425	70458416
-4103	-3594	-14910	-415	1083	-1515	-38	54	-23	10426	52130	10426	70458436
-3838	-3858	-14413	-927	1620	-1389	-38	54	-22	10427	52135	10427	70458447
-3576	-4044	-13872	-1441	1961	-1214	-39	54	-26	10428	52140	10428	70458447
-3207	-4050	-13538	-1706	2081	-972	-40	54	-28	10429	52145	10429	70458447
-2822	-3899	-13391	-1610	2032	-700	-40	56	-27	10430	52150	10430	70458447
-2412	-3753	-13300	-1186	1871	-394	-39	57	-25	10431	52155	10431	70458447
-1940	-3648	-13373	-445	1583	-52	-40	56	-27	10432	52160	10432	70458447
-1515	-3489	-13614	436	1169	293	-41	55	-31	10433	52165	10433	70458447
-1190	-3239	-13746	1157	662	581	-40	57	-29	10434	52170	10434	70458475
-1018	-3046	-13976	1560	93	774	-40	58	-28	10435	52175	10435	70458493
-1064	-2843	-14030	1703	-591	925	-39	59	-30	10436	52180	10436	70458493
-1326	-2672	-13982	1612	-1359	1035	-39	59	-31	10437	52185	10437	70458493
-1746	-2528	-14012	1330	-2114	1096	-40	58	-30	10438	52190	10438	70458493
-2255	-2424	-14019	915	-2744	1111	-41	57	-29	10439	52195	10439	70458493
-2782	-2356	-14001	408	-3159	1095	-40	58	-27	10440	52200	10440	70458493
-3291	-2293	-13914	-129	-3289	1053	-40	58	-26	10441	52205	10441	70458499
-3804	-2268	-13919	-684	-3110	955	-39	55	-32	10442	52210	10442	70458527
-4244	-2303	-14077	-1028	-2719	825	-38	54	-34	10443	52215	10443	70458539
-4560	-2286	-14269	-1195	-2218	701	-46	56	-32	10444	52220	10444	70458542
-4804	-2378	-14534	-1210	-1695	591	-48	56	-32	10445	52225	10445	70458542
-4932	-2436	-14838	-1107	-1226	500	-41	57	-33	10446	52230	10446	70458543
-5018	-2423	-15034	-920	-885	444	-39	57	-33	10447	52235	10447	70458543
-5114	-2389	-15212	-655	-702	411	-39	52	-28	10448	52240	10448	70458544
-5222	-2268	-15413	-300	-614	389	-39	51	-27	10449	52245	10449	70458544
-5244	-2154	-15456	202	-572	376	-40	52	-22	10450	52250	10450	70458544
-5202	-2084	-15416	644	-550	384	-40	52	-22	10451	52255	10451	70458568
-5124	-2170	-15250	984	-502	423	-42	52	-24	10452	52260	10452	70458568
-4908	-2180	-15072	1202	-408	506	-42	52	-24	10453	52265	10453	70458568
-4716	-2280	-14892	1279	-294	571	-43	51	-33	10454	52270	10454	70458568
-4380	-2380	-14582	1256	-218	638	-43	51	-33	10455	52275	10455	70458568
-4092	-2536	-14356	1175	-227	720	-45	55	-29	10456	52280	10456	70458568
-3890	-2624	-14130	1094	-361	773	-45	55	-29	10457	52285	10457	70458568
-3670	-2792	-13960	1036	-559	838	-39	53	-31	10458	52290	10458	70458607
-3529	-2892	-13693	970	-824	927	-40	54	-31	10459	52295	10459	70458607
-3434	-3051	-13477	908	-1065	1012	-44	60	-32	10460	52300	10460	70458607
-3328	-3154	-13355	866	-1276	1101	-43	60	-31	10461	52305	10461	70458607
-3349	-3361	-13318	846	-1447	1165	-38	60	-28	10462	52310	10462	70458607
-3358	-3514	-13384	852	-1536	1224	-38	60	-28	10463	52315	10463	70458607
-3452	-3676	-13472	866	-1525	1246	-39	61	-29	10464	52320	10464	70458607
-3485	-3782	-13660	853	-1433	1260	-38	60	-29	10465	52325	10465	70458612
-3522	-3907	-13698	780	-1279	1261	-33	55	-31	10466	52330	10466	70458635
-3464	-3886	-13747	657	-1139	1259	-39	55	-32	10467	52335	10467	70458644
-3453	-3844	-13782	542	-1061	1255	-47	55	-33	10468	52340	10468	70458645
-3425	-3867	-13805	412	-1054	1231	-43	56	-31	10469	52345	10469	70458645
-3462	-3930	-13834	252	-1082	1189	-38	58	-28	10470	52350	10470	70458645
-3486	-3944	-13924	62	-1120	1136	-41	60	-28	10471	52355	10471	70458645
-3530	-3960	-13919	-112	-1160	1079	-45	63	-29	10472	52360	10472	70458649
-3598	-3918	-13876	-225	-1199	1025	-41	61	-29	10473	52365	10473	70458670
-3648	-3855	-13917	-253	-1246	969	-35	57	-29	10474	52370	10474	70458695
-3658	-3822	-14071	-161	-1326	911	-39	58	-29	10475	52375	10475	70458695
-3732	-3836	-14148	-2	-1418	863	-43	59	-29	10476	52380	10476	70458695
-3804	-3934	-14186	133	-1482	824	-41	57	-25	10477	52385	10477	70458695
-3840	-4013	-14388	238	-1481	783	-39	55	-23	10478	52390	10478	70458695
-3877	-4034	-14474	323	-1428	725	-40	58	-27	10479	52395	10479	70458695
-3865	-4087	-14411	430	-1355	657	-40	60	-30	10480	52400	10480	70458711
-3825	-4097	-14359	566	-1277	595	-42	58	-28	10481	52405	10481	70458737
-3782	-4089	-14282	737	-1212	540	-44	56	-26	10482	52410	10482	70458753
-3729	-4074	-14113	963	-1173	497	-45	57	-26	10483	52415	10483	70458753
-3684	-4012	-13852	1138	-1172	478	-45	57	-25	10484	52420	10484	70458753
-3590	-4018	-13583	1224	-1244	482	-44	59	-27	10485	52425	10485	70458753
-3478	-4020	-13362	1231	-1363	486	-44	60	-28	10486	52430	10486	70458753
-3431	-3967	-13206	1167	-1481	496	-42	58	-27	10487	52435	10487	70458753
-3403	-3946	-13133	1070	-1563	512	-40	56	-26	10488	52440	10488	70458769
-3440	-4002	-13065	943	-1589	520	-44	60	-27	10489	52445	10489	70458787
-3504	-4142	-13047	795	-1574	510	-47	63	-27	10490	52450	10490	70458792
-3570	-4300	-13034	617	-1529	494	-46	58	-28	10491	52455	10491	70458792
-3690	-4487	-13218	394	-1464	469	-45	55	-29	10492	52460	10492	70458792
-3840	-4516	-13290	202	-1411	459	-40	55	-26	10493	52465	10493	70458792
-3996	-4528	-13271	35	-1353	457	-39	55	-25	10494	52470	10494	70458792
-4159	-4518	-13256	-64	-1293	456	-40	59	-29	10495	52475	10495	70458793
-4326	-4381	-13193	-69	-1247	452	-40	60	-30	10496	52480	10496	70458793
-4438	-4346	-13220	-7	-1204	457	-37	58	-24	10497	52485	10497	70458793
-4490	-4320	-13417	78	-1171	448	-36	58	-22	10498	52490	10498	70458793
-4642	-4226	-13602	156	-1123	428	-40	56	-21	10499	52495	10499	70458794
-4810	-4256	-13878	252	-998	403	-41	55	-21	10500	52500	10500	70458794
-4764	-4246	-14014	340	-832	375	-40	58	-22	10501	52505	10501	70458802
-4848	-4276	-14288	410	-627	330	-40	58	-22	10502	52510	10502	70458809
-4844	-4234	-14148	481	-460	287	-40	60	-32	10503	52515	10503	70458829
-4906	-4256	-14272	516	-346	248	-40	60	-32	10504	52520	10504	70458829
-5004	-4270	-14220	532	-308	236	-41	61	-31	10505	52525	10505	70458829
-4884	-4352	-14136	532	-317	230	-41	61	-31	10506	52530	10506	70458829
-5010	-4318	-13936	490	-355	228	-40	60	-28	10507	52535	10507	70458829
-4914	-4376	-13826	445	-458	247	-40	60	-28	10508	52540	10508	70458829
-4962	-4276	-13828	430	-593	260	-41	55	-23	10509	52545	10509	70458831
-4988	-4233	-13710	459	-685	271	-42	56	-23	10510	52550	10510	70458843
-4985	-4100	-13524	518	-728	288	-44	58	-24	10511	52555	10511	70458870
-4970	-3972	-13510	581	-730	286	-44	59	-24	10512	52560	10512	70458872
-4940	-3852	-13446	619	-714	302	-43	63	-23	10513	52565	10513	70458873
-4976	-3774	-13380	601	-680	305	-43	62	-23	10514	52570	10514	70458873
-4996	-3708	-13388	518	-610	307	-45	57	-23	10515	52575	10515	70458873
-5016	-3742	-13536	371	-471	296	-42	57	-23	10516	52580	10516	70458874
-4989	-3628	-13558	161	-276	292	-34	58	-22	10517	52585	10517	70458881
-4988	-3564	-13570	18	-97	285	-37	57	-24	10518	52590	10518	70458893
-4968	-3528	-13478	-26	43	293	-42	56	-26	10519	52595	10519	70458895
-4908	-3505	-13538	11	109	304	-45	55	-27	10520	52600	10520	70458896
-4902	-3438	-13610	78	114	327	-49	53	-29	10521	52605	10521	70458896
-4932	-3405	-13709	131	93	361	-46	54	-26	10522	52610	10522	70458896
-4984	-3358	-13834	123	88	399	-41	55	-21	10523	52615	10523	70458896
-5027	-3310	-13938	42	93	437	-38	55	-25	10524	52620	10524	70458900
-5055	-3344	-13982	-120	111	469	-34	54	-30	10525	52625	10525	70458920
-5040	-3348	-14032	-322	121	484	-41	55	-26	10526	52630	10526	70458934
-5058	-3382	-14018	-494	120	498	-45	55	-23	10527	52635	10527	70458934
-5140	-3460	-13968	-578	105	514	-44	58	-25	10528	52640	10528	70458934
-5222	-3525	-13897	-581	76	524	-44	60	-26	10529	52645	10529	70458934
-5253	-3582	-13854	-538	45	534	-43	58	-28	10530	52650	10530	70458935
-5335	-3692	-13923	-480	3	543	-43	57	-29	10531	52655	10531	70458935
-5435	-3764	-13962	-430	-32	559	-42	61	-28	10532	52660	10532	70458950
-5518	-3787	-13965	-387	-44	585	-41	65	-27	10533	52665	10533	70458964
-5559	-3780	-13988	-362	-25	603	-42	56	-29	10534	52670	10534	70458965
-5525	-3764	-14009	-379	-4	611	-42	50	-30	10535	52675	10535	70458965
-5439	-3651	-13996	-409	-7	611	-41	53	-31	10536	52680	10536	70458965
-5336	-3514	-13969	-440	-38	604	-41	55	-31	10537	52685	10537	70458976
-5202	-3536	-13922	-442	-100	587	-42	55	-29	10538	52690	10538	70459002
-5100	-3556	-13919	-462	-170	565	-43	55	-27	10539	52695	10539	70459016
-4991	-3531	-13902	-543	-249	555	-42	56	-23	10540	52700	10540	70459017
-4918	-3549	-13836	-619	-354	548	-41	57	-21	10541	52705	10541	70459019
-4825	-3644	-13751	-663	-484	531	-43	56	-26	10542	52710	10542	70459019
-4731	-3608	-13705	-716	-594	527	-44	56	-28	10543	52715	10543	70459019
-4703	-3642	-13728	-727	-672	542	-43	55	-27	10544	52720	10544	70459020
-4636	-3585	-13720	-745	-691	553	-43	55	-27	10545	52725	10545	70459038
-4538	-3461	-13844	-814	-641	583	-40	57	-27	10546	52730	10546	70459043
-4424	-3375	-13895	-884	-554	616	-39	57	-27	10547	52735	10547	70459043
-4261	-3440	-14033	-863	-437	657	-42	52	-25	10548	52740	10548	70459043
-4204	-3572	-14200	-835	-321	688	-43	51	-25	10549	52745	10549	70459043
-4140	-3860	-14256	-799	-202	702	-50	52	-24	10550	52750	10550	70459043
-4082	-3940	-14240	-809	-169	685	-50	52	-24	10551	52755	10551	70459043
-4132	-4016	-14240	-913	-167	648	-43	51	-21	10552	52760	10552	70459051
-4176	-4122	-14292	-1060	-241	563	-43	51	-21	10553	52765	10553	70459079
-4210	-4146	-14256	-1195	-291	474	-44	50	-30	10554	52770	10554	70459079
-4260	-3962	-14266	-1345	-329	365	-44	50	-30	10555	52775	10555	70459079
-4186	-3966	-14234	-1454	-325	235	-47	57	-25	10556	52780	10556	70459079
-4138	-4014	-14136	-1480	-302	75	-47	57	-25	10557	52785	10557	70459079
-4112	-4008	-14056	-1420	-252	-54	-43	59	-33	10558	52790	10558	70459088
-3846	-3924	-13620	-1269	-220	-221	-42	58	-31	10559	52795	10559	70459120
-3718	-4018	-13455	-1107	-215	-390	-37	55	-23	10560	52800	10560	70459120
-3556	-4151	-13275	-905	-250	-564	-37	55	-23	10561	52805	10561	70459120
-3470	-4356	-13053	-730	-330	-739	-39	55	-25	10562	52810	10562	70459121
-3297	-4544	-12732	-577	-431	-910	-40	55	-25	10563	52815	10563	70459121
-3163	-4778	-12486	-471	-512	-1095	-43	53	-23	10564	52820	10564	70459121
-3115	-4927	-12523	-418	-539	-1272	-43	53	-23	10565	52825	10565	70459121
-3116	-4942	-12685	-423	-507	-1442	-42	52	-24	10566	52830	10566	70459122
-3199	-4751	-12948	-452	-425	-1585	-43	53	-24	10567	52835	10567	70459125
-3344	-4524	-13263	-421	-335	-1638	-44	54	-24	10568	52840	10568	70459140
-3566	-4269	-13608	-321	-254	-1618	-44	55	-26	10569	52845	10569	70459156
-3840	-3955	-14012	-198	-185	-1543	-44	56	-30	10570	52850	10570	70459156
-3998	-3722	-14375	-83	-120	-1441	-42	55	-28	10571	52855	10571	70459156
-3980	-3543	-14475	25	-86	-1318	-40	54	-26	10572	52860	10572	70459156
-3922	-3394	-14388	101	-124	-1180	-39	54	-28	10573	52865	10573	70459156
-3827	-3316	-14248	119	-238	-1051	-38	54	-30	10574	52870	10574	70459156
-3654	-3356	-13954	62	-423	-960	-38	53	-25	10575	52875	10575	70459187
-3380	-3407	-13688	-88	-609	-951	-38	52	-20	10576	52880	10576	70459230
-3207	-3456	-13492	-264	-782	-1019	-40	54	-21	10577	52885	10577	70459238
-3146	-3552	-13252	-450	-972	-1161	-41	55	-21	10578	52890	10578	70459239
-3216	-3723	-13109	-619	-1141	-1355	-42	52	-26	10579	52895	10579	70459239
-3309	-3967	-13056	-770	-1211	-1550	-42	50	-30	10580	52900	10580	70459239
-3372	-4118	-13082	-854	-1162	-1779	-44	55	-28	10581	52905	10581	70459239
-3352	-4240	-13202	-839	-1038	-2008	-46	58	-26	10582	52910	10582	70459239
-3266	-4339	-13415	-750	-842	-2254	-42	60	-27	10583	52915	10583	70459253
-3153	-4256	-13621	-615	-596	-2521	-37	61	-27	10584	52920	10584	70459271
-3054	-4136	-13750	-444	-397	-2742	-41	61	-26	10585	52925	10585	70459275
-3066	-3990	-13786	-263	-281	-2932	-43	61	-25	10586	52930	10586	70459275
-3145	-3832	-13786	-132	-284	-3077	-44	57	-24	10587	52935	10587	70459275
-3178	-3725	-13805	-38	-403	-3161	-45	55	-23	10588	52940	10588	70459275
-3302	-3595	-13705	-23	-564	-3172	-44	57	-22	10589	52945	10589	70459275
-3487	-3532	-13592	-43	-731	-3140	-43	59	-21	10590	52950	10590	70459275
-3618	-3583	-13597	-41	-854	-3082	-42	58	-23	10591	52955	10591	70459275
-3696	-3643	-13591	-68	-865	-2991	-41	57	-25	10592	52960	10592	70459276
-3545	-3694	-13430	-63	-746	-2928	-40	55	-26	10593	52965	10593	70459276
-3202	-3669	-13256	-45	-625	-2888	-40	54	-26	10594	52970	10594	70459276
-2731	-3625	-13025	5	-623	-2835	-43	59	-28	10595	52975	10595	70459276
-2397	-3434	-12565	67	-823	-2782	-44	60	-28	10596	52980	10596	70459293
-2260	-3279	-12510	214	-1265	-2711	-42	58	-27	10597	52985	10597	70459312
-2424	-3386	-12776	441	-1799	-2651	-41	57	-27	10598	52990	10598	70459334
-2971	-3903	-13290	606	-2285	-2593	-38	57	-29	10599	52995	10599	70459338
-3984	-4600	-14076	510	-2664	-2547	-37	57	-29	10600	53000	10600	70459338
-5126	-4804	-14824	111	-2664	-2507	-40	56	-24	10601	53005	10601	70459339
-6238	-4952	-15716	-266	-2471	-2457	-40	56	-24	10602	53010	10602	70459339
-6974	-4416	-16620	-636	-2351	-2404	-44	56	-30	10603	53015	10603	70459339
-7262	-3296	-17120	-905	-2357	-2284	-44	56	-30	10604	53020	10604	70459339
-7226	-1486	-17290	-779	-2511	-2086	-43	57	-25	10605	53025	10605	70459340
-6984	132	-16962	-165	-2690	-1855	-43	57	-25	10606	53030	10606	70459340
-6650	1352	-16414	554	-2672	-1613	-43	59	-29	10607	53035	10607	70459366
-6388	1918	-15834	1015	-2383	-1455	-43	59	-29	10608	53040	10608	70459372
-6334	1466	-15115	1089	-1767	-1439	-45	61	-27	10609	53045	10609	70459372
-6140	874	-14707	798	-1108	-1523	-45	62	-26	10610	53050	10610	70459372
-5732	243	-14336	297	-292	-1653	-44	64	-24	10611	53055	10611	70459372
-5062	-394	-14182	-130	622	-1771	-43	63	-24	10612	53060	10612	70459373
-4354	-1032	-14218	-317	1540	-1876	-41	59	-25	10613	53065	10613	70459373
-3440	-1611	-14394	-241	2409	-1938	-41	60	-24	10614	53070	10614	70459373
-2524	-1908	-14592	28	3074	-1949	-40	64	-20	10615	53075	10615	70459373
-1647	-1965	-14847	413	3361	-1841	-40	63	-22	10616	53080	10616	70459375
-956	-1852	-14813	845	3056	-1581	-40	58	-28	10617	53085	10617	70459393
-588	-1784	-14574	1138	2279	-1271	-40	60	-28	10618	53090	10618	70459409
-534	-1830	-14136	1283	1168	-928	-41	63	-29	10619	53095	10619	70459409
-778	-2089	-13610	1203	-56	-621	-42	63	-27	10620	53100	10620	70459409
-1272	-2516	-13074	856	-1157	-383	-44	62	-24	10621	53105	10621	70459409
-1926	-2965	-12630	245	-1949	-231	-41	62	-23	10622	53110	10622	70459409
-2557	-3424	-12279	-525	-2361	-189	-37	63	-21	10623	53115	10623	70459409
-3169	-3944	-12168	-1316	-2425	-260	-37	63	-25	10624	53120	10624	70459414
-3744	-4479	-12405	-2039	-2227	-433	-36	62	-30	10625	53125	10625	70459436
-4214	-4865	-12844	-2447	-1879	-659	-41	62	-24	10626	53130	10626	70459451
-4495	-5165	-13370	-2492	-1497	-870	-44	62	-20	10627	53135	10627	70459451
-4710	-5262	-13929	-2248	-1113	-1053	-45	60	-24	10628	53140	10628	70459452
-4869	-5148	-14374	-1772	-797	-1190	-46	58	-26	10629	53145	10629	70459452
-5009	-4861	-14680	-1137	-611	-1249	-44	63	-27	10630	53150	10630	70459452
-5084	-4528	-14880	-453	-565	-1204	-42	66	-28	10631	53155	10631	70459452
-5101	-4217	-14961	144	-619	-1084	-41	65	-24	10632	53160	10632	70459453
-5106	-3873	-14829	589	-717	-928	-41	65	-21	10633	53165	10633	70459453
-5110	-3552	-14628	902	-821	-752	-38	62	-22	10634	53170	10634	70459474
-5094	-3326	-14400	1136	-902	-579	-36	60	-22	10635	53175	10635	70459489
-4978	-3132	-14103	1331	-952	-434	-40	64	-24	10636	53180	10636	70459489
-4829	-3014	-13927	1504	-979	-332	-42	66	-26	10637	53185	10637	70459490
-4613	-3000	-13695	1665	-1020	-284	-40	67	-22	10638	53190	10638	70459491
-4383	-3061	-13509	1798	-1120	-284	-39	67	-19	10639	53195	10639	70459491
-4210	-3192	-13419	1858	-1278	-325	-39	62	-23	10640	53200	10640	70459492
-4078	-3420	-13251	1809	-1483	-419	-39	59	-25	10641	53205	10641	70459496
-3954	-3685	-13032	1573	-1725	-572	-39	65	-27	10642	53210	10642	70459520
-4018	-3858	-13020	1182	-1885	-729	-39	67	-27	10643	53215	10643	70459527
-4104	-4000	-12833	699	-1930	-913	-41	61	-22	10644	53220	10644	70459527
-4227	-4087	-12806	185	-1833	-1100	-41	59	-21	10645	53225	10645	70459527
-4334	-4107	-12874	-288	-1604	-1283	-40	61	-25	10646	53230	10646	70459527
-4407	-4073	-12920	-683	-1261	-1441	-40	62	-26	10647	53235	10647	70459527
-4470	-4022	-13242	-961	-861	-1553	-38	63	-22	10648	53240	10648	70459527
-4471	-3986	-13571	-1099	-453	-1620	-37	63	-21	10649	53245	10649	70459527
-4394	-4024	-13778	-1067	-42	-1633	-41	59	-23	10650	53250	10650	70459556
-4280	-3942	-14062	-855	175	-1595	-41	59	-23	10651	53255	10651	70459564
-4300	-3962	-14364	-519	249	-1503	-38	66	-28	10652	53260	10652	70459564
-4274	-3940	-14418	-167	221	-1367	-38	66	-28	10653	53265	10653	70459564
-4208	-3808	-14620	194	88	-1180	-43	65	-23	10654	53270	10654	70459564
-4250	-3682	-14732	494	-131	-972	-43	65	-23	10655	53275	10655	70459564
-4216	-3566	-14718	701	-362	-736	-39	61	-25	10656	53280	10656	70459564
-4278	-3410	-14736	833	-575	-492	-39	61	-25	10657	53285	10657	70459564
-4302	-3212	-14756	882	-707	-259	-39	67	-25	10658	53290	10658	70459592
-4277	-3043	-14682	896	-768	-8	-39	67	-26	10659	53295	10659	70459605
-4256	-2922	-14628	893	-774	158	-40	68	-28	10660	53300	10660	70459606
-4192	-2817	-14584	894	-725	288	-40	68	-26	10661	53305	10661	70459606
-4051	-2730	-14495	898	-648	373	-38	66	-20	10662	53310	10662	70459607
-4002	-2808	-14456	932	-582	429	-39	66	-21	10663	53315	10663	70459607
