3012	-8901	-12564	-516	-376	-219	-70	64	-106	11429	57145	11429	70463428
3058	-8960	-12610	-502	-328	-194	-72	65	-99	11430	57150	11430	70463429
3130	-8966	-12583	-478	-270	-160	-73	65	-95	11431	57155	11431	70463448
3166	-9021	-12565	-438	-219	-128	-69	68	-94	11432	57160	11432	70463461
3247	-9033	-12588	-386	-163	-95	-66	70	-94	11433	57165	11433	70463461
3330	-9040	-12605	-327	-105	-49	-71	66	-100	11434	57170	11434	70463461
3382	-9010	-12564	-266	-48	2	-74	64	-104	11435	57175	11435	70463461
3498	-9035	-12476	-205	14	64	-73	65	-103	11436	57180	11436	70463461
3488	-8952	-12426	-154	65	130	-73	65	-103	11437	57185	11437	70463461
3521	-8955	-12391	-99	107	215	-73	65	-101	11438	57190	11438	70463475
3561	-8842	-12352	-83	140	311	-73	65	-101	11439	57195	11439	70463504
3579	-8860	-12366	-87	175	385	-76	65	-99	11440	57200	11440	70463510
3585	-8875	-12329	-109	200	456	-77	65	-99	11441	57205	11441	70463510
3572	-8884	-12363	-137	239	516	-71	64	-98	11442	57210	11442	70463510
3528	-8865	-12484	-165	262	579	-70	64	-98	11443	57215	11443	70463510
3514	-8934	-12576	-221	301	658	-71	61	-97	11444	57220	11444	70463510
3530	-8928	-12612	-260	342	705	-71	61	-97	11445	57225	11445	70463510
3646	-8962	-12642	-294	386	728	-71	65	-95	11446	57230	11446	70463524
3582	-8946	-12652	-308	427	730	-71	65	-95	11447	57235	11447	70463562
3648	-8986	-12770	-317	461	744	-65	65	-103	11448	57240	11448	70463562
3702	-8992	-12736	-314	495	718	-65	65	-103	11449	57245	11449	70463562
3776	-9004	-12738	-311	513	683	-71	67	-97	11450	57250	11450	70463562
3778	-9012	-12670	-341	519	654	-71	67	-97	11451	57255	11451	70463562
3802	-8962	-12584	-333	524	604	-70	68	-100	11452	57260	11452	70463563
3778	-9004	-12570	-329	535	594	-70	68	-100	11453	57265	11453	70463563
3808	-9030	-12398	-344	524	543	-68	66	-100	11454	57270	11454	70463599
3786	-9032	-12400	-285	491	503	-68	66	-100	11455	57275	11455	70463599
3830	-8996	-12414	-281	476	490	-74	66	-100	11456	57280	11456	70463599
3882	-9084	-12396	-334	447	436	-74	66	-100	11457	57285	11457	70463599
3804	-9108	-12178	-451	390	388	-65	65	-103	11458	57290	11458	70463599
3816	-9026	-12344	-512	384	342	-65	65	-103	11459	57295	11459	70463600
3914	-9114	-12342	-614	373	321	-72	64	-102	11460	57300	11460	70463600
3874	-9186	-12270	-776	323	261	-73	65	-102	11461	57305	11461	70463600
3843	-9127	-12356	-870	288	242	-77	67	-101	11462	57310	11462	70463600
3816	-9066	-12468	-935	277	241	-75	67	-102	11463	57315	11463	70463600
3820	-9073	-12415	-997	256	230	-66	68	-108	11464	57320	11464	70463606
3804	-8970	-12444	-1007	220	220	-67	67	-106	11465	57325	11465	70463629
3788	-8907	-12490	-1026	208	246	-72	62	-100	11466	57330	11466	70463629
3801	-8840	-12573	-1001	199	265	-72	62	-101	11467	57335	11467	70463629
3718	-8802	-12627	-903	197	274	-71	61	-107	11468	57340	11468	70463629
3685	-8751	-12537	-827	204	297	-72	62	-106	11469	57345	11469	70463629
3682	-8637	-12581	-708	200	369	-75	63	-103	11470	57350	11470	70463629
3657	-8598	-12568	-562	215	425	-73	63	-101	11471	57355	11471	70463629
3585	-8570	-12443	-456	221	468	-70	62	-98	11472	57360	11472	70463629
3564	-8467	-12468	-369	242	536	-71	64	-101	11473	57365	11473	70463651
3623	-8432	-12461	-295	288	603	-73	67	-105	11474	57370	11474	70463683
3609	-8459	-12371	-231	322	644	-73	67	-104	11475	57375	11475	70463683
3565	-8394	-12424	-187	353	694	-74	66	-102	11476	57380	11476	70463684
3643	-8505	-12464	-149	416	786	-73	66	-102	11477	57385	11477	70463684
3663	-8561	-12456	-108	488	863	-69	67	-101	11478	57390	11478	70463684
3681	-8596	-12522	-78	544	922	-70	65	-102	11479	57395	11479	70463686
3697	-8649	-12441	-74	606	989	-72	62	-104	11480	57400	11480	70463700
3768	-8734	-12421	-86	679	1052	-74	60	-102	11481	57405	11481	70463717
3804	-8848	-12484	-104	756	1091	-78	56	-100	11482	57410	11482	70463718
3797	-9002	-12474	-118	829	1117	-75	59	-99	11483	57415	11483	70463718
3811	-9142	-12492	-125	898	1149	-70	64	-98	11484	57420	11484	70463718
3902	-9200	-12556	-143	976	1207	-68	63	-98	11485	57425	11485	70463718
4005	-9290	-12535	-160	1055	1262	-66	62	-98	11486	57430	11486	70463718
4056	-9436	-12507	-163	1133	1268	-67	61	-98	11487	57435	11487	70463718
4072	-9533	-12443	-169	1190	1268	-68	60	-98	11488	57440	11488	70463718
4108	-9554	-12399	-171	1232	1306	-69	62	-102	11489	57445	11489	70463722
4227	-9604	-12268	-154	1278	1354	-69	63	-105	11490	57450	11490	70463744
4334	-9652	-12173	-146	1298	1369	-67	60	-101	11491	57455	11491	70463757
4423	-9655	-12100	-161	1316	1408	-66	58	-98	11492	57460	11492	70463758
4520	-9681	-12014	-173	1338	1435	-67	60	-100	11493	57465	11493	70463759
4596	-9668	-11927	-211	1313	1460	-68	62	-102	11494	57470	11494	70463761
4710	-9693	-11818	-246	1305	1498	-71	60	-102	11495	57475	11495	70463762
4736	-9620	-11646	-304	1258	1545	-72	60	-102	11496	57480	11496	70463763
4874	-9525	-11661	-368	1204	1599	-68	61	-98	11497	57485	11497	70463764
4945	-9426	-11631	-447	1163	1631	-67	61	-97	11498	57490	11498	70463787
4995	-9398	-11536	-534	1096	1660	-67	61	-97	11499	57495	11499	70463794
5065	-9346	-11532	-624	1032	1701	-67	61	-97	11500	57500	11500	70463794
5087	-9211	-11533	-701	951	1744	-72	63	-98	11501	57505	11501	70463794
5106	-9100	-11543	-763	849	1786	-76	64	-98	11502	57510	11502	70463794
5095	-9107	-11566	-824	760	1821	-68	61	-96	11503	57515	11503	70463794
5114	-9094	-11588	-901	690	1834	-66	60	-96	11504	57520	11504	70463794
5107	-9040	-11587	-998	605	1821	-64	62	-99	11505	57525	11505	70463815
5082	-8956	-11736	-1028	523	1821	-64	62	-100	11506	57530	11506	70463836
5079	-8940	-11804	-1056	451	1835	-75	59	-102	11507	57535	11507	70463840
5070	-8814	-11871	-1081	379	1833	-78	58	-102	11508	57540	11508	70463840
5028	-8680	-11952	-1084	316	1812	-73	58	-96	11509	57545	11509	70463840
4938	-8592	-12074	-1097	254	1781	-72	58	-94	11510	57550	11510	70463840
4892	-8444	-11996	-1142	176	1749	-71	65	-103	11511	57555	11511	70463840
4818	-8234	-12196	-1068	118	1737	-71	65	-103	11512	57560	11512	70463840
4688	-8106	-12210	-992	69	1772	-71	63	-105	11513	57565	11513	70463881
4500	-7860	-12390	-889	9	1806	-71	63	-105	11514	57570	11514	70463886
4328	-7738	-12280	-787	-31	1838	-73	71	-101	11515	57575	11515	70463904
4332	-7668	-12302	-700	-73	1843	-73	71	-101	11516	57580	11516	70463905
4230	-7682	-12198	-597	-127	1838	-70	56	-98	11517	57585	11517	70463905
4238	-7686	-12324	-511	-144	1859	-70	56	-98	11518	57590	11518	70463905
4230	-7748	-12299	-392	-150	1868	-66	58	-100	11519	57595	11519	70463909
4212	-7827	-12491	-325	-131	1872	-68	59	-100	11520	57600	11520	70463926
4237	-7992	-12639	-290	-91	1848	-74	62	-102	11521	57605	11521	70463926
4140	-8152	-12810	-280	-45	1796	-75	62	-102	11522	57610	11522	70463926
4146	-8273	-12976	-296	-9	1750	-77	61	-101	11523	57615	11523	70463926
4108	-8238	-13014	-328	43	1720	-77	61	-101	11524	57620	11524	70463927
4092	-8310	-13186	-345	81	1728	-74	68	-100	11525	57625	11525	70463927
4142	-8460	-13212	-330	163	1674	-74	68	-100	11526	57630	11526	70463927
4078	-8524	-13300	-269	210	1608	-76	62	-100	11527	57635	11527	70463927
4055	-8565	-13039	-166	252	1557	-76	62	-100	11528	57640	11528	70463927
3999	-8676	-12957	11	275	1507	-74	64	-102	11529	57645	11529	70463935
4000	-8751	-12790	222	284	1471	-74	63	-102	11530	57650	11530	70463965
4038	-8762	-12586	412	260	1411	-74	58	-102	11531	57655	11531	70463965
4034	-8809	-12503	640	240	1363	-74	58	-101	11532	57660	11532	70463965
4164	-8933	-12249	809	207	1309	-73	57	-97	11533	57665	11533	70463966
4215	-9050	-12153	959	163	1250	-73	57	-97	11534	57670	11534	70463966
4263	-9157	-12002	1073	110	1213	-71	59	-97	11535	57675	11535	70463966
4429	-9371	-11854	1139	62	1175	-71	59	-100	11536	57680	11536	70463970
4550	-9580	-11813	1146	15	1137	-72	60	-104	11537	57685	11537	70463988
4632	-9761	-11816	1094	-36	1111	-70	62	-103	11538	57690	11538	70464006
4730	-9943	-11756	1004	-82	1095	-68	64	-102	11539	57695	11539	70464006
4803	-10018	-11650	903	-133	1092	-70	61	-104	11540	57700	11540	70464006
4863	-9957	-11497	796	-180	1107	-73	57	-107	11541	57705	11541	70464007
4936	-9814	-11398	685	-214	1148	-71	57	-106	11542	57710	11542	70464007
5003	-9544	-11351	579	-243	1202	-69	57	-105	11543	57715	11543	70464007
4970	-9374	-11390	465	-272	1244	-68	59	-108	11544	57720	11544	70464007
4886	-9301	-11538	355	-296	1289	-66	60	-110	11545	57725	11545	70464007
4730	-9129	-11588	236	-330	1351	-70	62	-105	11546	57730	11546	70464011
4538	-8958	-11664	143	-382	1430	-72	64	-102	11547	57735	11547	70464037
4356	-8792	-11812	89	-426	1525	-71	62	-102	11548	57740	11548	70464060
4175	-8596	-11975	29	-464	1616	-70	58	-102	11549	57745	11549	70464060
4018	-8479	-12107	-72	-502	1681	-70	58	-102	11550	57750	11550	70464061
3888	-8395	-12266	-152	-510	1747	-70	58	-102	11551	57755	11551	70464061
3709	-8269	-12428	-178	-517	1824	-69	59	-104	11552	57760	11552	70464061
3612	-8259	-12594	-130	-499	1908	-67	59	-105	11553	57765	11553	70464062
3553	-8256	-12816	-99	-481	1964	-69	60	-103	11554	57770	11554	70464062
3435	-8191	-13004	-58	-432	2013	-70	60	-102	11555	57775	11555	70464085
3380	-8160	-13092	41	-363	2082	-71	59	-99	11556	57780	11556	70464100
3305	-8278	-13187	211	-286	2132	-71	59	-97	11557	57785	11557	70464100
3262	-8410	-13230	389	-203	2161	-71	63	-98	11558	57790	11558	70464100
3215	-8547	-13183	559	-122	2155	-71	65	-99	11559	57795	11559	70464100
3156	-8664	-13069	753	-43	2131	-70	64	-101	11560	57800	11560	70464100
3162	-8832	-12942	992	41	2114	-70	64	-102	11561	57805	11561	70464100
3109	-8996	-12774	1169	96	2065	-68	62	-100	11562	57810	11562	70464100
3086	-9119	-12637	1306	146	2004	-67	61	-99	11563	57815	11563	70464107
3110	-9380	-12420	1403	206	1933	-70	64	-101	11564	57820	11564	70464160
3116	-9637	-12166	1431	242	1820	-71	65	-101	11565	57825	11565	70464173
3164	-9846	-12130	1453	256	1699	-69	64	-99	11566	57830	11566	70464173
3282	-9992	-11993	1396	281	1612	-68	64	-98	11567	57835	11567	70464173
3399	-10202	-11846	1307	285	1501	-69	63	-99	11568	57840	11568	70464173
3616	-10314	-11724	1098	288	1365	-69	63	-99	11569	57845	11569	70464173
3744	-10342	-11672	913	261	1223	-67	63	-101	11570	57850	11570	70464173
3800	-10348	-11596	728	237	1128	-67	63	-101	11571	57855	11571	70464173
3978	-10365	-11528	556	215	1035	-71	61	-100	11572	57860	11572	70464173
4105	-10293	-11432	303	188	923	-72	60	-100	11573	57865	11573	70464173
4221	-10162	-11546	71	143	819	-70	62	-103	11574	57870	11574	70464215
4321	-10004	-11631	-123	107	725	-70	62	-104	11575	57875	11575	70464226
4401	-9844	-11756	-288	78	664	-68	66	-105	11576	57880	11576	70464226
4508	-9690	-11898	-419	58	586	-67	67	-105	11577	57885	11577	70464226
4594	-9666	-12050	-499	4	510	-65	65	-101	11578	57890	11578	70464227
4616	-9556	-12074	-561	-24	456	-65	65	-101	11579	57895	11579	70464227
4704	-9406	-12286	-597	-59	423	-67	61	-103	11580	57900	11580	70464227
4652	-9268	-12284	-576	-109	405	-67	61	-103	11581	57905	11581	70464235
4612	-9166	-12298	-534	-130	382	-69	61	-97	11582	57910	11582	70464264
4628	-9018	-12292	-491	-167	358	-69	61	-97	11583	57915	11583	70464264
4576	-8940	-12248	-420	-199	352	-71	61	-101	11584	57920	11584	70464264
4602	-8950	-12246	-366	-220	304	-71	61	-101	11585	57925	11585	70464264
4606	-8929	-12285	-287	-262	274	-69	57	-105	11586	57930	11586	70464265
4550	-8906	-12266	-254	-295	239	-69	58	-105	11587	57935	11587	70464265
4499	-8952	-12309	-219	-309	211	-70	62	-106	11588	57940	11588	70464265
4513	-9039	-12344	-183	-326	178	-70	61	-105	11589	57945	11589	70464265
4513	-9084	-12301	-155	-348	145	-71	57	-103	11590	57950	11590	70464265
4584	-9150	-12282	-150	-376	114	-71	57	-103	11591	57955	11591	70464265
4571	-9192	-12246	-156	-404	64	-71	59	-105	11592	57960	11592	70464265
4604	-9322	-12289	-167	-423	7	-71	58	-104	11593	57965	11593	70464265
4578	-9338	-12157	-177	-460	-40	-69	55	-99	11594	57970	11594	70464267
4634	-9405	-12133	-177	-497	-82	-68	57	-99	11595	57975	11595	70464274
4680	-9473	-12123	-167	-538	-135	-67	61	-99	11596	57980	11596	70464275
4750	-9537	-12072	-177	-572	-187	-68	61	-99	11597	57985	11597	70464275
4765	-9696	-11970	-179	-607	-261	-71	59	-97	11598	57990	11598	70464277
4796	-9736	-11928	-158	-649	-320	-70	59	-97	11599	57995	11599	70464297
4824	-9727	-11918	-127	-707	-367	-66	60	-98	11600	58000	11600	70464340
4875	-9723	-11807	-94	-766	-398	-67	60	-98	11601	58005	11601	70464340
4900	-9699	-11757	-76	-817	-440	-72	60	-98	11602	58010	11602	70464341
4929	-9747	-11681	-49	-893	-498	-72	60	-98	11603	58015	11603	70464341
4882	-9733	-11589	-29	-965	-545	-71	61	-99	11604	58020	11604	70464342
4846	-9698	-11519	-12	-1032	-585	-72	61	-99	11605	58025	11605	70464342
4829	-9707	-11504	-23	-1104	-636	-74	62	-100	11606	58030	11606	70464356
4789	-9745	-11540	-73	-1175	-701	-72	61	-100	11607	58035	11607	70464384
4732	-9804	-11596	-149	-1232	-773	-70	60	-100	11608	58040	11608	70464392
4624	-9785	-11616	-234	-1289	-839	-74	62	-98	11609	58045	11609	70464393
4533	-9751	-11773	-330	-1342	-900	-79	65	-95	11610	58050	11610	70464393
4458	-9737	-11854	-421	-1370	-959	-74	63	-95	11611	58055	11611	70464393
4408	-9662	-11850	-532	-1389	-1030	-71	61	-95	11612	58060	11612	70464393
4313	-9558	-11949	-614	-1426	-1108	-72	62	-97	11613	58065	11613	70464393
4235	-9470	-12009	-656	-1438	-1158	-72	62	-98	11614	58070	11614	70464398
4185	-9362	-12077	-685	-1437	-1205	-69	59	-102	11615	58075	11615	70464421
4058	-9256	-12157	-693	-1435	-1268	-67	57	-105	11616	58080	11616	70464434
3915	-9220	-12264	-685	-1438	-1333	-69	59	-100	11617	58085	11617	70464435
3856	-9219	-12289	-680	-1440	-1388	-71	61	-97	11618	58090	11618	70464435
3744	-9130	-12314	-673	-1431	-1434	-70	59	-102	11619	58095	11619	70464435
3600	-9124	-12329	-665	-1435	-1465	-70	58	-104	11620	58100	11620	70464435
3517	-9105	-12315	-627	-1428	-1491	-72	61	-105	11621	58105	11621	70464435
3494	-9064	-12251	-587	-1409	-1504	-73	63	-105	11622	58110	11622	70464435
3392	-9034	-12222	-565	-1403	-1535	-68	63	-105	11623	58115	11623	70464435
3309	-9066	-12269	-560	-1381	-1573	-65	63	-105	11624	58120	11624	70464435
3264	-9080	-12307	-564	-1352	-1595	-67	59	-103	11625	58125	11625	70464435
3210	-9146	-12313	-567	-1330	-1614	-69	57	-101	11626	58130	11626	70464435
3164	-9198	-12338	-575	-1298	-1638	-70	64	-102	11627	58135	11627	70464435
3130	-9232	-12319	-588	-1263	-1642	-70	66	-102	11628	58140	11628	70464449
3044	-9197	-12368	-588	-1245	-1624	-69	62	-101	11629	58145	11629	70464453
3074	-9162	-12312	-565	-1219	-1610	-69	61	-101	11630	58150	11630	70464453
2993	-9135	-12275	-561	-1186	-1592	-71	59	-99	11631	58155	11631	70464462
3036	-9021	-12324	-528	-1152	-1560	-71	59	-99	11632	58160	11632	70464481
3118	-9012	-12317	-497	-1127	-1518	-72	66	-101	11633	58165	11633	70464485
3131	-9043	-12162	-453	-1100	-1483	-72	68	-102	11634	58170	11634	70464485
3156	-9087	-12228	-408	-1077	-1445	-69	63	-102	11635	58175	11635	70464485
3202	-9172	-12162	-360	-1036	-1379	-68	62	-102	11636	58180	11636	70464485
3300	-9244	-12272	-325	-1005	-1340	-70	64	-98	11637	58185	11637	70464485
3450	-9292	-12218	-321	-972	-1277	-70	64	-98	11638	58190	11638	70464485
3524	-9286	-12230	-306	-954	-1218	-70	66	-98	11639	58195	11639	70464485
3620	-9308	-12240	-285	-909	-1165	-70	66	-98	11640	58200	11640	70464521
3682	-9226	-12258	-279	-847	-1105	-69	67	-95	11641	58205	11641	70464532
3734	-9232	-12216	-272	-794	-1040	-69	67	-95	11642	58210	11642	70464532
3798	-9198	-12146	-243	-775	-975	-74	68	-108	11643	58215	11643	70464532
3915	-9228	-12073	-229	-741	-914	-73	68	-108	11644	58220	11644	70464532
4002	-9248	-12080	-216	-706	-873	-66	68	-106	11645	58225	11645	70464533
4042	-9376	-12172	-215	-687	-835	-66	68	-106	11646	58230	11646	70464533
3992	-9330	-12170	-207	-653	-814	-68	62	-102	11647	58235	11647	70464533
4028	-9382	-12090	-224	-648	-786	-68	62	-102	11648	58240	11648	70464534
4086	-9340	-12222	-262	-620	-767	-74	62	-100	11649	58245	11649	70464534
4138	-9318	-12070	-332	-604	-757	-74	62	-100	11650	58250	11650	70464534
4196	-9232	-12180	-319	-598	-739	-71	67	-99	11651	58255	11651	70464565
4292	-9246	-12212	-360	-594	-721	-71	67	-99	11652	58260	11652	70464571
4306	-9311	-12188	-450	-598	-765	-68	60	-104	11653	58265	11653	70464571
4264	-9334	-12267	-495	-619	-818	-69	62	-103	11654	58270	11654	70464571
4260	-9319	-12328	-495	-641	-836	-74	68	-100	11655	58275	11655	70464572
4282	-9338	-12209	-510	-652	-843	-73	67	-101	11656	58280	11656	70464572
4321	-9228	-12129	-484	-672	-877	-67	63	-105	11657	58285	11657	70464572
4308	-9032	-12184	-435	-712	-892	-67	63	-105	11658	58290	11658	70464572
4359	-8922	-12054	-383	-759	-923	-67	65	-105	11659	58295	11659	70464574
4328	-8770	-11827	-334	-812	-968	-68	64	-104	11660	58300	11660	70464587
4407	-8528	-11699	-271	-891	-1000	-69	61	-99	11661	58305	11661	70464609
4484	-8392	-11697	-212	-945	-1032	-70	61	-99	11662	58310	11662	70464609
4555	-8396	-11771	-184	-987	-1086	-71	61	-99	11663	58315	11663	70464610
4530	-8514	-11942	-176	-1036	-1156	-71	62	-99	11664	58320	11664	70464610
4495	-8672	-12172	-187	-1076	-1231	-70	64	-100	11665	58325	11665	70464610
4531	-8858	-12260	-225	-1118	-1289	-70	65	-102	11666	58330	11666	70464611
4556	-8963	-12464	-285	-1156	-1316	-70	66	-104	11667	58335	11667	70464615
4553	-9011	-12690	-356	-1185	-1333	-70	64	-104	11668	58340	11668	70464629
4573	-9067	-12660	-398	-1213	-1359	-70	60	-104	11669	58345	11669	70464649
4498	-9050	-12738	-357	-1258	-1379	-73	63	-101	11670	58350	11670	70464649
4503	-8980	-12672	-286	-1284	-1389	-78	68	-96	11671	58355	11671	70464649
4507	-8855	-12588	-177	-1316	-1413	-76	67	-97	11672	58360	11672	70464649
4504	-8780	-12478	-46	-1362	-1456	-72	66	-98	11673	58365	11673	70464649
4486	-8782	-12342	104	-1417	-1521	-72	65	-97	11674	58370	11674	70464649
4461	-8839	-12242	269	-1487	-1592	-71	63	-95	11675	58375	11675	70464662
4447	-8938	-12106	422	-1559	-1648	-70	65	-97	11676	58380	11676	70464683
4461	-8989	-11958	531	-1643	-1710	-69	69	-101	11677	58385	11677	70464685
4490	-9088	-11936	551	-1726	-1769	-70	64	-97	11678	58390	11678	70464687
4549	-9181	-11996	495	-1789	-1823	-71	61	-95	11679	58395	11679	70464689
4505	-9223	-12116	371	-1856	-1893	-73	65	-96	11680	58400	11680	70464690
4398	-9193	-12208	211	-1919	-1942	-74	68	-96	11681	58405	11681	70464690
4251	-9105	-12319	51	-1974	-1958	-72	67	-95	11682	58410	11682	70464691
4137	-8915	-12471	-81	-2007	-1953	-71	67	-95	11683	58415	11683	70464706
4088	-8719	-12532	-171	-2034	-1919	-73	65	-96	11684	58420	11684	70464716
3967	-8585	-12560	-225	-2060	-1894	-74	64	-96	11685	58425	11685	70464716
3803	-8480	-12646	-235	-2088	-1890	-73	66	-95	11686	58430	11686	70464716
3743	-8378	-12644	-188	-2114	-1880	-72	66	-94	11687	58435	11687	70464716
3579	-8318	-12692	-108	-2152	-1852	-73	67	-98	11688	58440	11688	70464716
3415	-8230	-12700	-14	-2165	-1809	-73	67	-99	11689	58445	11689	70464724
3333	-8253	-12800	71	-2174	-1779	-71	69	-97	11690	58450	11690	70464750
3210	-8277	-12792	158	-2194	-1762	-71	69	-97	11691	58455	11691	70464756
3060	-8336	-12784	230	-2196	-1749	-70	65	-93	11692	58460	11692	70464757
2987	-8415	-12813	298	-2184	-1729	-70	64	-92	11693	58465	11693	70464757
2893	-8418	-12825	382	-2155	-1672	-69	68	-96	11694	58470	11694	70464757
2804	-8376	-12754	442	-2117	-1587	-69	69	-97	11695	58475	11695	70464757
2746	-8330	-12730	482	-2082	-1520	-68	65	-96	11696	58480	11696	70464757
2698	-8355	-12765	512	-2062	-1481	-68	64	-96	11697	58485	11697	70464794
2544	-8394	-12692	552	-2023	-1461	-69	68	-98	11698	58490	11698	70464805
2500	-8405	-12725	624	-1966	-1394	-69	69	-99	11699	58495	11699	70464806
2530	-8416	-12752	702	-1886	-1300	-70	71	-98	11700	58500	11700	70464806
2474	-8583	-12788	760	-1802	-1273	-70	72	-98	11701	58505	11701	70464806
2326	-8848	-12730	859	-1725	-1271	-63	71	-95	11702	58510	11702	70464807
2224	-9096	-12864	934	-1646	-1257	-63	71	-95	11703	58515	11703	70464807
2224	-9198	-12746	969	-1592	-1195	-64	76	-94	11704	58520	11704	70464808
2190	-9186	-12620	1007	-1511	-1134	-64	76	-94	11705	58525	11705	70464842
2222	-9212	-12508	1042	-1461	-1099	-71	69	-97	11706	58530	11706	70464842
2310	-9262	-12496	1011	-1356	-1089	-71	69	-97	11707	58535	11707	70464842
2216	-9396	-12450	982	-1262	-1088	-67	75	-93	11708	58540	11708	70464842
2332	-9500	-12500	935	-1187	-1089	-67	75	-93	11709	58545	11709	70464842
2388	-9410	-12462	897	-1103	-1070	-68	68	-96	11710	58550	11710	70464843
2472	-9486	-12412	853	-995	-1027	-67	68	-96	11711	58555	11711	70464845
2584	-9503	-12458	808	-909	-994	-62	68	-94	11712	58560	11712	70464859
2673	-9548	-12372	753	-830	-979	-64	66	-94	11713	58565	11713	70464886
2796	-9632	-12459	691	-748	-981	-70	60	-96	11714	58570	11714	70464886
2921	-9723	-12492	636	-663	-961	-71	63	-95	11715	58575	11715	70464887
3078	-9753	-12548	568	-572	-912	-73	75	-91	11716	58580	11716	70464887
3164	-9733	-12568	517	-500	-884	-71	73	-91	11717	58585	11717	70464888
3264	-9728	-12470	469	-443	-881	-61	65	-91	11718	58590	11718	70464888
3444	-9772	-12554	350	-343	-883	-62	66	-91	11719	58595	11719	70464889
3581	-9691	-12230	151	-264	-912	-66	72	-92	11720	58600	11720	70464889
3668	-9571	-12256	152	-228	-921	-67	72	-92	11721	58605	11721	70464891
3870	-9513	-12243	154	-167	-868	-70	70	-94	11722	58610	11722	70464904
4009	-9470	-12165	104	-105	-877	-69	70	-96	11723	58615	11723	70464918
4071	-9494	-12155	95	-71	-895	-66	68	-102	11724	58620	11724	70464918
4181	-9462	-12105	25	-60	-874	-67	67	-100	11725	58625	11725	70464918
4232	-9479	-12045	-111	-53	-888	-69	63	-91	11726	58630	11726	70464918
4311	-9547	-12107	-187	-36	-924	-68	65	-92	11727	58635	11727	70464919
4368	-9574	-12010	-310	-57	-922	-66	70	-94	11728	58640	11728	70464919
4467	-9387	-11968	-404	-81	-888	-66	69	-97	11729	58645	11729	70464923
4606	-9325	-11936	-457	-98	-854	-67	67	-101	11730	58650	11730	70464939
4668	-9363	-11949	-497	-140	-895	-66	68	-100	11731	58655	11731	70464956
4752	-9380	-11965	-562	-184	-963	-65	69	-99	11732	58660	11732	70464956
4801	-9360	-12005	-626	-211	-998	-69	69	-100	11733	58665	11733	70464956
4930	-9343	-12061	-677	-240	-1037	-74	70	-102	11734	58670	11734	70464956
5045	-9410	-12073	-705	-295	-1109	-70	69	-99	11735	58675	11735	70464956
5151	-9378	-12091	-709	-370	-1179	-66	68	-96	11736	58680	11736	70464956
5247	-9274	-12088	-694	-421	-1223	-69	69	-93	11737	58685	11737	70464978
5292	-9198	-12092	-667	-471	-1259	-71	69	-91	11738	58690	11738	70465004
5379	-9142	-11998	-637	-544	-1300	-69	68	-95	11739	58695	11739	70465012
5506	-9018	-11888	-576	-612	-1345	-67	67	-97	11740	58700	11740	70465013
5646	-8950	-11764	-503	-668	-1389	-67	69	-98	11741	58705	11741	70465013
5790	-8952	-11657	-469	-733	-1443	-66	70	-98	11742	58710	11742	70465013
5902	-8918	-11602	-520	-811	-1502	-67	68	-98	11743	58715	11743	70465013
5816	-8772	-11688	-589	-920	-1536	-68	66	-98	11744	58720	11744	70465014
5516	-8534	-11924	-636	-1055	-1498	-70	69	-96	11745	58725	11745	70465031
5264	-8360	-12098	-693	-1166	-1423	-71	71	-95	11746	58730	11746	70465042
5055	-8342	-12216	-727	-1280	-1370	-73	72	-97	11747	58735	11747	70465042
4898	-8442	-12328	-726	-1397	-1327	-74	72	-98	11748	58740	11748	70465042
4674	-8576	-12279	-666	-1525	-1278	-72	70	-93	11749	58745	11749	70465043
4376	-8641	-12203	-498	-1668	-1194	-71	69	-89	11750	58750	11750	70465043
4120	-8574	-12175	-304	-1797	-1090	-68	67	-93	11751	58755	11751	70465043
3901	-8439	-12259	-128	-1917	-1021	-66	66	-96	11752	58760	11752	70465081
3770	-8500	-12270	-29	-1999	-1047	-68	71	-94	11753	58765	11753	70465094
3668	-8570	-12278	14	-2056	-1094	-68	72	-94	11754	58770	11754	70465094
3501	-8697	-12437	36	-2077	-1146	-69	73	-95	11755	58775	11755	70465094
3350	-8828	-12655	50	-2078	-1175	-69	73	-95	11756	58780	11756	70465094
3247	-8972	-12801	29	-2061	-1203	-70	72	-96	11757	58785	11757	70465094
3196	-9053	-12848	3	-2015	-1235	-70	72	-96	11758	58790	11758	70465094
3236	-9044	-12886	-44	-1979	-1247	-69	71	-95	11759	58795	11759	70465094
3149	-9078	-12912	-89	-1923	-1280	-69	71	-95	11760	58800	11760	70465094
3042	-8992	-12924	-120	-1836	-1337	-63	65	-99	11761	58805	11761	70465094
3102	-8788	-12944	-99	-1750	-1353	-63	65	-99	11762	58810	11762	70465145
3074	-8740	-12814	-112	-1665	-1389	-65	69	-95	11763	58815	11763	70465145
3014	-8728	-12866	-142	-1581	-1444	-65	69	-95	11764	58820	11764	70465145
3018	-8608	-12856	-135	-1505	-1463	-66	74	-92	11765	58825	11765	70465145
3008	-8566	-12884	-83	-1435	-1461	-66	74	-92	11766	58830	11766	70465146
2964	-8665	-12829	-62	-1351	-1446	-71	72	-92	11767	58835	11767	70465146
2973	-8778	-12852	-86	-1306	-1466	-72	72	-92	11768	58840	11768	70465146
2908	-8956	-12894	-118	-1223	-1497	-64	76	-92	11769	58845	11769	70465146
2762	-8962	-12790	-135	-1176	-1457	-64	76	-92	11770	58850	11770	70465146
2860	-8950	-12758	-160	-1137	-1381	-71	73	-93	11771	58855	11771	70465146
2932	-8944	-12630	-160	-1086	-1315	-71	73	-93	11772	58860	11772	70465146
2850	-8896	-12524	-131	-1034	-1258	-65	73	-93	11773	58865	11773	70465179
2894	-8794	-12536	-147	-1005	-1202	-65	73	-93	11774	58870	11774	70465179
2918	-8858	-12412	-156	-966	-1147	-71	79	-101	11775	58875	11775	70465179
2960	-8796	-12442	-152	-909	-1057	-71	79	-101	11776	58880	11776	70465180
3044	-8768	-12468	-134	-874	-975	-72	76	-92	11777	58885	11777	70465180
3035	-8752	-12404	-92	-825	-837	-71	76	-92	11778	58890	11778	70465180
3047	-8836	-12392	-44	-791	-731	-69	75	-93	11779	58895	11779	70465183
3100	-8942	-12418	-18	-744	-646	-69	74	-94	11780	58900	11780	70465202
3073	-8909	-12487	-16	-703	-528	-71	69	-97	11781	58905	11781	70465243
3089	-8896	-12578	5	-650	-363	-70	69	-95	11782	58910	11782	70465244
3178	-8887	-12579	26	-601	-249	-66	70	-88	11783	58915	11783	70465244
3181	-8858	-12498	26	-560	-140	-66	71	-89	11784	58920	11784	70465244
3097	-8858	-12509	26	-499	-20	-65	77	-95	11785	58925	11785	70465244
3044	-8788	-12520	40	-445	128	-65	75	-93	11786	58930	11786	70465244
3060	-8773	-12542	67	-398	223	-65	73	-91	11787	58935	11787	70465260
3073	-8733	-12577	105	-358	303	-66	70	-93	11788	58940	11788	70465288
3109	-8739	-12612	140	-309	374	-68	66	-96	11789	58945	11789	70465295
3116	-8732	-12655	177	-266	431	-68	67	-96	11790	58950	11790	70465295
3183	-8693	-12654	215	-227	493	-68	72	-94	11791	58955	11791	70465296
3176	-8710	-12712	248	-184	533	-69	72	-94	11792	58960	11792	70465296
3283	-8760	-12661	279	-143	542	-73	73	-93	11793	58965	11793	70465296
