-12228	-10604	-4223	1752	-39	1336	33	49	-45	13649	68245	13649	70474538
-12082	-11031	-4199	1851	25	1419	34	49	-44	13650	68250	13650	70474538
-11934	-11439	-4297	1889	47	1435	38	50	-42	13651	68255	13651	70474538
-11821	-11815	-4376	1836	56	1401	37	49	-43	13652	68260	13652	70474539
-11703	-12140	-4490	1707	30	1318	35	45	-45	13653	68265	13653	70474539
-11595	-12414	-4534	1527	-16	1214	35	45	-45	13654	68270	13654	70474539
-11567	-12648	-4568	1315	-87	1091	36	44	-44	13655	68275	13655	70474556
-11475	-12842	-4648	1059	-196	965	35	45	-43	13656	68280	13656	70474622
-11468	-12968	-4660	763	-327	796	33	47	-41	13657	68285	13657	70474622
-11407	-13008	-4706	403	-485	621	32	45	-45	13658	68290	13658	70474622
-11356	-13028	-4680	82	-630	470	30	42	-52	13659	68295	13659	70474622
-11389	-13015	-4648	-230	-783	314	32	45	-49	13660	68300	13660	70474622
-11421	-12926	-4584	-512	-940	169	34	50	-44	13661	68305	13661	70474622
-11498	-12859	-4506	-762	-1082	49	36	51	-44	13662	68310	13662	70474624
-11569	-12718	-4372	-969	-1216	-53	38	52	-44	13663	68315	13663	70474648
-11660	-12578	-4264	-1143	-1347	-116	32	51	-44	13664	68320	13664	70474677
-11745	-12395	-4152	-1281	-1467	-158	23	49	-43	13665	68325	13665	70474677
-11819	-12262	-4055	-1371	-1560	-170	31	47	-42	13666	68330	13666	70474677
-11868	-12164	-4050	-1407	-1613	-151	36	46	-42	13667	68335	13667	70474677
-11946	-12058	-3949	-1402	-1635	-105	39	48	-45	13668	68340	13668	70474677
-12043	-11950	-3875	-1359	-1627	-42	41	49	-47	13669	68345	13669	70474677
-12090	-11833	-3817	-1271	-1583	37	36	49	-47	13670	68350	13670	70474677
-12111	-11760	-3788	-1141	-1511	119	33	49	-47	13671	68355	13671	70474677
-12167	-11713	-3803	-991	-1407	209	36	50	-46	13672	68360	13672	70474677
-12183	-11667	-3898	-799	-1289	292	38	50	-46	13673	68365	13673	70474677
-12151	-11604	-3948	-544	-1145	380	34	49	-42	13674	68370	13674	70474678
-12139	-11582	-4024	-299	-992	445	32	48	-40	13675	68375	13675	70474688
-12165	-11513	-3982	-88	-847	491	30	50	-45	13676	68380	13676	70474693
-12143	-11461	-4129	119	-715	534	30	50	-46	13677	68385	13677	70474693
-12070	-11460	-4213	297	-582	571	27	47	-46	13678	68390	13678	70474693
-12067	-11508	-4274	448	-452	588	26	46	-46	13679	68395	13679	70474713
-11977	-11502	-4315	563	-340	592	34	56	-49	13680	68400	13680	70474718
-11959	-11524	-4359	686	-253	592	36	58	-50	13681	68405	13681	70474718
-11888	-11514	-4540	805	-137	597	28	48	-42	13682	68410	13682	70474718
-11822	-11596	-4540	885	-69	603	28	48	-42	13683	68415	13683	70474718
-11778	-11644	-4498	961	5	604	33	47	-41	13684	68420	13684	70474718
-11698	-11750	-4540	1018	52	595	33	47	-41	13685	68425	13685	70474718
-11642	-11816	-4536	1017	75	578	29	51	-41	13686	68430	13686	70474718
-11598	-11936	-4590	1003	97	541	29	51	-41	13687	68435	13687	70474718
-11594	-12100	-4534	981	147	511	41	57	-51	13688	68440	13688	70474718
-11548	-12042	-4506	921	193	483	41	57	-51	13689	68445	13689	70474719
-11440	-12092	-4524	860	251	432	33	53	-43	13690	68450	13690	70474725
-11328	-12142	-4570	792	303	381	34	51	-44	13691	68455	13691	70474755
-11333	-12199	-4472	721	358	342	36	44	-50	13692	68460	13692	70474755
-11288	-12192	-4479	641	399	300	34	44	-49	13693	68465	13693	70474755
-11268	-12184	-4494	553	423	256	27	43	-47	13694	68470	13694	70474755
-11298	-12182	-4418	446	429	200	28	44	-46	13695	68475	13695	70474755
-11204	-12155	-4451	323	423	159	33	49	-41	13696	68480	13696	70474756
-11154	-12115	-4534	209	410	120	32	49	-42	13697	68485	13697	70474756
-11180	-12088	-4479	99	400	74	28	50	-46	13698	68490	13698	70474768
-11112	-12025	-4474	-11	365	13	32	51	-46	13699	68495	13699	70474802
-11078	-11981	-4506	-99	335	-38	37	53	-45	13700	68500	13700	70474802
-11026	-11924	-4452	-176	309	-84	33	55	-46	13701	68505	13701	70474802
-11006	-11871	-4430	-237	283	-131	27	57	-47	13702	68510	13702	70474802
-11004	-11810	-4428	-279	253	-173	31	53	-46	13703	68515	13703	70474802
-10988	-11752	-4391	-320	213	-214	37	47	-45	13704	68520	13704	70474803
-10997	-11714	-4380	-364	175	-249	35	48	-47	13705	68525	13705	70474809
-11018	-11672	-4362	-412	140	-281	33	49	-49	13706	68530	13706	70474827
-11018	-11621	-4354	-468	97	-315	35	47	-47	13707	68535	13707	70474840
-11024	-11562	-4364	-518	66	-347	36	44	-44	13708	68540	13708	70474840
-11038	-11525	-4385	-558	40	-369	34	45	-48	13709	68545	13709	70474840
-11043	-11530	-4321	-606	15	-399	32	46	-50	13710	68550	13710	70474840
-11034	-11492	-4307	-651	-4	-431	28	50	-51	13711	68555	13711	70474840
-11071	-11446	-4240	-678	-17	-467	25	53	-51	13712	68560	13712	70474840
-11135	-11412	-4251	-700	-29	-506	36	53	-47	13713	68565	13713	70474840
-11181	-11356	-4270	-723	-41	-542	43	53	-45	13714	68570	13714	70474841
-11217	-11298	-4234	-742	-47	-583	39	48	-46	13715	68575	13715	70474864
-11310	-11273	-4137	-751	-44	-629	38	46	-46	13716	68580	13716	70474893
-11404	-11243	-4056	-763	-35	-664	33	46	-48	13717	68585	13717	70474900
-11450	-11186	-4090	-743	-18	-716	32	46	-48	13718	68590	13718	70474901
-11540	-11118	-4018	-715	-14	-743	33	43	-49	13719	68595	13719	70474903
-11630	-11102	-4074	-671	-4	-771	33	43	-49	13720	68600	13720	70474903
-11608	-11086	-4028	-626	10	-802	28	44	-48	13721	68605	13721	70474904
-11622	-11118	-4030	-571	10	-827	28	44	-48	13722	68610	13722	70474905
-11684	-11124	-4074	-511	-2	-839	38	48	-42	13723	68615	13723	70474909
-11682	-11119	-4072	-418	-14	-855	37	48	-42	13724	68620	13724	70474939
-11735	-11155	-4066	-360	-25	-859	32	50	-44	13725	68625	13725	70474939
-11738	-11196	-4125	-293	-58	-862	32	50	-44	13726	68630	13726	70474939
-11778	-11234	-4168	-228	-90	-865	34	48	-46	13727	68635	13727	70474939
-11854	-11296	-4165	-157	-130	-869	34	48	-47	13728	68640	13728	70474939
-11916	-11359	-4163	-101	-183	-874	33	49	-51	13729	68645	13729	70474940
-11949	-11404	-4189	-31	-235	-859	33	49	-50	13730	68650	13730	70474940
-12036	-11472	-4268	32	-285	-830	33	51	-47	13731	68655	13731	70474940
-12116	-11504	-4312	72	-351	-798	34	50	-47	13732	68660	13732	70474940
-12133	-11554	-4225	99	-424	-765	36	48	-46	13733	68665	13733	70474940
-12121	-11606	-4249	124	-494	-728	36	50	-44	13734	68670	13734	70474959
-12116	-11628	-4327	137	-559	-682	35	53	-41	13735	68675	13735	70474987
-12122	-11653	-4386	135	-610	-639	36	53	-45	13736	68680	13736	70474987
-12078	-11701	-4414	110	-674	-600	38	54	-50	13737	68685	13737	70474988
-12042	-11685	-4435	68	-742	-553	39	52	-46	13738	68690	13738	70474988
-12037	-11627	-4430	15	-815	-502	41	49	-41	13739	68695	13739	70474988
-12076	-11580	-4489	-55	-894	-444	38	50	-45	13740	68700	13740	70474988
-12128	-11521	-4506	-123	-954	-368	34	50	-48	13741	68705	13741	70474989
-12099	-11434	-4440	-179	-998	-302	36	49	-49	13742	68710	13742	70474989
-12093	-11334	-4431	-223	-1019	-241	38	48	-50	13743	68715	13743	70475004
-12070	-11275	-4461	-239	-1007	-164	34	47	-48	13744	68720	13744	70475014
-12073	-11216	-4420	-248	-968	-83	31	47	-47	13745	68725	13745	70475014
-12084	-11154	-4332	-231	-918	0	28	48	-48	13746	68730	13746	70475014
-12120	-11140	-4332	-189	-857	78	26	48	-48	13747	68735	13747	70475014
-12126	-11093	-4304	-133	-786	149	25	47	-43	13748	68740	13748	70475014
-12096	-11005	-4173	-65	-685	225	24	46	-40	13749	68745	13749	70475014
-12133	-11055	-4124	27	-560	297	30	49	-48	13750	68750	13750	70475028
-12061	-11056	-4037	143	-442	351	32	50	-50	13751	68755	13751	70475047
-12005	-11066	-3976	273	-325	396	34	47	-50	13752	68760	13752	70475051
-12038	-11158	-3835	391	-213	432	34	46	-50	13753	68765	13753	70475051
-11942	-11180	-3732	520	-107	451	33	50	-48	13754	68770	13754	70475051
-11938	-11303	-3760	654	-25	469	33	51	-47	13755	68775	13755	70475051
-11867	-11310	-3737	771	47	473	34	45	-46	13756	68780	13756	70475051
-11686	-11384	-3688	915	118	480	34	44	-46	13757	68785	13757	70475051
-11716	-11458	-3688	1027	140	482	34	46	-42	13758	68790	13758	70475075
-11678	-11496	-3728	1104	167	482	34	46	-42	13759	68795	13759	70475092
-11566	-11630	-3726	1173	181	487	32	48	-46	13760	68800	13760	70475092
-11636	-11678	-3676	1247	190	486	32	48	-46	13761	68805	13761	70475093
-11562	-11788	-3760	1301	202	491	38	46	-44	13762	68810	13762	70475093
-11434	-11770	-3702	1348	209	478	38	46	-44	13763	68815	13763	70475093
-11468	-11834	-3664	1385	210	461	35	51	-51	13764	68820	13764	70475094
-11530	-11996	-3744	1427	212	453	35	51	-51	13765	68825	13765	70475094
-11459	-12053	-3705	1443	211	440	34	50	-44	13766	68830	13766	70475125
-11432	-12069	-3749	1439	203	456	33	49	-45	13767	68835	13767	70475131
-11472	-12129	-3765	1443	190	455	29	43	-47	13768	68840	13768	70475131
-11492	-12163	-3821	1441	166	457	31	44	-45	13769	68845	13769	70475131
-11552	-12186	-3740	1437	130	452	41	47	-39	13770	68850	13770	70475131
-11604	-12200	-3774	1445	77	455	40	48	-41	13771	68855	13771	70475131
-11663	-12205	-3865	1441	-4	446	36	50	-48	13772	68860	13772	70475131
-11680	-12225	-3893	1396	-122	447	36	50	-47	13773	68865	13773	70475138
-11623	-12166	-3898	1292	-243	466	37	49	-43	13774	68870	13774	70475163
-11418	-12107	-3984	1179	-334	489	37	48	-47	13775	68875	13775	70475169
-11177	-12070	-4071	1069	-405	510	38	46	-52	13776	68880	13776	70475169
-10972	-11961	-4156	974	-455	517	38	48	-50	13777	68885	13777	70475169
-10835	-11804	-4268	890	-485	516	38	52	-48	13778	68890	13778	70475169
-10783	-11690	-4363	828	-491	518	37	52	-50	13779	68895	13779	70475169
-10739	-11623	-4378	797	-458	526	36	52	-54	13780	68900	13780	70475169
-10772	-11494	-4352	793	-372	550	38	51	-51	13781	68905	13781	70475177
-10876	-11429	-4280	819	-233	577	40	50	-46	13782	68910	13782	70475197
-10936	-11474	-4286	870	-35	599	36	52	-45	13783	68915	13783	70475206
-10996	-11539	-4241	901	173	609	34	54	-44	13784	68920	13784	70475207
-11003	-11615	-4159	907	383	592	40	53	-46	13785	68925	13785	70475207
-10995	-11707	-4078	902	575	540	44	52	-48	13786	68930	13786	70475208
-11012	-11763	-3956	898	739	449	42	51	-49	13787	68935	13787	70475208
-11032	-11828	-3818	885	855	317	40	50	-50	13788	68940	13788	70475216
-11058	-11863	-3745	902	921	162	34	46	-51	13789	68945	13789	70475237
-11129	-11858	-3628	961	936	-31	30	44	-52	13790	68950	13790	70475249
-11196	-11877	-3580	1009	903	-209	36	51	-46	13791	68955	13791	70475249
-11355	-11861	-3571	1070	853	-382	37	53	-45	13792	68960	13792	70475249
-11371	-11867	-3592	1108	784	-546	31	52	-46	13793	68965	13793	70475249
-11412	-11827	-3563	1143	716	-683	30	52	-46	13794	68970	13794	70475249
-11490	-11867	-3530	1179	660	-803	36	52	-48	13795	68975	13795	70475249
-11480	-11808	-3561	1239	587	-884	38	52	-48	13796	68980	13796	70475255
-11501	-11827	-3525	1294	529	-928	39	40	-44	13797	68985	13797	70475282
-11503	-11825	-3592	1338	469	-932	39	37	-43	13798	68990	13798	70475288
-11404	-11864	-3590	1414	413	-889	32	42	-40	13799	68995	13799	70475288
-11432	-11796	-3604	1463	356	-821	32	42	-40	13800	69000	13800	70475288
-11380	-11860	-3646	1528	292	-744	41	45	-49	13801	69005	13801	70475289
-11274	-11896	-3608	1630	237	-639	41	45	-49	13802	69010	13802	70475289
-11206	-11938	-3652	1756	180	-543	42	40	-46	13803	69015	13803	70475290
-11190	-12010	-3650	1906	126	-432	42	40	-46	13804	69020	13804	70475309
-11136	-12100	-3640	2081	120	-326	39	47	-45	13805	69025	13805	70475329
-11084	-12208	-3762	2279	119	-234	39	47	-45	13806	69030	13806	70475332
-11101	-12342	-3856	2513	158	-112	39	49	-49	13807	69035	13807	70475333
-11022	-12429	-3871	2687	194	-14	40	49	-48	13808	69040	13808	70475333
-10976	-12474	-3939	2837	245	86	43	49	-45	13809	69045	13809	70475333
-10981	-12528	-3968	2940	278	195	42	48	-46	13810	69050	13810	70475333
-10954	-12586	-4083	3017	312	299	38	46	-50	13811	69055	13811	70475333
-10925	-12633	-4163	3066	340	395	39	47	-49	13812	69060	13812	70475339
-10909	-12642	-4210	3079	368	486	43	49	-47	13813	69065	13813	70475362
-10884	-12741	-4326	3080	386	582	42	49	-47	13814	69070	13814	70475362
-10849	-12828	-4395	3039	418	662	38	48	-46	13815	69075	13815	70475362
-10930	-12891	-4576	2936	462	726	40	48	-45	13816	69080	13816	70475362
-10969	-13017	-4629	2812	498	772	42	48	-44	13817	69085	13817	70475362
-10989	-13115	-4636	2654	535	801	41	46	-45	13818	69090	13818	70475363
-11022	-13225	-4674	2443	563	825	39	43	-47	13819	69095	13819	70475367
-11060	-13320	-4690	2200	580	832	42	44	-45	13820	69100	13820	70475384
-11005	-13367	-4718	1933	589	835	46	46	-42	13821	69105	13821	70475400
-10932	-13414	-4689	1620	571	832	44	47	-42	13822	69110	13822	70475400
-10953	-13485	-4645	1239	516	802	40	48	-42	13823	69115	13823	70475400
-10906	-13504	-4549	851	446	769	40	49	-42	13824	69120	13824	70475400
-10902	-13564	-4498	512	364	732	40	50	-42	13825	69125	13825	70475400
-10924	-13571	-4427	188	270	689	41	49	-39	13826	69130	13826	70475400
-10917	-13491	-4332	-121	176	647	41	49	-37	13827	69135	13827	70475423
-10940	-13436	-4262	-402	75	603	39	50	-44	13828	69140	13828	70475446
-10945	-13380	-4200	-665	-31	565	37	51	-49	13829	69145	13829	70475452
-10940	-13254	-4153	-912	-140	524	38	48	-45	13830	69150	13830	70475452
-10960	-13135	-4110	-1129	-249	485	38	46	-42	13831	69155	13831	70475452
-10889	-12942	-4062	-1344	-367	456	39	47	-43	13832	69160	13832	70475452
-10923	-12752	-4065	-1502	-461	434	39	47	-43	13833	69165	13833	70475453
-10860	-12612	-4094	-1601	-540	436	40	51	-47	13834	69170	13834	70475453
-10835	-12482	-4047	-1629	-596	449	40	52	-48	13835	69175	13835	70475483
-10858	-12382	-4002	-1611	-641	473	41	53	-42	13836	69180	13836	70475499
-10909	-12231	-3970	-1555	-685	493	41	53	-41	13837	69185	13837	70475502
-10898	-12164	-3985	-1449	-706	533	40	49	-42	13838	69190	13838	70475502
-10927	-12057	-3961	-1308	-713	556	40	48	-42	13839	69195	13839	70475502
-10988	-12052	-3862	-1132	-732	582	41	47	-45	13840	69200	13840	70475503
-11004	-12020	-3910	-977	-741	604	41	47	-45	13841	69205	13841	70475503
-11010	-12014	-3950	-808	-757	626	40	42	-38	13842	69210	13842	70475503
-11092	-12026	-4018	-656	-767	637	40	42	-38	13843	69215	13843	70475504
-11054	-12012	-3994	-529	-753	645	37	49	-45	13844	69220	13844	70475504
-11118	-12096	-3970	-407	-732	635	37	49	-45	13845	69225	13845	70475528
-11124	-12006	-3938	-320	-720	613	38	46	-44	13846	69230	13846	70475539
-11102	-12018	-3944	-253	-732	589	38	46	-44	13847	69235	13847	70475539
-10994	-11944	-3940	-231	-740	579	38	48	-48	13848	69240	13848	70475539
-11058	-11873	-4075	-220	-740	559	39	48	-47	13849	69245	13849	70475540
-11037	-11772	-4063	-248	-735	539	43	47	-45	13850	69250	13850	70475540
-11049	-11712	-4068	-276	-721	506	42	47	-44	13851	69255	13851	70475540
-11102	-11769	-4079	-303	-700	477	37	47	-41	13852	69260	13852	70475540
-11212	-11766	-4075	-318	-666	463	37	46	-42	13853	69265	13853	70475541
-11270	-11764	-4007	-322	-617	458	38	44	-44	13854	69270	13854	70475541
-11276	-11762	-3953	-297	-578	462	38	44	-45	13855	69275	13855	70475548
-11297	-11798	-3854	-276	-539	466	38	46	-50	13856	69280	13856	70475576
-11253	-11830	-3883	-272	-532	457	37	47	-50	13857	69285	13857	70475576
-11206	-11894	-3835	-338	-570	426	35	51	-49	13858	69290	13858	70475577
-11105	-11894	-3838	-441	-632	373	37	49	-47	13859	69295	13859	70475577
-11007	-11867	-3880	-566	-683	307	40	46	-44	13860	69300	13860	70475577
-11005	-11886	-3944	-703	-711	232	39	48	-44	13861	69305	13861	70475577
-11008	-11836	-4031	-845	-702	156	37	51	-43	13862	69310	13862	70475589
-11113	-11799	-4088	-959	-653	92	38	52	-43	13863	69315	13863	70475623
-11235	-11732	-4049	-1037	-575	49	40	54	-42	13864	69320	13864	70475649
-11336	-11599	-4003	-1083	-476	23	38	47	-38	13865	69325	13865	70475650
-11448	-11593	-4024	-1092	-385	11	35	39	-33	13866	69330	13866	70475650
-11542	-11577	-3919	-1075	-335	21	34	43	-37	13867	69335	13867	70475650
-11596	-11568	-3861	-1060	-311	25	34	46	-40	13868	69340	13868	70475651
-11659	-11607	-3788	-1058	-311	18	36	46	-44	13869	69345	13869	70475652
-11681	-11685	-3741	-1077	-354	-1	38	46	-46	13870	69350	13870	70475652
-11693	-11707	-3783	-1134	-424	-42	41	48	-45	13871	69355	13871	70475672
-11687	-11693	-3804	-1206	-489	-113	43	49	-45	13872	69360	13872	70475685
-11722	-11652	-3783	-1281	-552	-198	40	52	-42	13873	69365	13873	70475685
-11792	-11662	-3784	-1356	-614	-301	38	54	-40	13874	69370	13874	70475685
-11751	-11591	-3894	-1412	-633	-394	34	50	-42	13875	69375	13875	70475685
-11772	-11488	-3814	-1445	-646	-472	33	49	-43	13876	69380	13876	70475685
-11842	-11444	-3796	-1466	-639	-531	33	44	-46	13877	69385	13877	70475685
-11813	-11332	-3825	-1473	-636	-576	33	43	-47	13878	69390	13878	70475685
-11840	-11263	-3810	-1473	-648	-603	36	43	-42	13879	69395	13879	70475685
-11917	-11207	-3719	-1479	-669	-606	37	43	-41	13880	69400	13880	70475694
-11937	-11134	-3733	-1500	-697	-591	36	47	-43	13881	69405	13881	70475726
-12028	-11122	-3788	-1523	-740	-563	36	48	-44	13882	69410	13882	70475734
-11916	-10990	-3754	-1530	-772	-549	36	48	-44	13883	69415	13883	70475734
-11928	-11116	-3814	-1530	-802	-528	36	48	-44	13884	69420	13884	70475735
-11964	-11060	-3700	-1517	-806	-514	35	51	-43	13885	69425	13885	70475735
-11930	-11046	-3714	-1488	-803	-510	35	51	-43	13886	69430	13886	70475735
-11938	-11076	-3664	-1451	-787	-491	39	53	-49	13887	69435	13887	70475736
-11934	-11080	-3750	-1404	-770	-473	39	53	-49	13888	69440	13888	70475736
-11876	-11128	-3730	-1323	-721	-455	36	46	-46	13889	69445	13889	70475736
-11926	-11180	-3754	-1235	-684	-425	36	46	-46	13890	69450	13890	70475736
-11908	-11245	-3705	-1140	-618	-393	38	44	-48	13891	69455	13891	70475748
-11933	-11350	-3795	-1063	-572	-358	38	45	-48	13892	69460	13892	70475771
-11871	-11360	-3792	-999	-533	-321	37	47	-47	13893	69465	13893	70475771
-11869	-11447	-3908	-928	-503	-287	35	47	-46	13894	69470	13894	70475771
-11779	-11486	-3867	-863	-477	-248	29	47	-41	13895	69475	13895	70475772
-11749	-11504	-4009	-819	-451	-188	30	48	-42	13896	69480	13896	70475772
-11681	-11552	-4090	-786	-437	-147	36	50	-46	13897	69485	13897	70475772
-11594	-11595	-4248	-798	-420	-114	35	49	-45	13898	69490	13898	70475772
-11609	-11648	-4287	-824	-421	-82	31	45	-41	13899	69495	13899	70475775
-11625	-11680	-4340	-852	-424	-66	31	46	-43	13900	69500	13900	70475819
-11636	-11761	-4368	-884	-422	-36	32	48	-46	13901	69505	13901	70475880
-11618	-11858	-4370	-912	-422	-5	33	50	-44	13902	69510	13902	70475880
-11612	-11896	-4380	-954	-430	18	34	52	-42	13903	69515	13903	70475880
-11609	-11899	-4387	-1006	-444	40	32	51	-40	13904	69520	13904	70475880
-11571	-11968	-4366	-1062	-457	58	30	50	-38	13905	69525	13905	70475880
-11533	-12060	-4344	-1126	-474	69	33	51	-39	13906	69530	13906	70475880
-11444	-12109	-4287	-1208	-489	73	37	53	-41	13907	69535	13907	70475880
-11366	-12119	-4252	-1293	-499	76	36	50	-44	13908	69540	13908	70475887
-11330	-12158	-4245	-1389	-515	76	36	48	-46	13909	69545	13909	70475907
-11290	-12230	-4258	-1489	-520	73	34	46	-51	13910	69550	13910	70475918
-11281	-12220	-4300	-1566	-524	62	32	44	-54	13911	69555	13911	70475918
-11216	-12186	-4316	-1651	-537	63	32	48	-47	13912	69560	13912	70475918
-11212	-12136	-4312	-1726	-564	58	32	50	-42	13913	69565	13913	70475918
-11178	-12118	-4310	-1794	-602	54	33	52	-44	13914	69570	13914	70475918
-11104	-12162	-4401	-1891	-643	52	33	53	-45	13915	69575	13915	70475918
-11151	-12128	-4409	-1964	-673	37	33	48	-48	13916	69580	13916	70475918
-11060	-12130	-4377	-2015	-694	32	33	47	-49	13917	69585	13917	70475918
-11087	-12104	-4386	-2059	-695	8	36	47	-43	13918	69590	13918	70475918
-11028	-12083	-4451	-2099	-686	-2	37	47	-41	13919	69595	13919	70475926
-11032	-12037	-4460	-2105	-672	-12	33	43	-47	13920	69600	13920	70475955
-11027	-11996	-4432	-2093	-657	-15	32	42	-48	13921	69605	13921	70475986
-11059	-12046	-4357	-2072	-645	-19	38	51	-50	13922	69610	13922	70475994
-11092	-12052	-4324	-2041	-636	-30	39	53	-51	13923	69615	13923	70475995
-11102	-12048	-4320	-1989	-635	-28	33	51	-45	13924	69620	13924	70475995
-11110	-12044	-4282	-1940	-650	-30	33	51	-45	13925	69625	13925	70475996
-11154	-12090	-4252	-1898	-654	-33	34	56	-44	13926	69630	13926	70475996
-11164	-12110	-4316	-1869	-673	-40	34	56	-44	13927	69635	13927	70475996
-11194	-12170	-4314	-1858	-676	-49	34	54	-44	13928	69640	13928	70475996
-11236	-12180	-4272	-1854	-674	-63	34	54	-44	13929	69645	13929	70475996
-11330	-12184	-4368	-1844	-664	-73	36	50	-40	13930	69650	13930	70475996
-11312	-12250	-4368	-1810	-677	-81	36	50	-40	13931	69655	13931	70475996
-11326	-12252	-4362	-1804	-724	-84	37	45	-49	13932	69660	13932	70475997
-11249	-12272	-4377	-1824	-799	-84	36	46	-47	13933	69665	13933	70475997
-11216	-12278	-4460	-1873	-900	-81	30	48	-40	13934	69670	13934	70475997
-11159	-12228	-4540	-1952	-1020	-77	30	49	-41	13935	69675	13935	70475997
-11174	-12162	-4624	-2031	-1168	-76	30	52	-46	13936	69680	13936	70475997
-11231	-12124	-4690	-2110	-1316	-83	30	51	-46	13937	69685	13937	70475997
-11341	-12018	-4764	-2176	-1465	-83	30	48	-46	13938	69690	13938	70475997
-11483	-11897	-4709	-2234	-1620	-65	31	48	-46	13939	69695	13939	70475997
-11538	-11840	-4640	-2270	-1785	-19	34	46	-46	13940	69700	13940	70475997
-11565	-11727	-4689	-2293	-1926	62	30	50	-44	13941	69705	13941	70475997
-11452	-11643	-4701	-2287	-2024	154	23	57	-41	13942	69710	13942	70475997
-11245	-11630	-4760	-2257	-2098	253	27	53	-44	13943	69715	13943	70475998
-11022	-11573	-4823	-2186	-2149	350	32	48	-48	13944	69720	13944	70475998
-10822	-11472	-4870	-2074	-2184	442	32	48	-46	13945	69725	13945	70475998
-10652	-11416	-4980	-1951	-2187	520	32	48	-42	13946	69730	13946	70476018
-10528	-11378	-5086	-1819	-2150	597	31	48	-43	13947	69735	13947	70476060
-10509	-11379	-5157	-1656	-2041	672	29	47	-45	13948	69740	13948	70476077
-10578	-11421	-5227	-1501	-1863	731	24	48	-44	13949	69745	13949	70476077
-10611	-11509	-5278	-1396	-1650	769	20	48	-44	13950	69750	13950	70476077
-10690	-11626	-5210	-1308	-1398	779	26	49	-45	13951	69755	13951	70476077
-10765	-11775	-5142	-1247	-1123	751	30	50	-46	13952	69760	13952	70476077
-10804	-11955	-5124	-1223	-839	696	31	54	-47	13953	69765	13953	70476078
-10830	-12056	-5104	-1233	-570	621	31	57	-47	13954	69770	13954	70476082
-10874	-12173	-5051	-1294	-343	504	31	55	-46	13955	69775	13955	70476104
-10963	-12260	-4981	-1357	-157	343	31	53	-45	13956	69780	13956	70476116
-11053	-12297	-4925	-1416	-2	131	24	49	-41	13957	69785	13957	70476116
-11196	-12323	-4852	-1472	78	-77	22	48	-40	13958	69790	13958	70476117
-11308	-12336	-4665	-1543	75	-280	26	47	-42	13959	69795	13959	70476117
-11355	-12285	-4638	-1637	0	-497	27	47	-43	13960	69800	13960	70476117
-11365	-12202	-4509	-1739	-108	-719	27	47	-45	13961	69805	13961	70476118
-11481	-12082	-4454	-1841	-269	-942	27	47	-45	13962	69810	13962	70476118
-11489	-11973	-4358	-1979	-444	-1152	27	49	-45	13963	69815	13963	70476118
-11465	-11880	-4288	-2149	-653	-1337	27	49	-45	13964	69820	13964	70476119
-11446	-11742	-4228	-2320	-973	-1532	33	53	-39	13965	69825	13965	70476119
-11540	-11682	-4214	-2465	-1243	-1666	33	53	-39	13966	69830	13966	70476120
-11536	-11532	-4148	-2602	-1511	-1755	25	53	-43	13967	69835	13967	70476123
-11640	-11400	-4116	-2707	-1775	-1793	25	53	-43	13968	69840	13968	70476124
-11748	-11314	-4052	-2781	-2027	-1808	34	50	-42	13969	69845	13969	70476124
-11738	-11242	-3928	-2786	-2266	-1778	34	50	-42	13970	69850	13970	70476124
-11836	-11062	-3894	-2750	-2464	-1745	29	53	-47	13971	69855	13971	70476146
-11870	-10992	-3990	-2668	-2641	-1673	29	53	-47	13972	69860	13972	70476146
-12056	-10902	-3940	-2549	-2772	-1587	29	53	-47	13973	69865	13973	70476146
-12071	-10736	-3926	-2323	-2833	-1475	28	52	-46	13974	69870	13974	70476146
-12159	-10632	-4002	-2100	-2829	-1364	26	50	-44	13975	69875	13975	70476146
-12170	-10552	-3938	-1837	-2782	-1254	26	50	-44	13976	69880	13976	70476146
-12266	-10491	-4005	-1552	-2694	-1134	26	50	-42	13977	69885	13977	70476148
-12306	-10343	-4078	-1233	-2574	-1023	26	50	-42	13978	69890	13978	70476161
-12450	-10319	-4156	-882	-2431	-904	24	48	-42	13979	69895	13979	70476184
-12523	-10236	-4141	-492	-2267	-789	23	48	-43	13980	69900	13980	70476184
-12577	-10237	-4180	-67	-2091	-656	19	47	-47	13981	69905	13981	70476184
-12627	-10251	-4280	384	-1884	-526	21	47	-46	13982	69910	13982	70476184
-12640	-10329	-4256	844	-1654	-382	26	46	-42	13983	69915	13983	70476185
-12646	-10390	-4288	1211	-1458	-246	27	48	-42	13984	69920	13984	70476185
-12596	-10484	-4278	1538	-1279	-121	29	51	-41	13985	69925	13985	70476188
-12485	-10610	-4292	1814	-1129	-7	27	50	-42	13986	69930	13986	70476209
-12363	-10718	-4377	2022	-999	107	25	49	-43	13987	69935	13987	70476232
-12173	-10901	-4427	2151	-901	209	24	52	-44	13988	69940	13988	70476233
-12077	-11084	-4492	2218	-834	290	23	57	-45	13989	69945	13989	70476233
-11918	-11280	-4589	2250	-781	350	23	54	-45	13990	69950	13990	70476234
-11764	-11466	-4608	2212	-736	406	23	51	-45	13991	69955	13991	70476238
-11655	-11627	-4615	2126	-709	450	23	55	-45	13992	69960	13992	70476258
-11586	-11804	-4668	2007	-675	486	23	57	-45	13993	69965	13993	70476270
-11486	-11988	-4660	1859	-646	519	28	55	-46	13994	69970	13994	70476270
-11408	-12151	-4630	1675	-618	550	31	53	-47	13995	69975	13995	70476270
-11387	-12319	-4618	1452	-603	569	30	52	-43	13996	69980	13996	70476270
-11325	-12472	-4576	1206	-605	577	29	51	-41	13997	69985	13997	70476270
-11251	-12620	-4486	933	-624	567	29	52	-40	13998	69990	13998	70476270
-11195	-12685	-4447	577	-662	539	29	53	-39	13999	69995	13999	70476276
-11221	-12771	-4349	234	-700	495	28	49	-41	14000	70000	14000	70476305
-11201	-12883	-4260	-98	-733	433	28	48	-42	14001	70005	14001	70476313
-11170	-12818	-4244	-424	-771	365	24	50	-43	14002	70010	14002	70476313
-11158	-12812	-4153	-758	-813	278	23	51	-43	14003	70015	14003	70476313
-11180	-12686	-4037	-1059	-852	174	21	53	-43	14004	70020	14004	70476313
-11213	-12617	-4051	-1325	-896	60	21	53	-43	14005	70025	14005	70476313
-11284	-12494	-4052	-1556	-920	-39	26	55	-41	14006	70030	14006	70476314
-11358	-12376	-3964	-1771	-956	-161	27	55	-41	14007	70035	14007	70476314
-11350	-12222	-3946	-1921	-987	-228	25	53	-45	14008	70040	14008	70476314
-11382	-12102	-3778	-2031	-1007	-312	25	53	-45	14009	70045	14009	70476314
-11422	-11984	-3766	-2115	-1025	-380	29	53	-41	14010	70050	14010	70476360
-11464	-11800	-3712	-2150	-1044	-432	29	53	-41	14011	70055	14011	70476374
-11474	-11712	-3730	-2139	-1083	-468	27	51	-41	14012	70060	14012	70476374
-11450	-11620	-3746	-2079	-1105	-500	27	51	-41	14013	70065	14013	70476374
-11480	-11522	-3740	-1977	-1126	-514	27	51	-37	14014	70070	14014	70476374
-11534	-11490	-3746	-1833	-1149	-526	27	51	-37	14015	70075	14015	70476375
-11568	-11318	-3625	-1609	-1151	-532	24	54	-38	14016	70080	14016	70476389
-11584	-11341	-3657	-1405	-1139	-522	25	53	-38	14017	70085	14017	70476412
-11586	-11260	-3695	-1178	-1101	-501	31	51	-39	14018	70090	14018	70476412
-11601	-11232	-3680	-938	-1058	-482	29	49	-40	14019	70095	14019	70476413
-11632	-11182	-3709	-706	-987	-454	22	42	-46	14020	70100	14020	70476413
-11657	-11178	-3752	-455	-879	-423	24	43	-45	14021	70105	14021	70476414
-11683	-11178	-3813	-206	-767	-384	30	48	-40	14022	70110	14022	70476414
-11633	-11158	-3843	44	-648	-342	28	48	-39	14023	70115	14023	70476414
-11686	-11233	-3913	317	-507	-282	22	46	-36	14024	70120	14024	70476415
-11699	-11274	-3950	544	-381	-220	23	47	-38	14025	70125	14025	70476415
-11734	-11344	-3969	752	-263	-151	25	49	-41	14026	70130	14026	70476415
-11727	-11430	-4008	933	-150	-77	27	50	-41	14027	70135	14027	70476415
-11684	-11524	-4119	1093	-40	-5	31	51	-41	14028	70140	14028	70476416
-11693	-11633	-4155	1217	43	67	29	50	-40	14029	70145	14029	70476430
-11723	-11711	-4172	1308	107	139	27	49	-39	14030	70150	14030	70476450
-11674	-11784	-4278	1361	162	200	27	51	-39	14031	70155	14031	70476451
-11663	-11924	-4308	1368	216	255	28	54	-38	14032	70160	14032	70476452
