-8538	-1822	-13370	-2630	974	114	-538	-14	-226	14032	70160	14032	70476467
-8564	-1750	-13312	-2563	979	124	-538	-14	-226	14033	70165	14033	70476467
-8434	-1792	-13188	-2478	977	114	-539	-13	-231	14034	70170	14034	70476477
-8412	-1828	-13368	-2381	961	106	-539	-13	-231	14035	70175	14035	70476515
-8290	-1934	-13280	-2294	928	78	-536	-10	-230	14036	70180	14036	70476515
-8178	-1886	-13278	-2213	860	60	-536	-10	-230	14037	70185	14037	70476516
-8020	-1868	-13204	-2138	814	28	-540	-22	-232	14038	70190	14038	70476516
-8004	-1962	-13276	-2069	731	3	-540	-22	-232	14039	70195	14039	70476516
-7926	-2016	-13220	-2023	649	-20	-535	-19	-227	14040	70200	14040	70476516
-7782	-2038	-13252	-1985	556	-54	-535	-19	-227	14041	70205	14041	70476516
-7699	-2008	-13166	-1965	466	-70	-535	-11	-235	14042	70210	14042	70476552
-7732	-1959	-13244	-1972	394	-78	-535	-11	-233	14043	70215	14043	70476553
-7706	-1991	-13253	-1996	344	-77	-537	-13	-227	14044	70220	14044	70476553
-7652	-2016	-13326	-2024	325	-54	-536	-12	-228	14045	70225	14045	70476553
-7703	-2042	-13379	-2066	323	-25	-534	-8	-232	14046	70230	14046	70476553
-7704	-1957	-13367	-2111	341	-13	-534	-8	-232	14047	70235	14047	70476554
-7685	-1973	-13394	-2160	354	20	-536	-10	-230	14048	70240	14048	70476554
-7659	-1976	-13392	-2214	368	59	-536	-11	-230	14049	70245	14049	70476561
-7650	-1937	-13447	-2273	375	97	-535	-13	-231	14050	70250	14050	70476584
-7652	-1932	-13489	-2323	375	127	-537	-13	-232	14051	70255	14051	70476590
-7672	-1942	-13486	-2362	374	154	-539	-13	-233	14052	70260	14052	70476590
-7716	-1920	-13504	-2396	365	168	-539	-9	-232	14053	70265	14053	70476590
-7724	-1925	-13524	-2426	339	183	-538	-2	-230	14054	70270	14054	70476590
-7743	-1939	-13558	-2444	322	191	-538	-7	-228	14055	70275	14055	70476590
-7814	-1852	-13523	-2444	312	186	-538	-14	-226	14056	70280	14056	70476590
-7922	-1795	-13503	-2441	313	176	-538	-14	-226	14057	70285	14057	70476590
-7940	-1720	-13559	-2429	322	170	-536	-12	-228	14058	70290	14058	70476596
-7991	-1716	-13573	-2415	335	156	-536	-12	-229	14059	70295	14059	70476619
-8060	-1725	-13538	-2393	341	148	-537	-13	-231	14060	70300	14060	70476630
-8072	-1663	-13450	-2363	350	134	-537	-12	-229	14061	70305	14061	70476630
-8068	-1598	-13381	-2323	363	126	-537	-11	-227	14062	70310	14062	70476631
-8060	-1570	-13353	-2282	364	119	-538	-9	-228	14063	70315	14063	70476631
-8069	-1555	-13406	-2240	366	109	-540	-6	-230	14064	70320	14064	70476632
-8089	-1527	-13454	-2192	370	113	-540	-8	-229	14065	70325	14065	70476632
-8105	-1510	-13414	-2133	359	122	-539	-11	-227	14066	70330	14066	70476667
-8114	-1522	-13392	-2076	329	140	-538	-9	-227	14067	70335	14067	70476702
-8125	-1586	-13388	-2026	288	160	-537	-7	-227	14068	70340	14068	70476702
-8098	-1584	-13414	-1981	228	171	-537	-7	-228	14069	70345	14069	70476702
-8082	-1580	-13458	-1955	172	172	-537	-7	-229	14070	70350	14070	70476703
-8070	-1662	-13467	-1947	136	173	-536	-9	-227	14071	70355	14071	70476703
-8036	-1707	-13428	-1950	134	176	-536	-10	-226	14072	70360	14072	70476703
-8002	-1725	-13384	-1954	154	160	-534	-11	-230	14073	70365	14073	70476703
-8006	-1757	-13302	-1962	191	145	-533	-11	-233	14074	70370	14074	70476713
-7985	-1778	-13286	-1975	239	127	-539	-14	-229	14075	70375	14075	70476736
-7992	-1743	-13290	-1987	260	108	-541	-15	-227	14076	70380	14076	70476742
-7911	-1795	-13253	-2000	264	102	-539	-7	-227	14077	70385	14077	70476742
-7978	-1773	-13265	-2006	254	104	-539	-5	-227	14078	70390	14078	70476743
-8021	-1738	-13264	-2017	239	103	-540	-11	-226	14079	70395	14079	70476743
-8062	-1715	-13281	-2021	233	109	-540	-12	-226	14080	70400	14080	70476743
-8058	-1731	-13282	-2017	215	102	-541	-14	-230	14081	70405	14081	70476744
-8030	-1713	-13310	-2013	207	106	-542	-16	-232	14082	70410	14082	70476744
-8061	-1759	-13320	-2001	211	124	-540	-12	-230	14083	70415	14083	70476744
-8031	-1705	-13306	-1990	212	131	-539	-11	-229	14084	70420	14084	70476744
-8020	-1697	-13347	-1969	203	134	-539	-16	-224	14085	70425	14085	70476745
-8054	-1743	-13318	-1943	192	149	-539	-17	-223	14086	70430	14086	70476745
-8091	-1789	-13290	-1916	165	170	-542	-14	-229	14087	70435	14087	70476753
-8071	-1819	-13326	-1889	135	179	-543	-13	-231	14088	70440	14088	70476758
-8037	-1806	-13235	-1858	105	186	-538	-16	-229	14089	70445	14089	70476773
-8062	-1764	-13272	-1827	75	202	-537	-17	-229	14090	70450	14090	70476777
-8081	-1799	-13259	-1787	52	205	-538	-15	-233	14091	70455	14091	70476777
-8128	-1880	-13240	-1748	41	198	-538	-14	-234	14092	70460	14092	70476777
-8162	-1864	-13308	-1725	29	193	-538	-12	-232	14093	70465	14093	70476778
-8108	-1832	-13338	-1711	38	171	-538	-12	-232	14094	70470	14094	70476778
-8114	-1858	-13402	-1698	42	165	-541	-11	-229	14095	70475	14095	70476778
-8106	-1830	-13390	-1692	75	147	-541	-11	-229	14096	70480	14096	70476788
-8122	-1858	-13350	-1698	108	119	-532	-8	-228	14097	70485	14097	70476815
-8078	-1852	-13440	-1702	150	101	-532	-8	-228	14098	70490	14098	70476815
-8062	-1856	-13400	-1713	192	64	-541	-5	-229	14099	70495	14099	70476815
-8004	-1806	-13432	-1733	228	61	-541	-6	-229	14100	70500	14100	70476815
-8024	-1839	-13446	-1751	243	49	-539	-9	-231	14101	70505	14101	70476815
-8074	-1834	-13485	-1774	271	44	-539	-10	-230	14102	70510	14102	70476815
-8094	-1827	-13450	-1795	286	47	-538	-12	-224	14103	70515	14103	70476821
-8122	-1832	-13418	-1804	288	52	-538	-12	-224	14104	70520	14104	70476851
-8064	-1820	-13390	-1844	289	45	-538	-12	-230	14105	70525	14105	70476851
-8108	-1852	-13342	-1871	285	40	-538	-12	-230	14106	70530	14106	70476851
-8072	-1844	-13342	-1895	283	56	-538	-8	-228	14107	70535	14107	70476851
-8129	-1870	-13324	-1923	276	53	-538	-9	-227	14108	70540	14108	70476851
-8162	-1872	-13300	-1942	281	48	-538	-12	-224	14109	70545	14109	70476851
-8166	-1870	-13374	-1961	283	46	-538	-12	-225	14110	70550	14110	70476853
-8078	-1886	-13298	-1975	263	29	-537	-11	-229	14111	70555	14111	70476868
-8100	-1988	-13370	-1981	254	18	-538	-10	-230	14112	70560	14112	70476890
-8167	-2037	-13303	-1999	258	-3	-542	-8	-232	14113	70565	14113	70476890
-8101	-2046	-13310	-1999	260	-32	-542	-9	-232	14114	70570	14114	70476890
-8041	-2065	-13276	-2000	249	-39	-542	-12	-230	14115	70575	14115	70476891
-8047	-2079	-13320	-1994	244	-51	-542	-12	-230	14116	70580	14116	70476891
-8046	-2084	-13317	-1987	232	-73	-541	-11	-231	14117	70585	14117	70476891
-8050	-2102	-13292	-1978	224	-73	-539	-11	-229	14118	70590	14118	70476905
-8059	-2103	-13269	-1973	205	-80	-535	-11	-227	14119	70595	14119	70476927
-8040	-2116	-13268	-1973	179	-87	-536	-10	-229	14120	70600	14120	70476927
-8048	-2068	-13275	-1972	162	-89	-538	-8	-232	14121	70605	14121	70476927
-8041	-2042	-13379	-1978	149	-83	-538	-10	-232	14122	70610	14122	70476927
-8054	-2018	-13309	-1987	134	-68	-537	-13	-231	14123	70615	14123	70476928
-8074	-2013	-13330	-2001	120	-46	-538	-14	-230	14124	70620	14124	70476928
-8096	-1996	-13336	-2016	99	-37	-538	-14	-228	14125	70625	14125	70476928
-8060	-1956	-13291	-2022	86	-16	-536	-13	-230	14126	70630	14126	70476947
-8043	-1932	-13269	-2030	76	5	-535	-13	-231	14127	70635	14127	70476961
-8038	-1900	-13256	-2038	59	19	-536	-13	-231	14128	70640	14128	70476962
-8049	-1880	-13292	-2040	30	35	-538	-12	-232	14129	70645	14129	70476962
-8106	-1852	-13315	-2036	-5	47	-535	-10	-230	14130	70650	14130	70476963
-8091	-1851	-13317	-2027	-35	55	-530	-8	-228	14131	70655	14131	70476963
-8050	-1929	-13310	-2016	-74	66	-533	-9	-229	14132	70660	14132	70476963
-8052	-1929	-13307	-2005	-121	72	-537	-11	-231	14133	70665	14133	70476968
-8045	-1934	-13284	-2005	-185	63	-538	-10	-229	14134	70670	14134	70476983
-8012	-1936	-13251	-2014	-247	50	-539	-9	-227	14135	70675	14135	70476991
-7995	-1952	-13214	-2033	-307	34	-541	-14	-225	14136	70680	14136	70476991
-7972	-1976	-13296	-2051	-384	10	-542	-18	-224	14137	70685	14137	70476991
-7910	-1953	-13336	-2061	-463	-3	-539	-16	-227	14138	70690	14138	70476991
-7896	-1958	-13323	-2066	-527	-21	-537	-15	-229	14139	70695	14139	70476999
-7922	-1952	-13402	-2071	-581	-50	-538	-14	-228	14140	70700	14140	70477021
-7850	-1995	-13490	-2072	-651	-72	-538	-14	-228	14141	70705	14141	70477033
-7763	-1952	-13556	-2063	-739	-89	-540	-14	-226	14142	70710	14142	70477033
-7748	-1984	-13660	-2039	-870	-90	-540	-14	-226	14143	70715	14143	70477033
-7655	-1967	-13735	-2000	-1035	-72	-538	-8	-228	14144	70720	14144	70477034
-7566	-2006	-13828	-1957	-1259	-50	-537	-7	-229	14145	70725	14145	70477034
-7608	-2077	-13765	-1904	-1499	-32	-538	-13	-230	14146	70730	14146	70477035
-7649	-2146	-13739	-1848	-1780	-15	-538	-14	-230	14147	70735	14147	70477041
-7746	-2158	-13709	-1791	-2072	-9	-540	-8	-229	14148	70740	14148	70477064
-7810	-2264	-13648	-1734	-2350	-6	-541	-7	-229	14149	70745	14149	70477070
-7764	-2420	-13599	-1686	-2557	-17	-539	-9	-227	14150	70750	14150	70477070
-7724	-2468	-13513	-1627	-2672	-59	-538	-10	-226	14151	70755	14151	70477070
-7764	-2582	-13406	-1575	-2705	-113	-539	-9	-224	14152	70760	14152	70477070
-7821	-2639	-13358	-1506	-2690	-176	-539	-9	-223	14153	70765	14153	70477070
-7928	-2664	-13130	-1437	-2679	-259	-538	-11	-225	14154	70770	14154	70477070
-8042	-2745	-13050	-1346	-2682	-328	-538	-12	-226	14155	70775	14155	70477126
-8176	-2634	-12929	-1257	-2723	-384	-540	-12	-226	14156	70780	14156	70477140
-8294	-2540	-12884	-1155	-2820	-420	-540	-12	-226	14157	70785	14157	70477140
-8382	-2438	-12836	-1024	-2981	-449	-540	-10	-230	14158	70790	14158	70477140
-8514	-2256	-12902	-895	-3119	-444	-540	-10	-230	14159	70795	14159	70477140
-8604	-2130	-12794	-755	-3189	-446	-543	-11	-235	14160	70800	14160	70477140
-8666	-1942	-12804	-586	-3165	-413	-543	-11	-235	14161	70805	14161	70477140
-8724	-1808	-12736	-379	-3066	-383	-538	-6	-224	14162	70810	14162	70477163
-8826	-1716	-12632	-190	-2882	-343	-538	-6	-224	14163	70815	14163	70477191
-8812	-1564	-12512	-1	-2672	-288	-542	-8	-230	14164	70820	14164	70477191
-8764	-1508	-12446	204	-2435	-209	-542	-8	-230	14165	70825	14165	70477191
-8650	-1416	-12256	381	-2213	-149	-536	-2	-230	14166	70830	14166	70477192
-8666	-1392	-12385	565	-2015	-46	-536	-2	-228	14167	70835	14167	70477192
-8630	-1365	-12276	695	-1926	25	-538	0	-222	14168	70840	14168	70477192
-8699	-1362	-12190	809	-1884	100	-537	-1	-223	14169	70845	14169	70477200
-8797	-1447	-12107	897	-1881	159	-535	-5	-227	14170	70850	14170	70477230
-8849	-1560	-11993	936	-1874	213	-535	-6	-227	14171	70855	14171	70477230
-8856	-1707	-11989	926	-1880	251	-533	-9	-229	14172	70860	14172	70477230
-8893	-1752	-12062	887	-1872	280	-533	-9	-229	14173	70865	14173	70477231
