1976	3189	-16254	1527	-1315	281	8913	-29	-80	3777	18885	3777	71051279
2002	3322	-15576	1135	-1499	209	8915	-30	-80	3778	18890	3778	71051279
1937	3470	-15048	795	-1644	130	8916	-31	-83	3779	18895	3779	71051279
1820	3633	-14682	523	-1694	52	8917	-31	-85	3780	18900	3780	71051279
1673	3699	-14438	269	-1657	-42	8918	-31	-79	3781	18905	3781	71051279
1504	3677	-14307	38	-1562	-144	8919	-31	-75	3782	18910	3782	71051279
1300	3731	-14304	-156	-1430	-221	8920	-27	-78	3783	18915	3783	71051304
1053	3768	-14411	-307	-1284	-286	8921	-24	-80	3784	18920	3784	71051321
898	3860	-14536	-370	-1112	-347	8922	-28	-79	3785	18925	3785	71051322
862	4031	-14721	-320	-877	-397	8923	-31	-79	3786	18930	3786	71051322
782	4135	-14723	-166	-674	-389	8924	-29	-80	3787	18935	3787	71051322
704	4299	-14846	74	-549	-365	8925	-28	-80	3788	18940	3788	71051322
682	4435	-15024	364	-463	-310	8926	-30	-76	3789	18945	3789	71051323
706	4615	-15076	679	-415	-262	8927	-31	-75	3790	18950	3790	71051323
741	4721	-15248	988	-423	-205	8928	-31	-78	3791	18955	3791	71051326
775	4941	-15301	1229	-457	-143	8929	-31	-79	3792	18960	3792	71051358
755	5099	-15413	1398	-529	-134	8930	-26	-79	3793	18965	3793	71051366
771	5221	-15561	1461	-582	-127	8931	-25	-79	3794	18970	3794	71051366
839	5345	-15735	1437	-632	-116	8932	-34	-82	3795	18975	3795	71051366
916	5434	-15866	1326	-675	-142	8933	-37	-83	3796	18980	3796	71051366
1018	5546	-15949	1197	-728	-155	8934	-35	-79	3797	18985	3797	71051366
1112	5623	-15938	1062	-799	-169	8935	-34	-78	3798	18990	3798	71051366
1141	5698	-15887	921	-836	-183	8936	-28	-78	3799	18995	3799	71051432
1202	5692	-15874	794	-842	-201	8937	-26	-78	3800	19000	3800	71051448
1294	5635	-15858	688	-840	-205	8938	-29	-76	3801	19005	3801	71051448
1324	5561	-15803	614	-865	-210	8939	-30	-76	3802	19010	3802	71051448
1272	5484	-15642	578	-917	-207	8940	-30	-84	3803	19015	3803	71051448
1262	5380	-15766	557	-932	-219	8941	-30	-84	3804	19020	3804	71051448
1278	5322	-15700	545	-928	-233	8942	-28	-80	3805	19025	3805	71051448
1280	5236	-15672	544	-919	-252	8943	-28	-80	3806	19030	3806	71051448
1230	5046	-15712	555	-899	-267	8944	-32	-86	3807	19035	3807	71051448
1282	4884	-15712	551	-883	-266	8945	-32	-86	3808	19040	3808	71051468
1296	4808	-15710	514	-903	-272	8946	-30	-84	3809	19045	3809	71051500
1382	4606	-15682	535	-924	-270	8947	-30	-84	3810	19050	3810	71051500
1396	4544	-15676	610	-952	-278	8948	-36	-82	3811	19055	3811	71051500
1382	4315	-15586	704	-1018	-282	8949	-34	-81	3812	19060	3812	71051501
1267	4247	-15566	765	-1068	-290	8950	-28	-78	3813	19065	3813	71051501
1252	4160	-15578	792	-1103	-306	8951	-28	-78	3814	19070	3814	71051501
1218	4054	-15558	834	-1125	-320	8952	-28	-86	3815	19075	3815	71051501
1092	3962	-15308	840	-1134	-339	8953	-28	-86	3816	19080	3816	71051502
1020	3846	-15422	852	-1132	-366	8954	-26	-78	3817	19085	3817	71051502
1030	3728	-15286	864	-1118	-399	8955	-26	-78	3818	19090	3818	71051502
1096	3552	-15338	809	-1059	-409	8956	-28	-82	3819	19095	3819	71051503
1035	3439	-15371	680	-1005	-450	8957	-28	-81	3820	19100	3820	71051504
1027	3410	-15518	558	-974	-473	8958	-26	-78	3821	19105	3821	71051508
1112	3305	-15606	421	-934	-494	8959	-27	-78	3822	19110	3822	71051509
1114	3299	-15604	317	-917	-495	8960	-29	-77	3823	19115	3823	71051509
1126	3330	-15743	258	-934	-488	8961	-28	-77	3824	19120	3824	71051520
1126	3375	-15704	242	-971	-468	8962	-26	-76	3825	19125	3825	71051564
1044	3390	-15715	215	-1000	-459	8963	-26	-77	3826	19130	3826	71051564
936	3482	-15925	182	-1027	-464	8964	-28	-82	3827	19135	3827	71051564
947	3533	-15832	134	-1043	-454	8965	-29	-82	3828	19140	3828	71051564
952	3570	-15897	104	-1015	-443	8966	-33	-83	3829	19145	3829	71051564
973	3566	-15978	78	-994	-436	8967	-32	-82	3830	19150	3830	71051564
1046	3563	-16004	67	-988	-443	8968	-31	-81	3831	19155	3831	71051565
1091	3578	-15979	52	-988	-459	8969	-30	-81	3832	19160	3832	71051565
1116	3549	-15912	46	-984	-481	8970	-28	-80	3833	19165	3833	71051565
1147	3574	-15954	22	-951	-500	8971	-28	-81	3834	19170	3834	71051565
1126	3432	-15836	6	-942	-502	8972	-30	-86	3835	19175	3835	71051574
1081	3428	-15795	-37	-953	-527	8973	-30	-85	3836	19180	3836	71051612
1169	3446	-15748	-145	-933	-554	8974	-31	-81	3837	19185	3837	71051612
1207	3420	-15774	-233	-941	-581	8975	-30	-79	3838	19190	3838	71051612
1202	3391	-15792	-328	-975	-609	8976	-29	-77	3839	19195	3839	71051612
1185	3367	-15785	-430	-1004	-612	8977	-25	-77	3840	19200	3840	71051612
1152	3407	-15738	-536	-1028	-612	8978	-20	-78	3841	19205	3841	71051612
1136	3482	-15656	-628	-1041	-620	8979	-25	-80	3842	19210	3842	71051612
1184	3460	-15682	-710	-1050	-628	8980	-32	-82	3843	19215	3843	71051612
1226	3411	-15756	-772	-1055	-631	8981	-32	-81	3844	19220	3844	71051612
1221	3425	-15892	-897	-1067	-642	8983	-31	-79	3845	19225	3845	71051613
1163	3428	-16004	-1058	-1070	-661	8984	-30	-82	3846	19230	3846	71051613
1163	3332	-16083	-1190	-1061	-685	8985	-30	-84	3847	19235	3847	71051613
1236	3254	-16180	-1368	-1064	-702	8986	-30	-85	3848	19240	3848	71051617
1213	3198	-16246	-1592	-1097	-708	8987	-30	-86	3849	19245	3849	71051620
1171	3226	-16324	-1874	-1132	-711	8988	-31	-81	3850	19250	3850	71051643
1186	3207	-16411	-2142	-1160	-706	8989	-31	-77	3851	19255	3851	71051664
1164	3174	-16460	-2404	-1179	-700	8989	-30	-79	3852	19260	3852	71051671
1107	3181	-16532	-2690	-1186	-693	8991	-29	-81	3853	19265	3853	71051674
1082	3158	-16536	-2930	-1219	-659	8992	-25	-79	3854	19270	3854	71051675
1004	3041	-16620	-3203	-1278	-617	8993	-22	-78	3855	19275	3855	71051675
988	2826	-16880	-3539	-1358	-578	8994	-25	-79	3856	19280	3856	71051676
1029	2660	-17102	-3974	-1470	-547	8995	-27	-79	3857	19285	3857	71051676
990	2582	-17290	-4494	-1627	-528	8996	-28	-80	3858	19290	3858	71051676
914	2600	-17406	-5064	-1796	-524	8997	-28	-80	3859	19295	3859	71051676
863	2590	-17350	-5633	-1933	-534	8998	-25	-78	3860	19300	3860	71051676
918	2784	-17185	-6247	-2101	-569	8999	-23	-77	3861	19305	3861	71051678
950	2814	-16830	-6805	-2392	-652	9000	-22	-75	3862	19310	3862	71051698
845	2927	-16424	-7342	-2721	-774	9001	-22	-74	3863	19315	3863	71051713
652	3275	-15960	-7820	-2926	-903	9002	-25	-79	3864	19320	3864	71051716
490	3584	-15574	-8069	-2951	-1009	9003	-26	-80	3865	19325	3865	71051716
434	3663	-15644	-7990	-2772	-1106	9004	-27	-76	3866	19330	3866	71051716
442	3521	-16256	-7846	-2597	-1201	9005	-27	-75	3867	19335	3867	71051716
372	3377	-16712	-7960	-2549	-1326	9006	-21	-75	3868	19340	3868	71051716
285	3249	-16870	-8489	-2611	-1472	9007	-19	-75	3869	19345	3869	71051717
49	3132	-16669	-9755	-2730	-1744	9008	-24	-72	3870	19350	3870	71051717
-639	3233	-15719	-11532	-2656	-2093	9009	-25	-71	3871	19355	3871	71051737
-1338	4139	-14604	-13523	-1966	-2436	9010	-26	-65	3872	19360	3872	71051775
-1400	5753	-14020	-15290	-678	-2585	9011	-26	-64	3873	19365	3873	71051783
-905	6747	-14637	-15761	596	-2594	9012	-21	-69	3874	19370	3874	71051783
-335	6745	-16620	-14507	1030	-2575	9013	-20	-70	3875	19375	3875	71051783
-443	6074	-19363	-12149	251	-2645	9014	-21	-69	3876	19380	3876	71051784
-1322	5562	-21867	-10262	-1129	-2815	9015	-21	-69	3877	19385	3877	71051784
-2596	5912	-23170	-10349	-1977	-2968	9016	-25	-63	3878	19390	3878	71051795
-3128	6784	-21640	-12883	-600	-2957	9017	-25	-63	3879	19395	3879	71051821
-3260	7572	-17858	-15807	2559	-2965	9018	-21	-69	3880	19400	3880	71051821
-2634	8424	-14386	-17235	5720	-3023	9019	-21	-69	3881	19405	3881	71051821
-1628	8574	-13152	-16951	7309	-2985	9020	-20	-56	3882	19410	3882	71051821
-706	8220	-13832	-16339	7301	-2745	9021	-20	-56	3883	19415	3883	71051821
-402	8384	-15608	-15590	6280	-2264	9022	-19	-49	3884	19420	3884	71051821
-858	8482	-17508	-14495	5101	-1679	9023	-19	-49	3885	19425	3885	71051821
-1274	8764	-18582	-13585	4731	-1155	9024	-22	-50	3886	19430	3886	71051821
-778	9550	-19319	-13269	4959	-610	9025	-23	-50	3887	19435	3887	71051821
-176	10232	-19552	-13281	5051	-212	9026	-26	-52	3888	19440	3888	71051821
278	10540	-19200	-13380	4989	170	9027	-26	-52	3889	19445	3889	71051822
752	11016	-18358	-13725	4907	443	9028	-22	-52	3890	19450	3890	71051822
1120	11398	-17258	-14297	4684	687	9029	-22	-52	3891	19455	3891	71051822
1228	11838	-15934	-14772	4408	1016	9030	-25	-51	3892	19460	3892	71051832
1126	12642	-15030	-14848	4342	1422	9031	-25	-51	3893	19465	3893	71051870
1390	12584	-14312	-14705	4391	1843	9032	-25	-43	3894	19470	3894	71051870
1372	12645	-13988	-14274	4150	2277	9033	-26	-43	3895	19475	3895	71051870
1142	12931	-13754	-13935	3873	2683	9034	-30	-44	3896	19480	3896	71051871
1126	12811	-13445	-13276	3891	3139	9035	-30	-43	3897	19485	3897	71051871
1171	12638	-13243	-12453	4080	3568	9036	-29	-37	3898	19490	3898	71051871
1280	12551	-13044	-11696	4258	3974	9037	-29	-37	3899	19495	3899	71051875
1614	12478	-12944	-10762	4465	4444	9038	-29	-35	3900	19500	3900	71051891
1940	12002	-12788	-10172	4755	4908	9039	-29	-35	3901	19505	3901	71051913
1994	12662	-12625	-10252	5059	5339	9040	-31	-35	3902	19510	3902	71051913
1818	13431	-12763	-9647	5246	5805	9041	-31	-35	3903	19515	3903	71051913
1540	13736	-13546	-7760	5159	6376	9042	-31	-33	3904	19520	3904	71051913
1083	13708	-13965	-6692	5035	6729	9043	-32	-31	3905	19525	3905	71051914
613	13844	-14187	-6434	4965	6930	9044	-34	-28	3906	19530	3906	71051914
155	14244	-14751	-6196	4863	6984	9045	-35	-28	3907	19535	3907	71051920
-554	14323	-15632	-5214	4723	6947	9046	-38	-28	3908	19540	3908	71051947
-1034	13878	-15906	-4044	4854	6894	9047	-37	-28	3909	19545	3909	71051955
-1131	13902	-15655	-3135	5014	6815	9048	-34	-30	3910	19550	3910	71051955
-1095	14023	-15532	-2108	4967	6738	9049	-35	-30	3911	19555	3911	71051955
-990	13843	-15017	-942	4917	6699	9050	-36	-28	3912	19560	3912	71051955
-839	13547	-14447	-325	5015	6674	9051	-35	-26	3913	19565	3913	71051955
-596	13326	-14260	111	5172	6637	9052	-33	-23	3914	19570	3914	71051956
-275	12856	-14476	753	5263	6657	9053	-35	-23	3915	19575	3915	71051956
2	12405	-14644	1339	5291	6737	9054	-37	-23	3916	19580	3916	71051956
197	11988	-14624	1611	5268	6848	9055	-38	-22	3917	19585	3917	71051956
348	11546	-14338	1546	5205	6975	9056	-40	-20	3918	19590	3918	71051975
564	11213	-14320	1271	5199	7104	9057	-40	-20	3919	19595	3919	71052003
677	10846	-14530	972	5299	7219	9059	-41	-21	3920	19600	3920	71052003
766	10491	-14174	890	5402	7418	9060	-41	-16	3921	19605	3921	71052003
892	10240	-13797	1045	5481	7748	9061	-41	-13	3922	19610	3922	71052003
1025	10024	-13752	1215	5589	8139	9062	-44	-16	3923	19615	3923	71052003
1242	9903	-13682	1128	5762	8454	9063	-46	-18	3924	19620	3924	71052003
1536	9897	-13302	884	6002	8718	9063	-46	-19	3925	19625	3925	71052003
1903	9971	-12862	608	6246	8921	9064	-46	-20	3926	19630	3926	71052010
2149	9944	-12917	294	6390	8980	9065	-42	-20	3927	19635	3927	71052029
2426	9453	-13189	65	6564	9023	9067	-37	-19	3928	19640	3928	71052042
2913	8666	-13709	-144	6738	9250	9068	-44	-20	3929	19645	3929	71052042
3237	7998	-14123	-779	6754	9579	9069	-49	-21	3930	19650	3930	71052042
3326	7361	-14263	-1578	6650	9903	9070	-51	-19	3931	19655	3931	71052043
3207	6986	-14178	-2271	6505	10213	9071	-53	-17	3932	19660	3932	71052043
3132	7033	-13644	-2763	6432	10520	9072	-51	-18	3933	19665	3933	71052043
3057	7362	-12844	-2846	6440	10793	9073	-49	-19	3934	19670	3934	71052049
3067	7667	-12398	-2654	6468	10976	9074	-54	-16	3935	19675	3935	71052069
3256	7813	-12458	-2578	6500	11013	9075	-58	-14	3936	19680	3936	71052079
3311	7646	-12962	-2896	6526	10857	9076	-60	-12	3937	19685	3937	71052080
3318	7378	-13367	-3477	6636	10599	9077	-60	-12	3938	19690	3938	71052080
3627	7237	-13528	-4155	6829	10331	9078	-56	-11	3939	19695	3939	71052080
3966	7152	-13214	-4733	7011	10137	9079	-55	-11	3940	19700	3940	71052080
4107	7037	-12647	-5165	7040	9984	9080	-60	-8	3941	19705	3941	71052081
4220	7071	-12009	-5615	7041	9819	9081	-61	-7	3942	19710	3942	71052081
4415	7162	-11545	-5936	7082	9678	9082	-61	-11	3943	19715	3943	71052081
4577	7091	-11553	-6133	7124	9526	9083	-61	-13	3944	19720	3944	71052103
4867	6799	-12134	-6234	7136	9341	9084	-65	-6	3945	19725	3945	71052119
5079	6601	-12301	-6497	7091	9148	9085	-66	-4	3946	19730	3946	71052119
5301	6522	-11926	-7289	7007	8929	9086	-68	-3	3947	19735	3947	71052119
5470	6678	-11230	-8433	7037	8683	9087	-69	-3	3948	19740	3948	71052119
5550	7014	-10514	-9347	7081	8509	9088	-67	2	3949	19745	3949	71052119
5607	7165	-10290	-9743	7070	8456	9089	-67	3	3950	19750	3950	71052119
5679	7282	-10115	-9843	7103	8512	9090	-65	7	3951	19755	3951	71052125
5830	7400	-10057	-10018	7123	8576	9091	-64	8	3952	19760	3952	71052153
5900	7558	-10144	-10353	7020	8698	9092	-69	3	3953	19765	3953	71052159
5770	7594	-10082	-10664	6889	8772	9093	-69	3	3954	19770	3954	71052159
5826	7620	-9666	-10992	6900	8824	9094	-72	4	3955	19775	3955	71052159
5868	7882	-8742	-11608	7026	8824	9095	-72	4	3956	19780	3956	71052159
5956	8204	-8084	-12412	7098	8825	9096	-75	13	3957	19785	3957	71052159
5958	8654	-7978	-12740	7042	8902	9097	-75	13	3958	19790	3958	71052159
6096	9074	-8252	-12572	7021	9004	9098	-74	12	3959	19795	3959	71052159
6434	9596	-8224	-12414	7042	9087	9099	-74	12	3960	19800	3960	71052187
6686	9928	-8198	-12393	6977	9149	9100	-75	9	3961	19805	3961	71052198
6920	10418	-8136	-12471	6837	9167	9101	-75	9	3962	19810	3962	71052198
7092	10670	-8114	-12603	6620	9115	9102	-76	14	3963	19815	3963	71052199
7296	10800	-7918	-12528	6373	9072	9103	-76	14	3964	19820	3964	71052199
7548	10828	-7588	-12147	6129	9078	9104	-70	16	3965	19825	3965	71052200
7810	10852	-7380	-11587	5918	9132	9105	-70	16	3966	19830	3966	71052200
8038	10750	-7142	-10968	5650	9203	9106	-75	25	3967	19835	3967	71052200
8182	10636	-6988	-10543	5362	9271	9107	-75	25	3968	19840	3968	71052235
8174	10466	-6934	-10385	5097	9258	9108	-73	23	3969	19845	3969	71052235
8236	10302	-6343	-10353	4920	9227	9109	-73	23	3970	19850	3970	71052235
8343	10360	-5942	-10307	4785	9202	9110	-75	25	3971	19855	3971	71052235
8423	10521	-5789	-10060	4587	9204	9111	-76	25	3972	19860	3972	71052235
8476	10432	-5927	-9642	4334	9201	9112	-79	25	3973	19865	3973	71052235
8525	10324	-6173	-9305	4038	9172	9113	-79	26	3974	19870	3974	71052237
8585	10225	-6308	-9172	3770	9091	9114	-77	29	3975	19875	3975	71052250
8675	10049	-6424	-9073	3495	9004	9115	-79	30	3976	19880	3976	71052272
8808	9658	-6516	-8960	3215	8943	9116	-86	32	3977	19885	3977	71052272
9017	9246	-6637	-8845	2898	8932	9117	-85	34	3978	19890	3978	71052272
9047	9051	-6552	-8625	2537	9028	9118	-82	38	3979	19895	3979	71052272
9010	8828	-6508	-8360	2242	9164	9119	-82	38	3980	19900	3980	71052273
8978	8404	-6415	-8344	1959	9285	9120	-83	39	3981	19905	3981	71052273
8793	8268	-5940	-8971	1739	9281	9121	-83	39	3982	19910	3982	71052279
8488	8432	-5481	-9649	1551	9238	9122	-84	40	3983	19915	3983	71052307
8189	8512	-5284	-9741	1402	9230	9123	-84	39	3984	19920	3984	71052323
8114	8430	-5312	-9475	1327	9277	9124	-85	35	3985	19925	3985	71052323
8270	8429	-5516	-9249	1211	9316	9125	-85	37	3986	19930	3986	71052323
8468	8424	-5721	-9297	969	9311	9126	-84	42	3987	19935	3987	71052324
8588	8552	-5727	-9711	741	9273	9127	-83	43	3988	19940	3988	71052324
8711	8771	-5646	-10350	522	9245	9128	-82	44	3989	19945	3989	71052324
8772	9011	-5387	-10862	330	9251	9129	-82	43	3990	19950	3990	71052334
8804	9145	-4812	-11070	186	9319	9130	-83	41	3991	19955	3991	71052352
8828	9325	-4240	-11094	55	9403	9131	-85	41	3992	19960	3992	71052358
8861	9690	-3931	-11152	-56	9446	9132	-88	40	3993	19965	3993	71052358
8942	10141	-3835	-11244	-115	9443	9133	-87	44	3994	19970	3994	71052358
9136	10488	-4124	-11139	-150	9429	9135	-86	50	3995	19975	3995	71052358
9401	10500	-4562	-10749	-233	9452	9136	-89	48	3996	19980	3996	71052358
9592	10391	-4926	-10339	-401	9506	9137	-91	47	3997	19985	3997	71052358
9774	10302	-5069	-10108	-596	9570	9138	-88	49	3998	19990	3998	71052358
9961	10260	-4894	-9995	-810	9639	9138	-85	51	3999	19995	3999	71052362
10097	10343	-4407	-9789	-1070	9725	9139	-87	48	4000	20000	4000	71052380
10229	10427	-3925	-9338	-1341	9830	9140	-91	43	4001	20005	4001	71052397
10330	10432	-3710	-8851	-1581	9932	9141	-91	45	4002	20010	4002	71052398
10488	10531	-3707	-8476	-1780	9993	9143	-91	49	4003	20015	4003	71052398
10775	10687	-3844	-8084	-1977	10027	9144	-92	48	4004	20020	4004	71052398
10982	10710	-3986	-7645	-2164	10069	9145	-92	48	4005	20025	4005	71052399
11310	10778	-3891	-7208	-2327	10110	9146	-95	50	4006	20030	4006	71052399
11653	10768	-3768	-6722	-2500	10136	9147	-97	51	4007	20035	4007	71052404
11897	10575	-3692	-6135	-2705	10140	9148	-96	52	4008	20040	4008	71052426
12177	10298	-3782	-5574	-2985	10164	9149	-95	53	4009	20045	4009	71052439
12491	9971	-4056	-5089	-3357	10213	9150	-94	53	4010	20050	4010	71052439
12524	9625	-4323	-4517	-3833	10273	9151	-93	53	4011	20055	4011	71052439
12384	9364	-4712	-3885	-4227	10347	9152	-99	53	4012	20060	4012	71052439
12201	9113	-5017	-3117	-4469	10396	9153	-101	53	4013	20065	4013	71052440
11965	8812	-4936	-2322	-4634	10401	9154	-92	51	4014	20070	4014	71052447
11903	8468	-4691	-1882	-4816	10338	9155	-90	50	4015	20075	4015	71052471
11823	8360	-4488	-1962	-5054	10265	9156	-98	47	4016	20080	4016	71052476
11727	8375	-4342	-2138	-5220	10231	9157	-100	46	4017	20085	4017	71052477
11564	8297	-4234	-2377	-5320	10225	9158	-98	53	4018	20090	4018	71052477
11386	8198	-3948	-2768	-5340	10159	9159	-97	57	4019	20095	4019	71052477
11195	8078	-3488	-3064	-5317	9978	9160	-99	48	4020	20100	4020	71052477
11205	7836	-3521	-2970	-5290	9810	9161	-99	45	4021	20105	4021	71052477
11296	7616	-3824	-3111	-5229	9624	9162	-98	49	4022	20110	4022	71052477
11311	7740	-3689	-3953	-5041	9375	9163	-98	50	4023	20115	4023	71052535
11435	8097	-3259	-5083	-4725	9048	9164	-96	46	4024	20120	4024	71052549
11596	8515	-3130	-5843	-4437	8700	9165	-95	45	4025	20125	4025	71052549
11847	8682	-3584	-6036	-4296	8390	9166	-99	44	4026	20130	4026	71052549
12163	8777	-4138	-5776	-4233	8131	9167	-100	44	4027	20135	4027	71052549
12550	8976	-4186	-5247	-4176	7924	9168	-98	46	4028	20140	4028	71052549
12670	9320	-3928	-4657	-4162	7846	9169	-98	46	4029	20145	4029	71052549
12652	9628	-3940	-3778	-4191	7868	9170	-104	46	4030	20150	4030	71052549
12574	9562	-4378	-2835	-4278	7870	9171	-104	46	4031	20155	4031	71052559
12538	9262	-5218	-2057	-4457	7824	9172	-100	44	4032	20160	4032	71052596
12250	8798	-6254	-1519	-4650	7765	9173	-100	44	4033	20165	4033	71052596
12080	7912	-6972	-1184	-4773	7680	9174	-104	46	4034	20170	4034	71052598
12020	7327	-7140	-1046	-4776	7569	9175	-104	46	4035	20175	4035	71052598
12016	6768	-6947	-914	-4768	7454	9176	-102	43	4036	20180	4036	71052599
12022	6580	-5976	-516	-4832	7385	9177	-102	42	4037	20185	4037	71052599
12078	6546	-5168	256	-4915	7405	9178	-104	40	4038	20190	4038	71052599
12024	6514	-4716	1148	-5002	7397	9179	-104	40	4039	20195	4039	71052599
12036	6684	-4420	1850	-5015	7294	9180	-101	33	4040	20200	4040	71052599
12166	6592	-4742	2419	-4947	7124	9181	-101	33	4041	20205	4041	71052599
12528	6344	-5240	2791	-4853	6871	9182	-107	37	4042	20210	4042	71052599
12794	5958	-5664	2657	-4739	6552	9183	-107	37	4043	20215	4043	71052599
13168	5738	-6122	2075	-4596	6231	9184	-104	34	4044	20220	4044	71052599
13423	5924	-5968	1157	-4385	5925	9185	-103	34	4045	20225	4045	71052618
13500	6247	-5374	424	-4252	5739	9186	-100	36	4046	20230	4046	71052634
13460	6535	-4883	112	-4168	5625	9187	-100	36	4047	20235	4047	71052634
13362	6653	-4749	224	-4231	5554	9188	-102	34	4048	20240	4048	71052634
13157	6794	-4803	244	-4418	5530	9189	-103	34	4049	20245	4049	71052634
12870	6791	-4899	-28	-4526	5511	9190	-106	32	4050	20250	4050	71052635
12726	6544	-5234	-473	-4436	5451	9191	-105	33	4051	20255	4051	71052635
12738	6189	-5197	-950	-4267	5376	9192	-102	38	4052	20260	4052	71052640
12819	5966	-5158	-1211	-4169	5336	9193	-103	38	4053	20265	4053	71052671
12854	5892	-5304	-1058	-4193	5410	9194	-106	36	4054	20270	4054	71052716
12955	5884	-5570	-453	-4282	5584	9195	-107	36	4055	20275	4055	71052716
13004	5822	-5800	501	-4335	5782	9196	-109	37	4056	20280	4056	71052716
13136	5700	-5966	1300	-4317	5925	9197	-108	36	4057	20285	4057	71052716
13251	5757	-5688	1425	-4225	5952	9198	-106	34	4058	20290	4058	71052716
13426	5911	-5307	1174	-4139	5855	9199	-106	34	4059	20295	4059	71052716
13544	6167	-4987	1062	-4020	5675	9200	-106	34	4060	20300	4060	71052716
13609	6347	-4765	1144	-3809	5456	9201	-107	35	4061	20305	4061	71052716
13720	6400	-4778	1408	-3620	5217	9202	-109	37	4062	20310	4062	71052731
13768	6205	-4968	1555	-3530	5012	9203	-108	34	4063	20315	4063	71052753
13719	5860	-5174	1288	-3493	4784	9204	-107	29	4064	20320	4064	71052753
13738	5444	-5355	572	-3464	4508	9205	-107	27	4065	20325	4065	71052753
13726	5152	-5446	-152	-3407	4204	9206	-108	24	4066	20330	4066	71052753
13738	4832	-5426	-355	-3338	3974	9207	-109	25	4067	20335	4067	71052754
13857	4504	-5480	61	-3305	3883	9208	-110	26	4068	20340	4068	71052754
13965	4201	-5588	738	-3297	3921	9209	-111	26	4069	20345	4069	71052758
14120	3773	-5627	1318	-3334	4056	9211	-113	27	4070	20350	4070	71052779
14274	3602	-5600	1533	-3488	4202	9212	-111	26	4071	20355	4071	71052795
14282	3681	-5477	1722	-3655	4315	9213	-110	26	4072	20360	4072	71052796
14250	3766	-5318	2115	-3804	4427	9213	-111	27	4073	20365	4073	71052796
14290	3762	-5331	2705	-3952	4546	9214	-112	28	4074	20370	4074	71052796
14330	3718	-5564	3266	-4113	4653	9215	-110	27	4075	20375	4075	71052797
14366	3674	-5803	3695	-4289	4724	9216	-108	26	4076	20380	4076	71052798
14361	3714	-5806	3927	-4464	4736	9217	-111	26	4077	20385	4077	71052798
14334	3752	-5662	4011	-4634	4705	9219	-115	25	4078	20390	4078	71052799
14367	3683	-5664	3972	-4786	4625	9220	-114	21	4079	20395	4079	71052800
14452	3570	-5818	3772	-4937	4516	9221	-114	18	4080	20400	4080	71052800
14556	3467	-5873	3505	-5100	4400	9222	-109	16	4081	20405	4081	71052800
14623	3363	-5682	3309	-5242	4294	9223	-106	14	4082	20410	4082	71052802
14686	3283	-5204	3175	-5425	4220	9224	-108	18	4083	20415	4083	71052805
14726	3281	-4734	2969	-5709	4178	9225	-110	20	4084	20420	4084	71052805
14574	3357	-4527	2583	-6029	4146	9226	-112	20	4085	20425	4085	71052805
14234	3505	-4672	2069	-6304	4112	9227	-114	20	4086	20430	4086	71052829
14071	3350	-5266	1841	-6495	4131	9228	-107	19	4087	20435	4087	71052837
13941	2910	-6038	1543	-6756	4181	9229	-105	19	4088	20440	4088	71052837
13770	2391	-6472	884	-7060	4234	9230	-109	17	4089	20445	4089	71052837
13647	2214	-6533	241	-7294	4273	9231	-110	16	4090	20450	4090	71052837
13456	2245	-6163	-142	-7511	4333	9232	-114	14	4091	20455	4091	71052837
13221	2364	-5488	-76	-7699	4433	9233	-116	12	4092	20460	4092	71052838
12990	2478	-4974	304	-7824	4517	9234	-111	11	4093	20465	4093	71052838
12770	2635	-4775	726	-7896	4541	9235	-108	10	4094	20470	4094	71052848
12683	2909	-4794	1091	-7918	4476	9236	-110	12	4095	20475	4095	71052870
12696	3006	-4872	1331	-7901	4336	9237	-111	13	4096	20480	4096	71052875
12743	3118	-5200	1416	-7945	4206	9238	-113	15	4097	20485	4097	71052875
12791	3110	-5484	1333	-8068	4078	9239	-114	16	4098	20490	4098	71052875
12782	3113	-5667	1209	-8218	3949	9240	-115	12	4099	20495	4099	71052875
12815	3167	-5678	1270	-8414	3833	9241	-115	11	4100	20500	4100	71052875
12710	3202	-5706	1586	-8693	3753	9242	-112	9	4101	20505	4101	71052875
12594	3058	-5852	2031	-8968	3682	9243	-111	9	4102	20510	4102	71052882
12516	2862	-5856	2401	-9098	3558	9244	-112	6	4103	20515	4103	71052914
12560	2786	-5950	2356	-9209	3451	9245	-112	6	4104	20520	4104	71052914
12536	2782	-6024	2300	-9426	3351	9246	-110	2	4105	20525	4105	71052914
12576	2788	-6448	2401	-9757	3313	9247	-110	2	4106	20530	4106	71052914
12516	2662	-6954	2548	-10160	3323	9248	-115	3	4107	20535	4107	71052915
12420	2324	-7284	2600	-10577	3402	9249	-115	3	4108	20540	4108	71052915
12425	1964	-7537	2530	-10905	3462	9250	-106	4	4109	20545	4109	71052915
12405	1662	-7673	2390	-11303	3540	9251	-104	4	4110	20550	4110	71052921
12306	1394	-7579	2272	-11670	3632	9252	-110	-4	4111	20555	4111	71052943
12222	1388	-7572	2279	-12018	3762	9253	-112	-6	4112	20560	4112	71052949
12122	1434	-7390	2365	-12320	3850	9254	-112	-8	4113	20565	4113	71052950
11994	1498	-7090	2399	-12602	3931	9255	-112	-8	4114	20570	4114	71052951
11772	1638	-6724	2319	-12784	3951	9256	-108	-10	4115	20575	4115	71052951
11656	1914	-6652	2262	-12883	3911	9257	-108	-10	4116	20580	4116	71052952
11612	2142	-6584	2211	-12990	3854	9258	-108	-14	4117	20585	4117	71052953
11472	2350	-6696	2243	-13117	3756	9259	-108	-14	4118	20590	4118	71052961
11222	2414	-6910	2456	-13283	3653	9260	-110	-12	4119	20595	4119	71052998
11000	2330	-7360	2847	-13460	3525	9261	-108	-14	4120	20600	4120	71052999
10868	2132	-7746	3126	-13595	3416	9262	-101	-21	4121	20605	4121	71052999
10680	1915	-8085	3207	-13634	3271	9263	-102	-21	4122	20610	4122	71052999
10499	1767	-8282	3202	-13634	3096	9264	-104	-20	4123	20615	4123	71053000
10491	1624	-8546	3163	-13631	2901	9265	-104	-21	4124	20620	4124	71053000
10378	1359	-8698	2977	-13668	2687	9266	-105	-25	4125	20625	4125	71053007
10383	1054	-8883	2622	-13777	2459	9267	-105	-26	4126	20630	4126	71053033
10370	654	-9232	2317	-13945	2224	9268	-106	-28	4127	20635	4127	71053033
10362	332	-9680	2174	-14128	2027	9269	-106	-28	4128	20640	4128	71053033
10346	-183	-10468	2137	-14415	1737	9270	-109	-27	4129	20645	4129	71053033
10309	-604	-10687	2062	-14603	1528	9271	-109	-29	4130	20650	4130	71053034
10208	-890	-10607	1803	-14715	1334	9272	-107	-35	4131	20655	4131	71053034
10085	-1144	-10285	1384	-14759	1150	9273	-107	-35	4132	20660	4132	71053034
9993	-1122	-9929	915	-14721	977	9274	-106	-36	4133	20665	4133	71053043
9873	-1030	-9697	507	-14667	813	9275	-105	-36	4134	20670	4134	71053080
9748	-891	-9570	140	-14619	665	9276	-100	-38	4135	20675	4135	71053080
9682	-712	-9789	-228	-14570	527	9277	-101	-40	4136	20680	4136	71053080
9582	-440	-10470	-607	-14491	442	9278	-102	-46	4137	20685	4137	71053080
9521	-100	-11188	-947	-14432	426	9279	-101	-47	4138	20690	4138	71053080
9460	350	-11845	-1357	-14381	474	9280	-100	-48	4139	20695	4139	71053080
9427	966	-12296	-1897	-14305	606	9281	-100	-48	4140	20700	4140	71053080
9405	1698	-12614	-2538	-14222	806	9282	-100	-48	4141	20705	4141	71053080
9306	2490	-12984	-3154	-14149	1049	9283	-98	-49	4142	20710	4142	71053084
9159	3280	-13316	-3647	-14078	1332	9284	-95	-51	4143	20715	4143	71053100
8967	4010	-13700	-3966	-13979	1641	9285	-97	-52	4144	20720	4144	71053117
8700	4711	-14106	-4050	-13832	1947	9286	-100	-54	4145	20725	4145	71053118
8345	5342	-14528	-3881	-13643	2276	9287	-97	-55	4146	20730	4146	71053118
7910	5922	-14999	-3486	-13391	2619	9288	-92	-56	4147	20735	4147	71053118
7400	6422	-15564	-2881	-13045	2967	9289	-93	-58	4148	20740	4148	71053118
6840	6889	-16325	-2068	-12651	3299	9290	-95	-61	4149	20745	4149	71053119
6327	7258	-17150	-1097	-12228	3611	9291	-96	-61	4150	20750	4150	71053135
5797	7508	-18081	-45	-11799	3910	9292	-98	-60	4151	20755	4151	71053160
5213	7688	-19118	1066	-11355	4151	9293	-96	-61	4152	20760	4152	71053160
4469	7889	-20384	2369	-10790	4253	9295	-92	-62	4153	20765	4153	71053160
3838	8104	-21672	3752	-10126	4202	9296	-93	-61	4154	20770	4154	71053160
3350	8276	-22804	5065	-9477	4103	9297	-94	-60	4155	20775	4155	71053160
2871	8483	-23802	6423	-8860	4006	9298	-92	-64	4156	20780	4156	71053160
2527	8730	-24676	7816	-8307	3910	9299	-90	-66	4157	20785	4157	71053160
2136	8966	-25510	9232	-7818	3820	9300	-91	-68	4158	20790	4158	71053160
1674	9098	-26206	10544	-7366	3760	9301	-91	-69	4159	20795	4159	71053185
1262	8878	-26902	11595	-6879	3803	9302	-90	-70	4160	20800	4160	71053201
842	8321	-27404	12378	-6033	3960	9303	-90	-70	4161	20805	4161	71053201
642	7484	-27272	12669	-4980	4184	9304	-87	-72	4162	20810	4162	71053202
649	6585	-27105	12636	-4072	4404	9305	-86	-72	4163	20815	4163	71053202
677	5988	-27009	12556	-3448	4588	9306	-88	-73	4164	20820	4164	71053202
763	5304	-26898	12628	-2853	4817	9307	-89	-73	4165	20825	4165	71053202
968	4499	-26690	12945	-2220	5147	9308	-88	-72	4166	20830	4166	71053203
1258	3554	-26362	13404	-1544	5562	9309	-88	-72	4167	20835	4167	71053207
1583	2628	-25941	13862	-850	6018	9310	-84	-75	4168	20840	4168	71053228
1942	1762	-25095	14284	-213	6461	9311	-81	-77	4169	20845	4169	71053240
2397	827	-23550	14772	391	6947	9312	-89	-73	4170	20850	4170	71053240
2885	-77	-21936	15302	767	7413	9313	-91	-71	4171	20855	4171	71053240
3195	-1020	-20542	15911	953	7800	9314	-92	-75	4172	20860	4172	71053240
3558	-1959	-19058	16465	1049	8121	9315	-92	-76	4173	20865	4173	71053241
3657	-2714	-17629	17061	1195	8363	9316	-88	-72	4174	20870	4174	71053241
3660	-3619	-16001	17873	1422	8473	9317	-87	-71	4175	20875	4175	71053241
3738	-4594	-14387	18829	1686	8574	9318	-89	-74	4176	20880	4176	71053252
4025	-5430	-13127	19462	1967	8567	9319	-89	-75	4177	20885	4177	71053273
4708	-6686	-12220	19851	2215	8509	9320	-88	-68	4178	20890	4178	71053277
5240	-7752	-12102	19908	1948	8292	9321	-88	-68	4179	20895	4179	71053277
5720	-8838	-12390	19695	1343	7949	9322	-83	-69	4180	20900	4180	71053277
6306	-9662	-12380	19349	715	7685	9323	-83	-69	4181	20905	4181	71053277
6418	-10538	-12134	19010	111	7414	9324	-86	-68	4182	20910	4182	71053277
6636	-11078	-11841	18464	-424	7043	9325	-86	-68	4183	20915	4183	71053277
6949	-11748	-11060	17353	-909	6535	9326	-88	-66	4184	20920	4184	71053299
7171	-12309	-10253	15681	-1437	5927	9327	-89	-65	4185	20925	4185	71053312
7341	-12614	-9424	13659	-2077	5356	9328	-87	-63	4186	20930	4186	71053315
7458	-12760	-8520	11078	-2962	4770	9329	-87	-63	4187	20935	4187	71053315
7512	-12866	-7920	8889	-3732	4323	9330	-96	-64	4188	20940	4188	71053315
7592	-12886	-7508	6745	-4394	3909	9331	-96	-64	4189	20945	4189	71053315
7548	-12752	-7128	4758	-4896	3491	9332	-88	-60	4190	20950	4190	71053315
7594	-12620	-6932	2959	-5324	3132	9333	-88	-60	4191	20955	4191	71053323
7528	-12480	-6762	1400	-5711	2743	9334	-81	-61	4192	20960	4192	71053359
7472	-12296	-6700	67	-6083	2345	9335	-81	-61	4193	20965	4193	71053360
7490	-12090	-6916	-1135	-6478	1983	9336	-89	-67	4194	20970	4194	71053360
7556	-11410	-7254	-2688	-6945	1497	9337	-87	-68	4195	20975	4195	71053360
7477	-10812	-7443	-4064	-7344	1054	9338	-78	-70	4196	20980	4196	71053360
7408	-10061	-7427	-5513	-7659	631	9339	-80	-69	4197	20985	4197	71053360
7303	-9150	-7294	-6949	-7811	223	9340	-86	-66	4198	20990	4198	71053366
7063	-8186	-7268	-8147	-7827	-144	9341	-83	-67	4199	20995	4199	71053391
6694	-7378	-7504	-8911	-7767	-466	9342	-73	-71	4200	21000	4200	71053397
6420	-6505	-7780	-9322	-7703	-755	9343	-73	-71	4201	21005	4201	71053398
6252	-6018	-8090	-9512	-7680	-999	9344	-75	-73	4202	21010	4202	71053398
6216	-5488	-8468	-9737	-7725	-1307	9345	-75	-73	4203	21015	4203	71053398
5930	-5116	-8916	-10229	-7868	-1695	9346	-80	-76	4204	21020	4204	71053398
5628	-4604	-9288	-10717	-8011	-2078	9347	-80	-76	4205	21025	4205	71053399
5316	-4060	-9697	-11173	-8126	-2507	9348	-82	-76	4206	21030	4206	71053399
5015	-3344	-9874	-11469	-8187	-2942	9349	-81	-77	4207	21035	4207	71053400
4757	-2450	-10020	-11463	-8181	-3336	9350	-77	-79	4208	21040	4208	71053414
4528	-1497	-10268	-11071	-8144	-3630	9351	-76	-80	4209	21045	4209	71053446
4330	-671	-10368	-10322	-8078	-3793	9352	-74	-84	4210	21050	4210	71053446
4196	80	-10637	-9268	-7953	-3860	9353	-75	-84	4211	21055	4211	71053447
4202	680	-11066	-7993	-7839	-3850	9354	-79	-83	4212	21060	4212	71053447
4301	994	-11486	-7035	-7745	-3778	9355	-77	-84	4213	21065	4213	71053447
4400	1182	-11850	-6379	-7648	-3618	9356	-74	-86	4214	21070	4214	71053448
4438	1315	-12097	-6005	-7539	-3414	9357	-74	-88	4215	21075	4215	71053462
4535	1374	-12363	-5833	-7395	-3205	9358	-74	-92	4216	21080	4216	71053484
4694	1326	-12596	-5802	-7209	-2985	9359	-71	-92	4217	21085	4217	71053484
4885	1186	-12847	-5897	-7034	-2772	9360	-66	-92	4218	21090	4218	71053484
5161	1116	-13036	-6126	-6969	-2580	9361	-68	-90	4219	21095	4219	71053484
5460	1059	-13463	-6386	-7056	-2397	9362	-71	-87	4220	21100	4220	71053484
5792	922	-14099	-6590	-7293	-2222	9363	-72	-88	4221	21105	4221	71053484
6252	756	-14597	-6779	-7720	-2065	9364	-74	-90	4222	21110	4222	71053484
6646	755	-14603	-6983	-8328	-1915	9365	-73	-91	4223	21115	4223	71053484
6739	1053	-14140	-7054	-8900	-1789	9366	-72	-92	4224	21120	4224	71053488
6544	1367	-13486	-6771	-9172	-1712	9367	-70	-93	4225	21125	4225	71053507
6325	1673	-13077	-6183	-9095	-1675	9368	-67	-95	4226	21130	4226	71053525
6117	1861	-13140	-5577	-8841	-1693	9369	-67	-96	4227	21135	4227	71053525
5932	1797	-13790	-5051	-8652	-1784	9371	-66	-98	4228	21140	4228	71053526
5883	2026	-15025	-4735	-8760	-1929	9372	-66	-99	4229	21145	4229	71053526
5848	2500	-16230	-4470	-9047	-2069	9373	-66	-100	4230	21150	4230	71053526
5673	2732	-17359	-3937	-9290	-2182	9374	-68	-99	4231	21155	4231	71053527
5443	2886	-18498	-3020	-9436	-2260	9375	-70	-98	4232	21160	4232	71053532
5160	3072	-19577	-1787	-9559	-2277	9376	-65	-95	4233	21165	4233	71053551
4772	3277	-20482	-504	-9625	-2226	9377	-61	-93	4234	21170	4234	71053562
4155	3517	-21176	661	-9506	-2123	9378	-59	-98	4235	21175	4235	71053562
3302	3774	-21840	1908	-9022	-1928	9379	-58	-102	4236	21180	4236	71053562
2394	3898	-22406	3013	-8265	-1633	9380	-59	-103	4237	21185	4237	71053562
1694	3910	-22691	4013	-7433	-1222	9381	-59	-103	4238	21190	4238	71053562
1171	3771	-22851	4870	-6799	-738	9382	-58	-102	4239	21195	4239	71053562
699	3364	-22908	5760	-6267	-145	9383	-58	-102	4240	21200	4240	71053573
410	2778	-22878	6593	-5955	512	9384	-60	-102	4241	21205	4241	71053592
354	2166	-22901	7183	-5912	1145	9385	-62	-102	4242	21210	4242	71053599
360	1565	-22899	7449	-6075	1691	9386	-64	-103	4243	21215	4243	71053599
458	860	-22655	7306	-6373	2091	9387	-65	-103	4244	21220	4244	71053600
508	-156	-22007	6675	-6727	2366	9388	-57	-107	4245	21225	4245	71053600
465	-1148	-21525	5786	-6878	2450	9389	-54	-108	4246	21230	4246	71053600
592	-1653	-21004	4836	-6799	2348	9390	-56	-106	4247	21235	4247	71053600
928	-2386	-20425	3983	-6533	2144	9391	-56	-106	4248	21240	4248	71053647
1391	-2956	-19759	3338	-6300	1896	9392	-55	-108	4249	21245	4249	71053660
1709	-3405	-19051	2683	-6228	1584	9393	-55	-109	4250	21250	4250	71053660
2015	-3822	-18532	2301	-6217	1261	9394	-52	-106	4251	21255	4251	71053660
2310	-4067	-17851	2178	-6139	976	9395	-51	-105	4252	21260	4252	71053660
2538	-4626	-17090	2552	-6038	593	9396	-56	-112	4253	21265	4253	71053660
2806	-4924	-16740	2939	-6024	278	9397	-56	-112	4254	21270	4254	71053660
3152	-5142	-16494	2986	-6122	-130	9398	-48	-112	4255	21275	4255	71053670
3350	-5696	-16568	2807	-6297	-425	9399	-48	-112	4256	21280	4256	71053707
3337	-5984	-16460	2342	-6491	-642	9400	-56	-110	4257	21285	4257	71053708
3534	-5839	-16051	1794	-6676	-935	9401	-58	-110	4258	21290	4258	71053708
3672	-5857	-15333	1582	-6862	-1239	9402	-57	-114	4259	21295	4259	71053708
3729	-6221	-14540	1711	-7097	-1457	9403	-57	-115	4260	21300	4260	71053709
3580	-6455	-13900	1606	-7381	-1617	9404	-53	-113	4261	21305	4261	71053710
3348	-6564	-13490	1085	-7884	-1841	9405	-52	-112	4262	21310	4262	71053710
2966	-6150	-13252	550	-8329	-2029	9406	-43	-117	4263	21315	4263	71053711
2574	-5030	-13068	227	-8679	-2224	9407	-43	-117	4264	21320	4264	71053711
2288	-4932	-13134	558	-8732	-2268	9408	-47	-121	4265	21325	4265	71053725
1680	-4144	-13504	759	-8624	-2324	9409	-47	-121	4266	21330	4266	71053745
1180	-3558	-13832	405	-8382	-2225	9410	-42	-116	4267	21335	4267	71053745
1050	-2752	-14132	-185	-8062	-2246	9411	-42	-116	4268	21340	4268	71053745
1332	-2138	-14226	-926	-7808	-2315	9412	-38	-118	4269	21345	4269	71053745
1173	-1614	-14288	-1828	-7670	-2358	9413	-39	-120	4270	21350	4270	71053745
454	-1329	-14177	-2558	-7696	-2113	9414	-42	-126	4271	21355	4271	71053745
313	-891	-14234	-3060	-7808	-1918	9415	-40	-124	4272	21360	4272	71053745
286	-412	-14169	-3316	-7832	-1880	9416	-34	-114	4273	21365	4273	71053745
291	177	-14239	-3178	-7944	-1973	9417	-35	-114	4274	21370	4274	71053747
-606	726	-14450	-2625	-7997	-2022	9418	-39	-115	4275	21375	4275	71053760
1242	1006	-14652	-2058	-7869	-1563	9419	-39	-115	4276	21380	4276	71053782
-2082	1728	-15436	-1047	-7786	-2210	9420	-38	-126	4277	21385	4277	71053782
-1710	1156	-16088	-289	-7298	-931	9421	-38	-126	4278	21390	4278	71053782
-2370	2030	-16680	296	-6183	-1088	9422	-35	-129	4279	21395	4279	71053782
-2286	2131	-17152	773	-5112	-1076	9423	-35	-128	4280	21400	4280	71053783
-2469	2192	-17483	890	-4108	-1119	9424	-36	-126	4281	21405	4281	71053783
-2724	1990	-17659	485	-3415	-908	9425	-36	-126	4282	21410	4282	71053783
-2381	1969	-17491	-429	-2947	-737	9426	-38	-124	4283	21415	4283	71053783
-2044	2140	-17045	-1425	-2629	-673	9427	-36	-124	4284	21420	4284	71053786
-1773	2423	-16498	-2233	-2544	-532	9428	-30	-126	4285	21425	4285	71053804
-1362	2584	-15865	-2614	-2593	-411	9429	-32	-125	4286	21430	4286	71053818
-1260	2738	-15309	-2515	-2547	-224	9430	-38	-122	4287	21435	4287	71053818
-1248	2782	-15015	-2143	-2363	-75	9431	-35	-124	4288	21440	4288	71053818
-1212	2782	-14815	-1602	-2011	53	9432	-30	-126	4289	21445	4289	71053819
-1136	2721	-14918	-979	-1602	162	9433	-30	-127	4290	21450	4290	71053819
-1101	2641	-15131	-328	-1257	271	9434	-31	-129	4291	21455	4291	71053819
-1138	2528	-15367	295	-960	388	9435	-30	-127	4292	21460	4292	71053835
-1190	2360	-15684	840	-626	505	9436	-29	-123	4293	21465	4293	71053862
-1118	2246	-16022	1268	-242	637	9437	-31	-123	4294	21470	4294	71053866
-1017	2181	-16323	1595	94	781	9438	-34	-122	4295	21475	4295	71053866
-921	2073	-16531	1866	290	935	9439	-35	-122	4296	21480	4296	71053866
-871	1976	-16601	2050	364	1056	9440	-36	-122	4297	21485	4297	71053866
-802	1874	-16657	2094	316	1154	9441	-37	-123	4298	21490	4298	71053866
-780	1754	-16760	2062	212	1229	9442	-38	-124	4299	21495	4299	71053870
-754	1573	-16888	1990	198	1265	9443	-36	-125	4300	21500	4300	71053891
-664	1313	-17012	1867	346	1270	9444	-33	-127	4301	21505	4301	71053916
-590	996	-17032	1680	617	1268	9445	-32	-127	4302	21510	4302	71053916
-453	617	-16844	1439	901	1267	9447	-31	-127	4303	21515	4303	71053916
-314	147	-16649	1296	1033	1262	9448	-35	-126	4304	21520	4304	71053916
-227	-479	-16635	1316	1001	1238	9449	-38	-126	4305	21525	4305	71053916
-169	-1184	-16732	1386	835	1196	9450	-35	-125	4306	21530	4306	71053916
-207	-1949	-16837	1424	542	1136	9451	-33	-125	4307	21535	4307	71053916
-394	-2698	-16938	1445	200	1054	9452	-35	-125	4308	21540	4308	71053922
-607	-3362	-17067	1483	-73	936	9453	-37	-125	4309	21545	4309	71053969
-879	-3933	-17214	1576	-211	778	9454	-38	-123	4310	21550	4310	71053998
-1136	-4504	-17344	1763	-201	576	9455	-38	-122	4311	21555	4311	71053999
-1245	-4813	-17536	1984	-35	379	9456	-38	-127	4312	21560	4312	71053999
-1254	-4923	-17674	2145	180	233	9457	-38	-128	4313	21565	4313	71053999
-1176	-4947	-17800	2273	414	102	9458	-37	-124	4314	21570	4314	71054000
-948	-4806	-17866	2347	648	-2	9459	-37	-121	4315	21575	4315	71054000
-668	-4579	-17878	2348	822	-58	9460	-36	-119	4316	21580	4316	71054000
-386	-4340	-17864	2263	906	-82	9461	-35	-117	4317	21585	4317	71054001
-70	-4064	-17724	2093	906	-81	9462	-38	-119	4318	21590	4318	71054003
192	-3812	-17456	1824	836	-67	9463	-40	-120	4319	21595	4319	71054025
386	-3538	-17078	1414	655	-53	9464	-39	-124	4320	21600	4320	71054038
579	-3369	-16754	1023	385	-36	9465	-39	-125	4321	21605	4321	71054038
664	-3217	-16464	749	107	-33	9466	-35	-124	4322	21610	4322	71054038
721	-3037	-16427	594	-119	-42	9467	-34	-124	4323	21615	4323	71054038
881	-2862	-16475	528	-244	-90	9468	-36	-126	4324	21620	4324	71054038
1025	-2617	-16680	540	-242	-153	9469	-36	-126	4325	21625	4325	71054038
1210	-2391	-16946	576	-174	-206	9470	-39	-124	4326	21630	4326	71054038
1421	-2230	-16898	539	-122	-267	9471	-40	-124	4327	21635	4327	71054038
1586	-2062	-16792	340	-150	-339	9472	-37	-125	4328	21640	4328	71054038
1628	-1864	-16888	111	-278	-406	9473	-37	-125	4329	21645	4329	71054038
1716	-1526	-16674	-70	-442	-467	9474	-38	-124	4330	21650	4330	71054038
1780	-1348	-16498	-33	-657	-497	9475	-38	-124	4331	21655	4331	71054094
1790	-1343	-16106	126	-935	-500	9476	-36	-123	4332	21660	4332	71054094
1688	-1364	-15868	274	-1294	-486	9477	-35	-123	4333	21665	4333	71054094
1491	-1413	-15407	330	-1658	-454	9478	-33	-120	4334	21670	4334	71054094
1264	-1557	-15121	274	-1953	-417	9479	-33	-119	4335	21675	4335	71054094
1071	-1772	-15012	175	-2121	-402	9480	-34	-123	4336	21680	4336	71054094
700	-1928	-14894	36	-2198	-395	9481	-34	-124	4337	21685	4337	71054094
566	-2106	-14960	-97	-2187	-403	9482	-36	-116	4338	21690	4338	71054094
328	-2186	-14838	-276	-2150	-381	9483	-36	-116	4339	21695	4339	71054094
322	-2210	-14756	-404	-2136	-353	9484	-30	-126	4340	21700	4340	71054094
140	-2210	-14782	-448	-2153	-302	9485	-30	-126	4341	21705	4341	71054094
-52	-2150	-14778	-504	-2174	-249	9486	-33	-125	4342	21710	4342	71054095
-162	-2042	-15002	-606	-2101	-204	9487	-33	-125	4343	21715	4343	71054137
-202	-1892	-15222	-715	-1895	-173	9488	-32	-120	4344	21720	4344	71054138
-230	-1734	-15267	-843	-1574	-141	9489	-32	-120	4345	21725	4345	71054138
-158	-1503	-15354	-912	-1340	-102	9490	-32	-120	4346	21730	4346	71054138
-106	-1376	-15309	-922	-1163	-60	9491	-32	-121	4347	21735	4347	71054138
-123	-1262	-15352	-836	-1017	-26	9492	-33	-127	4348	21740	4348	71054139
-182	-1197	-15453	-663	-846	4	9493	-34	-127	4349	21745	4349	71054139
-244	-1095	-15515	-453	-625	1	9494	-36	-128	4350	21750	4350	71054139
-236	-970	-15568	-261	-429	-3	9495	-36	-128	4351	21755	4351	71054139
-220	-964	-15682	-59	-302	-18	9496	-35	-125	4352	21760	4352	71054185
-186	-950	-15672	69	-340	-43	9497	-35	-125	4353	21765	4353	71054201
-132	-887	-15616	107	-518	-64	9498	-32	-122	4354	21770	4354	71054201
-213	-846	-15596	146	-681	-84	9499	-33	-123	4355	21775	4355	71054202
-170	-896	-15606	232	-808	-105	9500	-39	-127	4356	21780	4356	71054202
-116	-976	-15690	344	-881	-133	9501	-40	-126	4357	21785	4357	71054203
-123	-1119	-15778	459	-905	-157	9502	-42	-124	4358	21790	4358	71054203
-110	-1221	-15851	515	-883	-176	9503	-40	-125	4359	21795	4359	71054203
-106	-1414	-15655	507	-820	-179	9504	-34	-128	4360	21800	4360	71054204
-241	-1560	-15571	407	-740	-186	9505	-34	-127	4361	21805	4361	71054207
-344	-1695	-15462	213	-699	-192	9506	-32	-122	4362	21810	4362	71054216
-411	-1757	-15491	40	-706	-196	9507	-32	-123	4363	21815	4363	71054216
-497	-1796	-15656	-93	-717	-187	9508	-32	-124	4364	21820	4364	71054225
-582	-1890	-15786	-188	-666	-170	9509	-32	-123	4365	21825	4365	71054236
-672	-2027	-15964	-254	-546	-147	9510	-32	-122	4366	21830	4366	71054236
-653	-2213	-16049	-284	-403	-115	9511	-33	-123	4367	21835	4367	71054236
-606	-2384	-16104	-281	-304	-85	9512	-35	-125	4368	21840	4368	71054236
-569	-2518	-16183	-257	-253	-47	9513	-35	-126	4369	21845	4369	71054236
-443	-2602	-16099	-188	-227	-12	9514	-34	-128	4370	21850	4370	71054236
-378	-2637	-16042	-133	-209	7	9515	-33	-127	4371	21855	4371	71054236
-300	-2624	-15916	-108	-211	25	9516	-31	-125	4372	21860	4372	71054237
-290	-2551	-15893	-132	-256	26	9517	-33	-124	4373	21865	4373	71054237
-254	-2426	-15912	-182	-312	14	9518	-36	-122	4374	21870	4374	71054239
-244	-2304	-15925	-231	-335	-3	9519	-36	-124	4375	21875	4375	71054256
-193	-2146	-16013	-281	-345	-21	9520	-36	-126	4376	21880	4376	71054276
-168	-1928	-16074	-337	-364	-26	9521	-35	-125	4377	21885	4377	71054276
-159	-1783	-16071	-413	-382	-30	9523	-33	-123	4378	21890	4378	71054276
-122	-1623	-16169	-516	-354	-31	9524	-35	-125	4379	21895	4379	71054276
-52	-1515	-16183	-609	-253	-24	9525	-36	-126	4380	21900	4380	71054276
68	-1386	-16152	-682	-105	-17	9526	-35	-127	4381	21905	4381	71054276
192	-1273	-16197	-744	21	-9	9527	-34	-128	4382	21910	4382	71054281
