-15625	-2591	-8757	6582	-1228	-2435	-3	79	-121	3777	18885	3777	71051270
-15556	-2715	-8514	5809	-1630	-2497	-1	77	-119	3778	18890	3778	71051270
-15567	-2790	-8344	5122	-2072	-2564	1	82	-119	3779	18895	3779	71051270
-15659	-2866	-8220	4450	-2528	-2569	3	85	-119	3780	18900	3780	71051270
-15796	-2908	-7952	3713	-2938	-2535	1	81	-120	3781	18905	3781	71051271
-16012	-2854	-7688	2953	-3228	-2497	0	78	-120	3782	18910	3782	71051271
-16208	-2855	-7476	2226	-3370	-2458	-1	84	-119	3783	18915	3783	71051277
-16359	-2883	-7283	1445	-3342	-2408	-2	88	-118	3784	18920	3784	71051301
-16484	-2802	-7045	773	-3180	-2336	1	86	-121	3785	18925	3785	71051308
-16554	-2686	-7178	198	-2911	-2224	2	86	-122	3786	18930	3786	71051308
-16630	-2540	-7245	-322	-2544	-2120	0	78	-114	3787	18935	3787	71051309
-16545	-2435	-7143	-751	-2179	-2032	0	76	-112	3788	18940	3788	71051313
-16574	-2168	-7167	-1054	-1879	-1985	-5	81	-110	3789	18945	3789	71051315
-16599	-1948	-7114	-1194	-1646	-1956	-6	82	-110	3790	18950	3790	71051315
-16693	-1756	-7082	-1204	-1481	-1934	-2	80	-119	3791	18955	3791	71051315
-16828	-1626	-7212	-1108	-1324	-1929	-1	79	-121	3792	18960	3792	71051315
-16814	-1500	-7050	-965	-1188	-1936	-1	85	-117	3793	18965	3793	71051326
-16692	-1480	-7164	-823	-1118	-1923	-1	85	-117	3794	18970	3794	71051355
-16700	-1382	-7400	-747	-1097	-1928	2	84	-114	3795	18975	3795	71051355
-16720	-1298	-7314	-676	-1065	-1940	2	84	-114	3796	18980	3796	71051355
-16754	-1274	-7318	-532	-1047	-1978	2	82	-114	3797	18985	3797	71051355
-16824	-1208	-7252	-271	-1032	-2004	2	82	-114	3798	18990	3798	71051355
-16912	-1152	-7146	4	-1005	-2021	3	79	-121	3799	18995	3799	71051355
-17022	-1124	-7156	254	-914	-2018	3	79	-121	3800	19000	3800	71051355
-17126	-1007	-7019	508	-770	-1995	1	87	-117	3801	19005	3801	71051436
-17134	-986	-6950	713	-618	-1953	0	86	-118	3802	19010	3802	71051437
-17121	-931	-6952	933	-444	-1894	-2	84	-120	3803	19015	3803	71051437
-17120	-860	-6863	1157	-249	-1825	-1	84	-119	3804	19020	3804	71051437
-16968	-833	-6862	1348	-27	-1743	1	85	-117	3805	19025	3805	71051437
-16959	-896	-6907	1506	198	-1683	2	85	-117	3806	19030	3806	71051437
-16923	-978	-6953	1631	421	-1626	7	87	-119	3807	19035	3807	71051437
-16881	-1012	-7008	1734	651	-1588	6	85	-117	3808	19040	3808	71051437
-16856	-969	-7000	1749	876	-1533	1	77	-109	3809	19045	3809	71051437
-16820	-953	-7017	1718	1043	-1485	2	81	-111	3810	19050	3810	71051449
-16804	-964	-7026	1688	1174	-1427	4	86	-114	3811	19055	3811	71051469
-16830	-1012	-7116	1654	1274	-1360	3	85	-115	3812	19060	3812	71051471
-16817	-1060	-7220	1610	1360	-1286	1	83	-117	3813	19065	3813	71051471
-16820	-1096	-7357	1538	1456	-1200	3	83	-116	3814	19070	3814	71051471
-16820	-1131	-7388	1440	1571	-1122	6	82	-114	3815	19075	3815	71051471
-16846	-1172	-7425	1340	1698	-1059	6	82	-116	3816	19080	3816	71051471
-16855	-1175	-7483	1237	1836	-997	5	81	-119	3817	19085	3817	71051471
-16930	-1150	-7483	1168	1988	-938	8	82	-118	3818	19090	3818	71051471
-16956	-1198	-7590	1097	2128	-877	10	82	-118	3819	19095	3819	71051471
-17017	-1254	-7668	1008	2277	-831	6	80	-117	3820	19100	3820	71051471
-17056	-1276	-7648	904	2444	-785	4	78	-116	3821	19105	3821	71051471
-17056	-1304	-7670	774	2631	-728	5	80	-115	3822	19110	3822	71051471
-17010	-1344	-7743	629	2817	-657	6	82	-114	3823	19115	3823	71051475
-16944	-1307	-7716	440	2950	-585	9	80	-118	3824	19120	3824	71051492
-16934	-1281	-7620	155	3014	-514	11	79	-121	3825	19125	3825	71051509
-16863	-1151	-7522	-90	3015	-445	5	77	-119	3826	19130	3826	71051512
-16870	-1052	-7422	-315	3027	-381	3	77	-119	3827	19135	3827	71051512
-16874	-849	-7306	-491	3053	-315	8	79	-119	3828	19140	3828	71051513
-16831	-778	-7237	-606	3124	-262	9	79	-119	3829	19145	3829	71051513
-16713	-561	-7218	-717	3186	-201	3	77	-117	3830	19150	3830	71051513
-16672	-393	-7146	-769	3248	-134	2	76	-116	3831	19155	3831	71051513
-16666	-202	-7008	-733	3313	-68	6	75	-117	3832	19160	3832	71051514
-16711	38	-7135	-649	3368	31	7	75	-117	3833	19165	3833	71051514
-16772	240	-7060	-501	3456	149	8	78	-118	3834	19170	3834	71051524
-16810	370	-7184	-324	3561	273	8	78	-118	3835	19175	3835	71051545
-16890	606	-7286	-95	3663	397	0	78	-114	3836	19180	3836	71051545
-17078	908	-7330	173	3813	548	0	78	-114	3837	19185	3837	71051545
-17250	1082	-7408	471	4026	723	11	77	-121	3838	19190	3838	71051546
-17376	1230	-7322	768	4256	871	11	77	-121	3839	19195	3839	71051546
-17568	1310	-7266	1039	4489	1070	5	69	-115	3840	19200	3840	71051546
-17510	1380	-7272	1246	4716	1267	5	69	-115	3841	19205	3841	71051553
-17531	1389	-7216	1503	4974	1472	5	73	-119	3842	19210	3842	71051589
-17501	1397	-7142	1668	5117	1709	4	72	-120	3843	19215	3843	71051590
-17364	1385	-7156	1806	5216	1886	2	66	-124	3844	19220	3844	71051590
-17213	1397	-7275	1931	5297	2041	3	67	-123	3845	19225	3845	71051591
-17150	1304	-7345	2062	5392	2192	8	70	-120	3846	19230	3846	71051591
-17036	1316	-7312	2197	5472	2342	8	70	-121	3847	19235	3847	71051592
-17015	1310	-7432	2305	5500	2491	6	70	-124	3848	19240	3848	71051599
-17060	1505	-7473	2413	5481	2616	5	70	-123	3849	19245	3849	71051621
-17114	1698	-7466	2531	5421	2792	2	68	-118	3850	19250	3850	71051621
-17210	1932	-7383	2692	5369	3018	5	66	-118	3851	19255	3851	71051621
-17228	2062	-7375	2860	5327	3237	10	62	-118	3852	19260	3852	71051621
-17136	2188	-7308	3024	5279	3472	8	64	-121	3853	19265	3853	71051621
-17088	2272	-7300	3161	5220	3700	5	67	-125	3854	19270	3854	71051622
-17042	2288	-7262	3283	5162	3913	8	67	-126	3855	19275	3855	71051625
-16885	2273	-7205	3433	5106	4103	12	66	-128	3856	19280	3856	71051647
-16757	2210	-7230	3602	5050	4257	9	66	-128	3857	19285	3857	71051673
-16741	2140	-7244	3792	4999	4388	4	66	-128	3858	19290	3858	71051673
-16766	2072	-7300	3968	4961	4496	9	62	-126	3859	19295	3859	71051673
-16776	2119	-7322	4080	4926	4593	12	60	-124	3860	19300	3860	71051674
-16816	2157	-7268	4125	4907	4685	11	62	-126	3861	19305	3861	71051674
-16819	2142	-7184	4135	4906	4796	10	64	-128	3862	19310	3862	71051674
-16785	2096	-7141	4141	4929	4923	9	63	-127	3863	19315	3863	71051678
-16746	2137	-7200	4157	4992	5045	8	62	-126	3864	19320	3864	71051695
-16669	2159	-7242	4183	5080	5157	11	63	-128	3865	19325	3865	71051705
-16711	2145	-7223	4220	5164	5265	13	63	-129	3866	19330	3866	71051705
-16745	2242	-7331	4284	5227	5367	14	65	-130	3867	19335	3867	71051705
-16781	2304	-7408	4395	5256	5446	14	66	-130	3868	19340	3868	71051705
-16798	2387	-7463	4534	5286	5533	13	64	-126	3869	19345	3869	71051705
-16765	2460	-7552	4690	5317	5601	13	63	-125	3870	19350	3870	71051706
-16767	2596	-7628	4855	5369	5707	9	62	-123	3871	19355	3871	71051706
-16703	2701	-7786	5038	5423	5826	8	62	-122	3872	19360	3872	71051706
-16648	2850	-7776	5236	5464	5921	8	60	-122	3873	19365	3873	71051736
-16560	3007	-7822	5481	5472	6037	8	60	-122	3874	19370	3874	71051744
-16450	3346	-7832	5837	5433	6188	12	58	-130	3875	19375	3875	71051744
-16324	3544	-7948	6202	5361	6330	12	58	-130	3876	19380	3876	71051744
-16302	3538	-8014	6612	5308	6465	12	62	-128	3877	19385	3877	71051744
-16214	3578	-8052	7019	5309	6557	12	62	-128	3878	19390	3878	71051744
-16132	3514	-8158	7374	5348	6614	16	62	-124	3879	19395	3879	71051744
-16072	3414	-8210	7738	5447	6641	16	62	-124	3880	19400	3880	71051768
-15864	3278	-8304	8098	5558	6678	14	54	-126	3881	19405	3881	71051801
-15804	3290	-8350	8461	5693	6729	14	54	-126	3882	19410	3882	71051801
-15716	3274	-8280	8809	5844	6703	11	55	-129	3883	19415	3883	71051803
-15505	3206	-8247	9273	5996	6747	12	55	-129	3884	19420	3884	71051805
-15264	3155	-8219	9619	6127	6828	18	54	-128	3885	19425	3885	71051807
-15035	2993	-8168	9958	6257	6839	17	54	-128	3886	19430	3886	71051807
-14781	2798	-8072	10278	6352	6843	14	54	-126	3887	19435	3887	71051808
-14512	2714	-7959	10542	6420	6859	16	53	-126	3888	19440	3888	71051815
-14470	2644	-7978	10821	6488	6801	22	50	-128	3889	19445	3889	71051834
-14409	2606	-7958	11035	6555	6911	21	50	-127	3890	19450	3890	71051834
-14135	2494	-7891	11141	6631	7113	19	51	-123	3891	19455	3891	71051834
-13859	2723	-7806	11360	6706	7014	19	50	-123	3892	19460	3892	71051834
-13838	2763	-7883	11898	6891	6877	18	48	-122	3893	19465	3893	71051834
-13706	2639	-7916	12371	7098	7010	18	49	-125	3894	19470	3894	71051834
-13546	2605	-7889	12819	7296	7097	19	51	-129	3895	19475	3895	71051834
-13472	2573	-7937	13322	7496	7067	21	51	-130	3896	19480	3896	71051834
-13370	2511	-8014	13759	7697	7112	25	51	-131	3897	19485	3897	71051838
-13290	2422	-8017	14126	7889	7152	26	48	-130	3898	19490	3898	71051861
-13214	2265	-8022	14470	8112	7170	27	43	-129	3899	19495	3899	71051887
-13163	2071	-8033	14848	8385	7142	29	49	-128	3900	19500	3900	71051887
-13150	1899	-8050	15192	8630	7127	30	54	-126	3901	19505	3901	71051887
-13089	1691	-8000	15475	8813	7162	32	50	-125	3902	19510	3902	71051888
-13107	1459	-8071	15746	8998	7126	34	48	-124	3903	19515	3903	71051888
-13133	1208	-8135	15931	9167	7110	30	42	-123	3904	19520	3904	71051888
-13098	1015	-8158	16000	9288	7166	28	38	-122	3905	19525	3905	71051892
-13024	964	-8161	16091	9390	7171	31	42	-125	3906	19530	3906	71051915
-13044	956	-8232	16302	9544	7085	33	45	-127	3907	19535	3907	71051929
-13078	985	-8284	16575	9724	6997	38	44	-128	3908	19540	3908	71051930
-13012	867	-8330	16879	9901	7072	42	44	-128	3909	19545	3909	71051931
-12876	714	-8301	17107	10019	7204	38	42	-124	3910	19550	3910	71051931
-12781	762	-8429	17378	10171	7098	37	41	-123	3911	19555	3911	71051933
-12722	759	-8562	17714	10350	6933	42	38	-121	3912	19560	3912	71051933
-12630	632	-8768	18079	10458	6884	43	37	-121	3913	19565	3913	71051933
-12528	445	-8900	18478	10538	6913	44	35	-127	3914	19570	3914	71051933
-12377	241	-9018	18791	10556	6918	44	34	-128	3915	19575	3915	71051938
-12322	74	-9058	19051	10532	6867	45	38	-124	3916	19580	3916	71051961
-12186	-180	-9242	19360	10464	6883	45	39	-123	3917	19585	3917	71051967
-12046	-176	-9456	19549	10296	6828	55	39	-117	3918	19590	3918	71051968
-11974	-416	-9668	19795	10106	6759	55	39	-117	3919	19595	3919	71051968
-11920	-698	-9834	20048	9967	6811	59	35	-125	3920	19600	3920	71051968
-11708	-812	-10128	20169	9824	6820	59	35	-125	3921	19605	3921	71051968
-11522	-860	-10368	20167	9597	6702	54	36	-120	3922	19610	3922	71051969
-11396	-1000	-10562	20151	9352	6633	54	36	-120	3923	19615	3923	71051969
-11230	-1282	-10790	20107	9198	6655	64	38	-114	3924	19620	3924	71051989
-11054	-1376	-10798	20038	9132	6552	64	38	-114	3925	19625	3925	71052005
-10741	-1626	-10972	19991	9134	6446	64	32	-118	3926	19630	3926	71052005
-10441	-1770	-11146	19853	9150	6368	65	32	-117	3927	19635	3927	71052005
-10179	-1783	-11288	19682	9130	6280	68	32	-112	3928	19640	3928	71052005
-10119	-1861	-11420	19549	9064	6165	68	33	-112	3929	19645	3929	71052005
-10008	-1987	-11594	19422	9005	6085	70	36	-112	3930	19650	3930	71052005
-9971	-2064	-11745	19228	8953	5973	70	36	-111	3931	19655	3931	71052006
-10020	-2088	-11714	18988	8922	5833	68	34	-106	3932	19660	3932	71052014
-10051	-2029	-11717	18737	8903	5646	71	33	-107	3933	19665	3933	71052047
-10092	-1842	-11556	18547	8956	5438	78	30	-108	3934	19670	3934	71052047
-10136	-1746	-11530	18521	9098	5255	78	32	-105	3935	19675	3935	71052047
-10100	-1753	-11556	18595	9304	5134	78	36	-100	3936	19680	3936	71052047
-10017	-1773	-11604	18728	9519	5036	79	34	-102	3937	19685	3937	71052047
-9970	-1864	-11647	18940	9676	4961	80	32	-106	3938	19690	3938	71052047
-9983	-1841	-11650	19180	9717	4922	81	30	-104	3939	19695	3939	71052050
-10037	-1792	-11617	19372	9631	4909	82	26	-102	3940	19700	3940	71052069
-10120	-1881	-11622	19556	9473	4959	86	25	-100	3941	19705	3941	71052091
-10248	-2070	-11573	19754	9296	5112	93	23	-97	3942	19710	3942	71052092
-10248	-2290	-11440	19930	9122	5296	87	23	-96	3943	19715	3943	71052092
-10216	-2457	-11446	20119	8960	5447	83	23	-95	3944	19720	3944	71052092
-10129	-2552	-11404	20334	8828	5589	88	28	-91	3945	19725	3945	71052092
-9969	-2560	-11350	20605	8728	5687	92	32	-88	3946	19730	3946	71052092
-9886	-2658	-11328	20945	8652	5779	94	31	-90	3947	19735	3947	71052106
-9804	-2925	-11230	21328	8664	5981	96	30	-92	3948	19740	3948	71052124
-9592	-3230	-11130	21622	8708	6210	97	31	-94	3949	19745	3949	71052129
-9249	-3468	-11013	21834	8648	6348	97	31	-95	3950	19750	3950	71052129
-8988	-3833	-10867	22068	8569	6471	103	25	-93	3951	19755	3951	71052129
-8776	-4106	-10760	22307	8581	6612	105	23	-93	3952	19760	3952	71052129
-8585	-4431	-10626	22521	8605	6736	101	25	-84	3953	19765	3953	71052129
-8393	-4780	-10481	22704	8579	6842	100	26	-82	3954	19770	3954	71052129
-8221	-5160	-10351	22796	8544	6960	98	25	-88	3955	19775	3955	71052129
-8057	-5337	-10206	22801	8407	7038	97	25	-89	3956	19780	3956	71052129
-8141	-5645	-9984	22819	8215	7125	106	23	-79	3957	19785	3957	71052130
-8106	-6079	-9837	22880	8107	7323	108	22	-76	3958	19790	3958	71052177
-8016	-6388	-9626	22857	8048	7494	104	26	-72	3959	19795	3959	71052195
-8012	-6676	-9268	22826	7982	7597	104	26	-72	3960	19800	3960	71052195
-7888	-6884	-8956	22797	7922	7771	112	30	-72	3961	19805	3961	71052196
-7752	-7086	-8720	22715	7759	7852	112	30	-72	3962	19810	3962	71052196
-7694	-7014	-8392	22712	7580	7826	109	25	-67	3963	19815	3963	71052197
-7630	-7362	-8206	22874	7533	7931	109	25	-67	3964	19820	3964	71052197
-7432	-7550	-7988	23030	7569	7970	111	27	-65	3965	19825	3965	71052205
-7214	-7640	-7824	23204	7496	7925	111	27	-65	3966	19830	3966	71052226
-6996	-8017	-7623	23448	7375	7947	114	32	-60	3967	19835	3967	71052226
-6904	-8364	-7466	23654	7279	7919	114	32	-60	3968	19840	3968	71052226
-6789	-8712	-7229	23856	7134	7862	115	31	-59	3969	19845	3969	71052226
-6907	-9224	-6910	24079	7012	7786	116	30	-60	3970	19850	3970	71052226
-6888	-9816	-6655	24196	6932	7714	118	28	-62	3971	19855	3971	71052226
-6903	-10141	-6404	24167	6813	7493	117	29	-59	3972	19860	3972	71052228
-6972	-10643	-6223	24143	6704	7278	115	35	-49	3973	19865	3973	71052242
-7045	-11270	-5952	24084	6647	7083	115	34	-49	3974	19870	3974	71052264
-7031	-11809	-5731	23933	6641	6937	117	29	-47	3975	19875	3975	71052264
-6888	-12350	-5507	23592	6571	6751	118	30	-46	3976	19880	3976	71052264
-6689	-12622	-5448	23173	6376	6553	120	32	-44	3977	19885	3977	71052264
-6570	-12785	-5314	22706	6043	6328	118	30	-46	3978	19890	3978	71052264
-6635	-13008	-5253	22301	5684	6173	115	27	-49	3979	19895	3979	71052264
-6762	-13280	-5198	21882	5402	6071	118	31	-44	3980	19900	3980	71052265
-6725	-13506	-5231	21394	5207	5986	122	36	-36	3981	19905	3981	71052265
-6695	-13694	-5269	20883	5009	5856	121	35	-34	3982	19910	3982	71052265
-6694	-13875	-5211	20355	4770	5740	120	34	-32	3983	19915	3983	71052265
-6627	-13951	-5182	19808	4500	5590	122	38	-27	3984	19920	3984	71052270
-6544	-13943	-5218	19338	4208	5410	124	40	-24	3985	19925	3985	71052297
-6436	-13950	-5190	18934	3887	5268	120	38	-28	3986	19930	3986	71052313
-6391	-13970	-5126	18564	3522	5120	118	36	-30	3987	19935	3987	71052313
-6404	-14026	-5061	18218	3080	4961	116	39	-31	3988	19940	3988	71052313
-6435	-14040	-4984	17875	2552	4762	115	41	-31	3989	19945	3989	71052314
-6422	-13992	-4958	17535	1983	4525	117	43	-27	3990	19950	3990	71052314
-6455	-13951	-4985	17241	1456	4297	118	44	-24	3991	19955	3991	71052314
-6408	-13923	-5063	17024	973	4065	121	46	-26	3992	19960	3992	71052337
-6326	-13960	-5089	16906	629	3838	122	46	-26	3993	19965	3993	71052349
-6333	-14077	-5085	16834	341	3651	120	44	-27	3994	19970	3994	71052350
-6338	-14318	-5196	16747	82	3503	119	43	-27	3995	19975	3995	71052350
-6367	-14447	-5262	16577	-189	3344	117	43	-21	3996	19980	3996	71052350
-6396	-14495	-5400	16332	-454	3184	117	43	-19	3997	19985	3997	71052350
-6444	-14686	-5494	16097	-705	3045	118	44	-21	3998	19990	3998	71052350
-6528	-14754	-5635	15904	-929	2931	118	44	-22	3999	19995	3999	71052350
-6552	-14858	-5772	15698	-1200	2803	121	47	-17	4000	20000	4000	71052351
-6542	-14968	-5818	15467	-1466	2680	121	47	-17	4001	20005	4001	71052351
-6428	-15042	-5800	15222	-1738	2561	118	48	-16	4002	20010	4002	71052378
-6352	-15012	-5934	14957	-2020	2413	118	48	-16	4003	20015	4003	71052386
-6368	-15048	-5898	14685	-2338	2234	114	50	-18	4004	20020	4004	71052386
-6366	-15138	-5890	14389	-2665	2042	114	50	-18	4005	20025	4005	71052386
-6446	-15294	-5822	14081	-3026	1843	113	49	-7	4006	20030	4006	71052386
-6634	-15504	-5794	13722	-3384	1607	113	49	-7	4007	20035	4007	71052386
-6670	-15640	-5738	13308	-3761	1390	116	50	-12	4008	20040	4008	71052386
-6796	-15815	-5717	12740	-4187	1110	115	50	-12	4009	20045	4009	71052393
-6860	-15856	-5634	12245	-4542	882	113	51	-13	4010	20050	4010	71052423
-6846	-15808	-5705	11746	-4909	662	112	50	-11	4011	20055	4011	71052441
-6678	-15732	-5724	11240	-5259	478	109	45	-3	4012	20060	4012	71052441
-6577	-15560	-5722	10771	-5562	312	110	46	-4	4013	20065	4013	71052441
-6443	-15407	-5722	10375	-5843	151	116	50	-8	4014	20070	4014	71052442
-6332	-15280	-5694	10007	-6127	-3	115	50	-6	4015	20075	4015	71052442
-6162	-15340	-5627	9608	-6471	-135	110	50	0	4016	20080	4016	71052444
-6089	-15326	-5648	9077	-6952	-282	112	50	-2	4017	20085	4017	71052458
-6176	-15256	-5633	8447	-7549	-417	119	49	-7	4018	20090	4018	71052478
-6274	-15216	-5605	7865	-8109	-519	115	50	-9	4019	20095	4019	71052478
-6492	-15088	-5596	7294	-8655	-593	108	52	-12	4020	20100	4020	71052479
-6719	-14963	-5572	6775	-9156	-642	110	51	-10	4021	20105	4021	71052479
-7020	-14853	-5563	6351	-9593	-681	114	50	-6	4022	20110	4022	71052479
-7288	-14653	-5582	6120	-9931	-708	114	54	-6	4023	20115	4023	71052479
-7533	-14375	-5612	6118	-10129	-741	115	59	-5	4024	20120	4024	71052482
-7680	-14115	-5692	6288	-10199	-766	113	56	-4	4025	20125	4025	71052498
-7657	-13898	-5675	6489	-10191	-781	110	52	-2	4026	20130	4026	71052510
-7561	-13749	-5557	6593	-10229	-787	109	55	0	4027	20135	4027	71052510
-7506	-13613	-5452	6573	-10366	-785	109	57	1	4028	20140	4028	71052510
-7494	-13489	-5370	6446	-10590	-801	112	59	-2	4029	20145	4029	71052510
-7421	-13478	-5195	6315	-10858	-853	114	60	-4	4030	20150	4030	71052510
-7422	-13501	-4956	6274	-11139	-964	112	60	-6	4031	20155	4031	71052511
-7511	-13510	-4819	6314	-11402	-1084	110	60	-8	4032	20160	4032	71052511
-7740	-13570	-4806	6422	-11543	-1157	112	61	-7	4033	20165	4033	71052511
-8138	-13888	-4770	6641	-11428	-1157	114	62	-6	4034	20170	4034	71052517
-8606	-14400	-4642	6868	-11090	-1111	116	62	-8	4035	20175	4035	71052534
-8999	-15066	-4624	7014	-10631	-1133	116	62	-8	4036	20180	4036	71052539
-9292	-15840	-4549	7150	-10049	-1285	113	65	-6	4037	20185	4037	71052539
-9610	-16774	-4658	7363	-9377	-1516	112	66	-6	4038	20190	4038	71052539
-9732	-17702	-4768	7609	-8555	-1824	110	62	-7	4039	20195	4039	71052539
-9796	-18603	-4814	7949	-7514	-2262	109	61	-7	4040	20200	4040	71052539
-9741	-19641	-4898	8345	-6433	-2753	108	57	-8	4041	20205	4041	71052539
-9722	-20806	-4730	8519	-5337	-3382	108	56	-8	4042	20210	4042	71052550
-9718	-21798	-4580	8475	-4712	-4029	113	63	-5	4043	20215	4043	71052576
-9670	-22558	-4416	8211	-4371	-4716	113	63	-5	4044	20220	4044	71052576
-9686	-23082	-4222	7740	-4211	-5450	116	64	0	4045	20225	4045	71052577
-9700	-23354	-3922	7225	-4114	-6232	116	64	0	4046	20230	4046	71052577
-9584	-23732	-3498	6756	-4114	-6968	120	64	-8	4047	20235	4047	71052577
-9454	-24048	-3106	6223	-4344	-7675	120	64	-8	4048	20240	4048	71052587
-9310	-24376	-2756	5644	-4800	-8338	117	61	-9	4049	20245	4049	71052616
-9278	-24574	-2468	4984	-5429	-8989	117	61	-9	4050	20250	4050	71052616
-9374	-24740	-1919	4239	-6352	-9687	121	61	-9	4051	20255	4051	71052616
-9638	-24767	-1638	3866	-7124	-10229	120	61	-9	4052	20260	4052	71052616
-9866	-24854	-1397	3687	-7902	-10636	118	60	-8	4053	20265	4053	71052616
-10158	-24959	-1300	3458	-8624	-11018	118	60	-9	4054	20270	4054	71052624
-10438	-25063	-1349	2988	-9250	-11407	120	58	-14	4055	20275	4055	71052654
-10582	-25048	-1493	2193	-9655	-11811	120	58	-13	4056	20280	4056	71052654
-10576	-24863	-1530	1229	-9791	-12206	121	59	-7	4057	20285	4057	71052655
-10308	-24587	-1534	222	-9821	-12699	123	58	-7	4058	20290	4058	71052655
-9699	-24219	-1696	-889	-9928	-13101	127	53	-7	4059	20295	4059	71052655
-9116	-23954	-1728	-1869	-10116	-13336	127	54	-10	4060	20300	4060	71052656
-8651	-23678	-1743	-2816	-10389	-13451	127	55	-15	4061	20305	4061	71052656
-8345	-23193	-1946	-3807	-10747	-13460	124	50	-19	4062	20310	4062	71052689
-8138	-22569	-2044	-4861	-11111	-13387	120	42	-24	4063	20315	4063	71052736
-7931	-21908	-1996	-5847	-11493	-13278	123	46	-21	4064	20320	4064	71052736
-7948	-21138	-2006	-6792	-11932	-13149	127	53	-17	4065	20325	4065	71052737
-8196	-20223	-2005	-7723	-12311	-12967	129	52	-16	4066	20330	4066	71052737
-8492	-19148	-1895	-8449	-12547	-12741	132	50	-14	4067	20335	4067	71052738
-8700	-18208	-1839	-8740	-12639	-12500	130	43	-16	4068	20340	4068	71052738
-8792	-17326	-1804	-8924	-12646	-12227	128	38	-18	4069	20345	4069	71052742
-8888	-16359	-1887	-9268	-12634	-11870	126	39	-18	4070	20350	4070	71052763
-8940	-15420	-2121	-9775	-12663	-11511	124	40	-18	4071	20355	4071	71052775
-9015	-14459	-2354	-10289	-12647	-11165	126	41	-14	4072	20360	4072	71052775
-8961	-13585	-2650	-10684	-12474	-10842	127	41	-11	4073	20365	4073	71052776
-8700	-12842	-2862	-10920	-12123	-10582	129	40	-18	4074	20370	4074	71052776
-8351	-12101	-2844	-10890	-11621	-10356	130	40	-22	4075	20375	4075	71052776
-7988	-11398	-2747	-10570	-11223	-10205	130	38	-24	4076	20380	4076	71052776
-7719	-10703	-2645	-10068	-10942	-10108	130	38	-24	4077	20385	4077	71052776
-7627	-10106	-2613	-9321	-10726	-10006	125	36	-22	4078	20390	4078	71052776
-7837	-9616	-2492	-8255	-10556	-9898	124	36	-22	4079	20395	4079	71052776
-8020	-9391	-2246	-6810	-10404	-9716	133	34	-24	4080	20400	4080	71052776
-8332	-9547	-2210	-5072	-10268	-9470	135	33	-25	4081	20405	4081	71052776
-8672	-9805	-2118	-3358	-10120	-9113	129	32	-24	4082	20410	4082	71052788
-9184	-10148	-1968	-1582	-9815	-8540	128	32	-24	4083	20415	4083	71052791
-9590	-10337	-1902	-166	-9286	-8164	123	27	-35	4084	20420	4084	71052791
-10097	-10466	-1821	754	-8786	-7877	123	27	-34	4085	20425	4085	71052793
-10516	-10590	-1578	1573	-8340	-7453	125	25	-29	4086	20430	4086	71052803
-10917	-10848	-1425	2524	-7987	-6953	125	24	-29	4087	20435	4087	71052828
-11147	-11292	-1402	3571	-7618	-6415	127	21	-27	4088	20440	4088	71052828
-11032	-11756	-1356	4601	-7162	-5882	128	22	-27	4089	20445	4089	71052829
-10565	-12276	-1335	5522	-6623	-5476	130	26	-26	4090	20450	4090	71052829
-10140	-12832	-1325	6462	-6063	-5295	129	27	-26	4091	20455	4091	71052829
-9769	-13595	-1315	7465	-5529	-5091	126	30	-28	4092	20460	4092	71052829
-9260	-14714	-1214	8604	-5051	-4808	128	29	-28	4093	20465	4093	71052833
-8728	-15787	-1162	9559	-4773	-4569	130	28	-28	4094	20470	4094	71052850
-8173	-16910	-1145	10278	-4704	-4330	129	28	-26	4095	20475	4095	71052866
-7585	-18082	-1043	10610	-4854	-4101	128	28	-22	4096	20480	4096	71052866
-7137	-19152	-898	10576	-5206	-3891	128	28	-22	4097	20485	4097	71052867
-6865	-19880	-678	10284	-5688	-3737	129	27	-21	4098	20490	4098	71052867
-6577	-20442	-336	9855	-6291	-3566	129	27	-22	4099	20495	4099	71052867
-6310	-20970	-80	9294	-7099	-3274	128	28	-24	4100	20500	4100	71052868
-6270	-21525	-80	8561	-7781	-2919	130	24	-23	4101	20505	4101	71052868
-6241	-21843	-86	7655	-7927	-2659	132	22	-22	4102	20510	4102	71052883
-5982	-21797	232	6642	-7593	-2467	131	27	-24	4103	20515	4103	71052900
-5530	-21573	587	5690	-7040	-2299	130	30	-26	4104	20520	4104	71052904
-5198	-21204	940	4777	-6423	-2322	129	26	-25	4105	20525	4105	71052904
-5018	-20740	1396	4039	-5695	-2465	128	24	-24	4106	20530	4106	71052904
-4772	-20365	1828	3609	-4935	-2520	129	25	-22	4107	20535	4107	71052905
-4439	-20017	2069	3230	-4342	-2517	129	25	-21	4108	20540	4108	71052905
-4132	-19564	2099	2535	-3989	-2384	125	24	-17	4109	20545	4109	71052905
-4169	-18854	1925	1632	-3834	-2375	123	23	-15	4110	20550	4110	71052905
-4224	-18163	1692	836	-3690	-2169	125	28	-18	4111	20555	4111	71052913
-4198	-17473	1450	144	-3587	-1842	125	29	-19	4112	20560	4112	71052953
-4251	-16814	1324	-224	-3534	-1468	124	27	-20	4113	20565	4113	71052963
-4252	-16367	1363	8	-3361	-1169	124	26	-20	4114	20570	4114	71052963
-4410	-16275	1322	827	-3034	-952	122	25	-21	4115	20575	4115	71052963
-5044	-16123	1271	1911	-2665	-816	121	25	-21	4116	20580	4116	71052963
-5818	-15926	986	3369	-2215	-442	130	30	-16	4117	20585	4117	71052963
-6568	-15586	910	4508	-1732	-214	130	30	-16	4118	20590	4118	71052963
-6852	-15442	892	5383	-1092	-4	129	27	-15	4119	20595	4119	71052984
-6840	-15632	272	5738	-402	232	129	27	-15	4120	20600	4120	71053013
-6384	-16008	-216	5480	160	498	128	26	-22	4121	20605	4121	71053014
-5902	-16264	-420	4962	333	647	128	26	-22	4122	20610	4122	71053014
-5548	-16270	-310	4379	114	741	123	17	-17	4123	20615	4123	71053014
-5290	-16256	-6	3948	-217	755	123	17	-17	4124	20620	4124	71053014
-5248	-16316	228	3589	-389	652	127	27	-9	4125	20625	4125	71053015
-5022	-16518	475	3013	-352	530	127	27	-9	4126	20630	4126	71053017
-4746	-16637	709	2407	-284	527	128	28	-10	4127	20635	4127	71053033
-4682	-16660	426	1652	-268	617	128	27	-11	4128	20640	4128	71053063
-4727	-16524	146	603	-134	723	129	25	-13	4129	20645	4129	71053063
-4808	-16146	-96	-585	147	814	129	26	-12	4130	20650	4130	71053064
-4878	-15854	-209	-1557	462	959	128	28	-10	4131	20655	4131	71053064
-4770	-15696	-374	-2175	782	1105	129	28	-11	4132	20660	4132	71053065
-4576	-15541	-536	-2491	1058	1217	132	26	-14	4133	20665	4133	71053065
-4394	-15278	-759	-2738	1314	1313	131	24	-14	4134	20670	4134	71053066
-4337	-15071	-839	-2941	1490	1391	130	20	-14	4135	20675	4135	71053066
-4340	-14872	-883	-3087	1654	1528	130	23	-14	4136	20680	4136	71053066
-4320	-14674	-749	-3177	1757	1707	130	28	-14	4137	20685	4137	71053067
-4304	-14520	-681	-3147	1729	1931	130	28	-14	4138	20690	4138	71053067
-4363	-14427	-835	-3119	1655	2135	130	28	-14	4139	20695	4139	71053067
-4454	-14378	-914	-3197	1700	2227	130	25	-12	4140	20700	4140	71053068
-4603	-14451	-904	-3237	1885	2259	130	20	-10	4141	20705	4141	71053070
-4734	-14614	-955	-3279	2110	2302	129	25	-13	4142	20710	4142	71053082
-4913	-14716	-921	-3379	2317	2357	127	29	-15	4143	20715	4143	71053091
-5044	-14802	-809	-3430	2468	2385	126	31	-14	4144	20720	4144	71053091
-5276	-14943	-952	-3426	2570	2376	125	33	-13	4145	20725	4145	71053091
-5501	-15097	-1271	-3458	2712	2350	127	29	-14	4146	20730	4146	71053091
-5578	-15290	-1646	-3569	2895	2335	128	26	-14	4147	20735	4147	71053091
-5603	-15572	-2025	-3655	3028	2315	127	26	-14	4148	20740	4148	71053091
-5609	-15883	-2287	-3655	3060	2280	126	26	-14	4149	20745	4149	71053097
-5512	-16159	-2480	-3635	3006	2229	128	28	-17	4150	20750	4150	71053124
-5590	-16343	-2675	-3735	2841	2180	128	28	-18	4151	20755	4151	71053133
-5565	-16387	-2736	-3956	2618	2149	119	22	-12	4152	20760	4152	71053134
-5650	-16276	-2596	-4121	2347	2108	117	21	-11	4153	20765	4153	71053135
-5708	-16144	-2349	-3996	2003	2085	124	27	-17	4154	20770	4154	71053135
-5807	-16131	-2114	-3723	1588	2071	126	28	-18	4155	20775	4155	71053136
-5972	-15993	-2007	-3544	1121	2053	130	32	-16	4156	20780	4156	71053136
-6264	-15779	-2157	-3426	764	2011	131	33	-15	4157	20785	4157	71053166
-6395	-15563	-2444	-3353	622	1908	129	30	-20	4158	20790	4158	71053183
-6606	-15266	-2732	-3410	661	1709	129	29	-21	4159	20795	4159	71053186
-6500	-14980	-2756	-3398	810	1463	130	32	-18	4160	20800	4160	71053186
-6468	-14680	-2702	-3294	893	1148	130	32	-18	4161	20805	4161	71053186
-6394	-14320	-2592	-3200	792	917	127	27	-19	4162	20810	4162	71053186
-6314	-14042	-2544	-3217	564	730	127	27	-19	4163	20815	4163	71053186
-6084	-13720	-2656	-3256	264	558	129	19	-23	4164	20820	4164	71053194
-6056	-13436	-2736	-3151	58	372	129	19	-23	4165	20825	4165	71053221
-5810	-13250	-2762	-2895	31	269	122	26	-22	4166	20830	4166	71053222
-5279	-13457	-3192	-2586	83	37	124	26	-20	4167	20835	4167	71053222
-4855	-13577	-3471	-2448	155	-288	130	26	-14	4168	20840	4168	71053222
-4725	-13624	-3442	-2352	185	-707	128	26	-15	4169	20845	4169	71053222
-4851	-13497	-3592	-2256	59	-1071	119	25	-21	4170	20850	4170	71053223
-5128	-13425	-3733	-2326	-263	-1320	122	25	-21	4171	20855	4171	71053223
-5486	-13372	-3805	-2495	-608	-1512	133	27	-21	4172	20860	4172	71053223
-5808	-13394	-3838	-2586	-859	-1615	132	27	-21	4173	20865	4173	71053223
-6054	-13479	-3784	-2591	-1097	-1755	127	25	-23	4174	20870	4174	71053224
-6583	-13434	-3767	-2661	-1355	-2038	127	26	-23	4175	20875	4175	71053231
-7076	-13411	-3669	-2697	-1593	-2237	127	29	-23	4176	20880	4176	71053256
-7340	-13445	-3540	-2547	-1713	-2384	128	28	-23	4177	20885	4177	71053261
-7648	-13521	-3496	-2388	-1742	-2529	129	27	-23	4178	20890	4178	71053261
-7959	-13577	-3277	-2360	-1796	-2644	130	27	-27	4179	20895	4179	71053261
-8174	-13671	-3059	-2196	-1959	-2761	131	27	-33	4180	20900	4180	71053261
-8301	-13897	-2969	-1874	-2158	-2976	129	26	-31	4181	20905	4181	71053262
-8433	-14093	-2849	-1565	-2245	-3226	125	25	-27	4182	20910	4182	71053265
-8560	-14391	-2666	-1158	-2190	-3397	126	23	-26	4183	20915	4183	71053282
-8528	-14571	-2490	-615	-2100	-3615	127	21	-25	4184	20920	4184	71053295
-8392	-14640	-2256	-112	-2121	-3854	126	23	-26	4185	20925	4185	71053295
-8213	-14950	-2165	405	-2205	-4026	126	24	-26	4186	20930	4186	71053295
-7975	-15417	-2060	845	-2213	-4173	129	22	-25	4187	20935	4187	71053295
-7693	-15665	-1884	1095	-2159	-4415	131	21	-25	4188	20940	4188	71053295
-7532	-15856	-1668	1273	-2101	-4659	128	23	-29	4189	20945	4189	71053295
-7412	-16144	-1466	1532	-2022	-4829	126	24	-32	4190	20950	4190	71053302
-7125	-16532	-1170	1801	-1913	-5021	126	22	-27	4191	20955	4191	71053323
-6684	-16812	-1032	1957	-1785	-5318	126	20	-24	4192	20960	4192	71053335
-6172	-16929	-1138	1943	-1726	-5577	125	22	-25	4193	20965	4193	71053335
-5737	-17112	-1297	1853	-1771	-5747	125	23	-25	4194	20970	4194	71053336
-5347	-17301	-1186	1754	-1933	-5825	124	21	-27	4195	20975	4195	71053336
-5084	-17520	-953	1922	-2168	-5851	124	20	-28	4196	20980	4196	71053336
-4907	-17764	-814	2407	-2255	-5896	123	19	-26	4197	20985	4197	71053337
-4634	-17932	-918	2731	-2116	-5958	123	19	-25	4198	20990	4198	71053363
-4390	-18170	-1142	2622	-1952	-5941	128	22	-22	4199	20995	4199	71053370
-3994	-18148	-1350	2013	-1896	-5867	129	23	-21	4200	21000	4200	71053370
-3770	-18118	-1594	1365	-1984	-5728	128	16	-22	4201	21005	4201	71053370
-3708	-18042	-1708	870	-2104	-5584	128	16	-22	4202	21010	4202	71053370
-3790	-17874	-1906	519	-1970	-5406	128	10	-22	4203	21015	4203	71053370
-3710	-17654	-1656	251	-1662	-5229	128	10	-22	4204	21020	4204	71053370
-3542	-17478	-1720	95	-1383	-5021	122	16	-22	4205	21025	4205	71053370
-3522	-17294	-1898	65	-1161	-4817	122	16	-22	4206	21030	4206	71053407
-3434	-17078	-1778	221	-946	-4573	129	15	-19	4207	21035	4207	71053407
-3330	-16926	-1766	449	-630	-4260	129	15	-19	4208	21040	4208	71053408
-3152	-16863	-1608	568	-247	-4029	134	16	-28	4209	21045	4209	71053408
-3032	-16861	-1539	755	-16	-3978	131	16	-27	4210	21050	4210	71053409
-2826	-16982	-1559	1150	39	-3941	117	15	-25	4211	21055	4211	71053409
-2590	-17071	-1580	1493	-109	-3881	119	14	-25	4212	21060	4212	71053411
-2308	-17148	-1416	1947	-370	-3877	125	9	-27	4213	21065	4213	71053423
-2153	-17374	-1472	2614	-626	-3909	126	9	-26	4214	21070	4214	71053438
-2244	-17534	-1910	2961	-714	-3939	128	10	-24	4215	21075	4215	71053438
-2373	-17566	-2372	2515	-509	-3934	128	11	-24	4216	21080	4216	71053438
-2267	-17242	-2517	1463	-160	-3904	130	16	-26	4217	21085	4217	71053438
-2139	-16822	-2553	314	9	-3786	128	14	-26	4218	21090	4218	71053438
-1907	-16547	-2543	-247	-117	-3619	124	10	-26	4219	21095	4219	71053438
-1881	-16232	-2809	-393	-344	-3526	126	12	-25	4220	21100	4220	71053450
-2130	-15826	-2957	-494	-388	-3417	129	15	-23	4221	21105	4221	71053471
-2180	-15570	-2672	-541	-297	-3169	127	15	-25	4222	21110	4222	71053476
-2149	-15566	-2594	-415	-274	-2938	125	15	-27	4223	21115	4223	71053476
-2282	-15384	-2595	-199	-272	-2786	127	13	-27	4224	21120	4224	71053476
-2368	-15000	-2295	140	-306	-2547	129	9	-27	4225	21125	4225	71053476
-2568	-14799	-2132	746	-549	-2243	127	11	-26	4226	21130	4226	71053476
-2514	-15122	-2333	1308	-755	-2020	126	12	-26	4227	21135	4227	71053481
-2570	-15358	-2580	1486	-727	-2020	127	9	-23	4228	21140	4228	71053503
-2650	-15382	-2408	1580	-374	-2185	127	7	-21	4229	21145	4229	71053515
-2551	-15542	-2000	2098	-43	-2451	128	6	-21	4230	21150	4230	71053515
-2495	-15812	-1910	2611	-81	-2741	129	5	-21	4231	21155	4231	71053515
-2405	-16032	-1792	2495	-334	-2895	127	4	-22	4232	21160	4232	71053516
-2280	-15897	-1340	1869	-654	-2957	126	4	-22	4233	21165	4233	71053516
-2323	-15830	-1001	1276	-1199	-3187	128	3	-22	4234	21170	4234	71053544
-2430	-15812	-990	1100	-1477	-3452	128	2	-22	4235	21175	4235	71053553
-2388	-15820	-1324	673	-1460	-3578	126	5	-28	4236	21180	4236	71053553
-2481	-15704	-1225	-74	-1531	-3611	126	6	-30	4237	21185	4237	71053553
-2713	-15676	-1159	-504	-1875	-3460	129	4	-22	4238	21190	4238	71053554
-2911	-15594	-1471	-668	-2242	-3271	130	4	-20	4239	21195	4239	71053554
-2921	-15356	-1585	-955	-2385	-3290	132	4	-20	4240	21200	4240	71053554
-3232	-15361	-1688	-1104	-2274	-3251	132	4	-20	4241	21205	4241	71053562
-3548	-15100	-1396	-970	-2140	-3208	126	4	-18	4242	21210	4242	71053601
-3752	-15054	-1566	-445	-2277	-3186	126	4	-18	4243	21215	4243	71053601
-3884	-15400	-1466	210	-2308	-3404	122	2	-16	4244	21220	4244	71053605
-4194	-15976	-1838	793	-2190	-3554	122	2	-16	4245	21225	4245	71053605
-4520	-16056	-1758	750	-2171	-3663	134	2	-22	4246	21230	4246	71053605
-4672	-16496	-1186	813	-2251	-3724	134	2	-22	4247	21235	4247	71053605
-4462	-16828	-1086	1315	-2561	-3623	130	-4	-18	4248	21240	4248	71053605
-4620	-17214	-1156	1372	-2896	-3667	130	-4	-18	4249	21245	4249	71053605
-4946	-17064	-714	1092	-3028	-3827	125	-1	-19	4250	21250	4250	71053628
-4684	-17402	-523	1061	-2772	-3960	124	-1	-20	4251	21255	4251	71053628
-4581	-17618	-707	1054	-2556	-4056	118	0	-22	4252	21260	4252	71053628
-4206	-17639	-670	747	-2494	-4092	118	-1	-22	4253	21265	4253	71053629
-4114	-17267	-547	420	-2659	-4200	120	-6	-22	4254	21270	4254	71053629
-4233	-16966	-425	310	-2770	-4195	121	-6	-21	4255	21275	4255	71053629
-4296	-16779	-242	517	-2757	-4137	125	-5	-17	4256	21280	4256	71053629
-4053	-16835	-238	721	-2816	-4084	125	-5	-19	4257	21285	4257	71053636
-3952	-16943	-819	711	-2827	-4062	123	-3	-27	4258	21290	4258	71053666
-3815	-16936	-1339	314	-2660	-4149	122	-4	-23	4259	21295	4259	71053672
-3494	-16992	-1417	295	-2333	-4164	120	-6	-16	4260	21300	4260	71053672
-3191	-17194	-1515	744	-2146	-4144	120	-5	-17	4261	21305	4261	71053672
-2966	-17504	-1967	1165	-2160	-4087	121	-3	-19	4262	21310	4262	71053672
-2794	-17568	-2165	1130	-2113	-4017	122	-3	-20	4263	21315	4263	71053672
-2420	-17320	-1832	726	-1892	-3962	124	-4	-22	4264	21320	4264	71053674
-1996	-17074	-1567	481	-1725	-3858	123	-5	-21	4265	21325	4265	71053688
-1683	-16933	-1488	485	-1699	-3750	117	-9	-17	4266	21330	4266	71053710
-1620	-16844	-1738	489	-1755	-3630	118	-8	-17	4267	21335	4267	71053710
-1622	-16715	-1872	335	-1613	-3501	120	-4	-18	4268	21340	4268	71053711
-1590	-16500	-1816	218	-1391	-3395	120	-6	-17	4269	21345	4269	71053711
-1578	-16307	-1794	184	-1249	-3281	119	-7	-15	4270	21350	4270	71053711
-1548	-16152	-1566	324	-1183	-3105	122	-9	-15	4271	21355	4271	71053712
-1635	-16014	-1494	833	-1149	-2940	125	-11	-15	4272	21360	4272	71053713
-1773	-15949	-1738	1287	-1061	-2850	123	-15	-20	4273	21365	4273	71053717
-1802	-15935	-1850	1310	-934	-2747	121	-17	-23	4274	21370	4274	71053736
-1615	-15664	-1679	1009	-841	-2643	123	-13	-21	4275	21375	4275	71053747
-1500	-15393	-1457	956	-831	-2516	124	-12	-20	4276	21380	4276	71053747
-1477	-15201	-1290	1196	-894	-2378	125	-11	-16	4277	21385	4277	71053747
-1536	-15191	-1192	1565	-959	-2196	125	-11	-15	4278	21390	4278	71053747
-1539	-15214	-1230	1884	-861	-2021	121	-7	-13	4279	21395	4279	71053747
-1478	-15284	-1390	2080	-632	-1863	120	-6	-12	4280	21400	4280	71053754
-1448	-15334	-1263	2248	-458	-1684	120	-14	-12	4281	21405	4281	71053778
-1305	-15449	-1187	2346	-342	-1486	120	-16	-12	4282	21410	4282	71053784
-1298	-15429	-1103	2308	-324	-1331	121	-9	-20	4283	21415	4283	71053785
-1318	-15436	-1002	2193	-331	-1157	122	-6	-24	4284	21420	4284	71053785
-1442	-15560	-1100	2135	-286	-999	124	-12	-19	4285	21425	4285	71053785
-1410	-15682	-966	2043	-156	-803	124	-14	-18	4286	21430	4286	71053785
-1390	-15775	-954	2038	-124	-681	125	-10	-11	4287	21435	4287	71053785
-1528	-15839	-717	2093	-85	-576	125	-9	-9	4288	21440	4288	71053798
-1473	-15930	-536	2229	-4	-478	122	-12	-12	4289	21445	4289	71053817
-1453	-16035	-680	2241	58	-369	121	-13	-13	4290	21450	4290	71053821
-1388	-16152	-766	1932	87	-224	121	-16	-10	4291	21455	4291	71053821
-1222	-16036	-332	1580	63	-57	121	-17	-9	4292	21460	4292	71053821
-1226	-16278	-290	1831	-245	102	125	-13	-11	4293	21465	4293	71053821
-1550	-16488	-536	2102	-371	161	125	-13	-11	4294	21470	4294	71053821
-1502	-16620	-444	2072	-121	199	119	-13	-17	4295	21475	4295	71053821
-1222	-16752	-516	1845	61	241	119	-13	-17	4296	21480	4296	71053861
-1090	-16556	-250	1468	-13	290	117	-15	-13	4297	21485	4297	71053875
-1164	-16384	136	1308	-212	353	117	-15	-13	4298	21490	4298	71053876
-1128	-16472	32	1499	-326	388	120	-10	-4	4299	21495	4299	71053876
-1098	-16460	-272	1417	-294	384	120	-10	-4	4300	21500	4300	71053876
-1052	-16326	-127	1014	-235	375	120	-10	-12	4301	21505	4301	71053876
-995	-16253	-44	877	-248	368	122	-12	-11	4302	21510	4302	71053878
-944	-16222	-52	851	-300	356	124	-14	-10	4303	21515	4303	71053891
-898	-16230	-119	797	-402	362	125	-12	-12	4304	21520	4304	71053907
-820	-16248	-154	584	-571	375	126	-10	-16	4305	21525	4305	71053907
-819	-16120	-221	227	-791	381	124	-11	-14	4306	21530	4306	71053907
-921	-15997	-307	-153	-1004	380	121	-13	-11	4307	21535	4307	71053907
-1007	-16046	-427	-475	-1144	390	122	-12	-13	4308	21540	4308	71053907
-1128	-16213	-598	-687	-1171	387	123	-11	-15	4309	21545	4309	71053907
-1277	-16300	-606	-847	-1125	371	125	-10	-14	4310	21550	4310	71053924
-1293	-16357	-509	-967	-1087	357	126	-10	-14	4311	21555	4311	71053991
-1247	-16402	-612	-1085	-1194	352	127	-9	-15	4312	21560	4312	71054027
-1365	-16297	-748	-1285	-1387	353	127	-9	-15	4313	21565	4313	71054028
-1486	-16116	-619	-1369	-1510	365	126	-11	-11	4314	21570	4314	71054028
-1563	-16053	-624	-1069	-1556	381	126	-12	-8	4315	21575	4315	71054028
-1722	-16092	-898	-679	-1534	406	125	-11	-13	4316	21580	4316	71054028
-1858	-16074	-1151	-455	-1418	417	124	-10	-16	4317	21585	4317	71054028
-1914	-16055	-1246	-338	-1277	383	123	-14	-15	4318	21590	4318	71054028
-1910	-16017	-1217	-309	-1126	341	123	-15	-15	4319	21595	4319	71054028
-1876	-16120	-1233	-325	-1037	295	120	-10	-13	4320	21600	4320	71054037
-1913	-16287	-1368	-303	-1056	237	119	-9	-13	4321	21605	4321	71054067
-2073	-16343	-1515	-347	-1022	198	121	-9	-15	4322	21610	4322	71054074
-2115	-16374	-1354	-379	-882	168	121	-9	-15	4323	21615	4323	71054075
-2078	-16572	-1333	-330	-753	110	123	-11	-11	4324	21620	4324	71054075
-2034	-16544	-1198	-337	-652	5	124	-12	-10	4325	21625	4325	71054075
-2061	-16506	-1061	-352	-636	-27	126	-17	-8	4326	21630	4326	71054075
-2010	-16509	-876	-251	-636	-43	126	-18	-8	4327	21635	4327	71054075
-2031	-16648	-1010	-25	-631	-45	125	-14	-10	4328	21640	4328	71054101
-1934	-16754	-1204	75	-539	-106	125	-13	-11	4329	21645	4329	71054128
-1822	-16799	-1306	-17	-462	-171	125	-8	-16	4330	21650	4330	71054133
-1771	-16678	-1325	-192	-447	-228	125	-7	-17	4331	21655	4331	71054134
-1758	-16582	-1220	-215	-454	-278	126	-9	-15	4332	21660	4332	71054134
-1721	-16643	-1176	56	-456	-332	126	-10	-14	4333	21665	4333	71054134
-1808	-16732	-1334	337	-376	-400	128	-10	-14	4334	21670	4334	71054135
-1746	-16684	-1252	271	-275	-471	128	-10	-14	4335	21675	4335	71054135
-1674	-16614	-1164	209	-247	-508	131	-9	-11	4336	21680	4336	71054135
-1646	-16598	-1076	243	-307	-520	131	-9	-11	4337	21685	4337	71054135
-1634	-16698	-1076	311	-383	-524	123	-11	-15	4338	21690	4338	71054136
-1766	-16844	-1308	334	-405	-519	123	-11	-15	4339	21695	4339	71054136
-1746	-16924	-1096	318	-302	-526	132	-12	-20	4340	21700	4340	71054136
-1702	-17046	-1122	382	-198	-563	132	-12	-20	4341	21705	4341	71054140
-1646	-17100	-904	435	-107	-548	127	-9	-11	4342	21710	4342	71054143
-1643	-17176	-970	336	-5	-529	126	-9	-11	4343	21715	4343	71054143
-1608	-17097	-930	94	103	-537	123	-9	-11	4344	21720	4344	71054144
-1606	-17028	-896	-176	165	-512	124	-10	-12	4345	21725	4345	71054144
-1460	-16827	-613	-352	170	-468	127	-13	-15	4346	21730	4346	71054144
-1427	-16773	-287	-214	95	-415	125	-13	-15	4347	21735	4347	71054145
-1408	-16716	120	431	43	-333	119	-15	-17	4348	21740	4348	71054145
-1330	-16966	-180	1244	-102	-252	119	-14	-17	4349	21745	4349	71054145
-1361	-17220	-551	1504	-138	-247	119	-11	-17	4350	21750	4350	71054146
-1264	-17009	-455	1164	-32	-261	120	-11	-18	4351	21755	4351	71054148
-1137	-16836	-382	956	-85	-256	122	-10	-20	4352	21760	4352	71054158
-1142	-16698	-460	903	-236	-252	125	-10	-15	4353	21765	4353	71054169
-1202	-16589	-492	788	-301	-226	130	-10	-8	4354	21770	4354	71054169
-1201	-16482	-508	626	-257	-188	127	-10	-9	4355	21775	4355	71054169
-1180	-16329	-464	522	-207	-125	123	-9	-11	4356	21780	4356	71054169
-1135	-16200	-452	457	-211	-30	122	-9	-12	4357	21785	4357	71054169
-1132	-16044	-542	363	-200	60	121	-9	-13	4358	21790	4358	71054169
-1182	-15802	-542	271	-128	133	122	-12	-12	4359	21795	4359	71054169
-1139	-15607	-360	373	-50	190	122	-14	-12	4360	21800	4360	71054169
-1068	-15518	-295	665	7	228	121	-15	-15	4361	21805	4361	71054169
-1076	-15516	-337	932	-8	296	121	-15	-17	4362	21810	4362	71054170
-1117	-15580	-382	1086	-48	375	121	-14	-12	4363	21815	4363	71054170
-1133	-15691	-380	1124	-7	408	121	-13	-9	4364	21820	4364	71054175
-1043	-15712	-269	1072	35	426	123	-10	-7	4365	21825	4365	71054194
-951	-15672	-149	999	-72	440	124	-8	-6	4366	21830	4366	71054221
-1010	-15690	-237	871	-312	449	120	-11	-5	4367	21835	4367	71054232
-1102	-15646	-176	709	-455	441	118	-12	-4	4368	21840	4368	71054233
-1158	-15758	-246	661	-415	429	119	-3	-15	4369	21845	4369	71054233
-1186	-15796	-468	460	-393	404	119	-3	-15	4370	21850	4370	71054233
-1198	-15656	-206	150	-428	389	121	-7	-15	4371	21855	4371	71054235
-1282	-15548	-194	48	-551	403	121	-7	-15	4372	21860	4372	71054235
-1306	-15626	-210	142	-607	400	123	-7	-11	4373	21865	4373	71054244
-1368	-15674	-220	127	-593	384	123	-7	-11	4374	21870	4374	71054244
-1406	-15694	-366	88	-538	387	123	-13	-13	4375	21875	4375	71054244
-1480	-15773	-385	15	-464	363	124	-12	-13	4376	21880	4376	71054245
-1527	-15707	-351	-41	-422	351	127	-7	-15	4377	21885	4377	71054245
-1529	-15665	-323	-1	-418	364	124	-6	-15	4378	21890	4378	71054245
-1516	-15852	-560	51	-430	368	114	-4	-14	4379	21895	4379	71054249
-1506	-15979	-606	-26	-433	354	116	-6	-13	4380	21900	4380	71054270
-1529	-16162	-518	-87	-491	327	124	-12	-10	4381	21905	4381	71054287
-1642	-16272	-588	-115	-556	277	124	-11	-9	4382	21910	4382	71054287
