-15949	-1540	-2937	3794	-2038	-3379	-4	100	-100	9398	46990	9398	71079386
-16048	-1792	-2992	3175	-2114	-3298	-3	101	-94	9399	46995	9399	71079386
-16168	-1963	-3102	2427	-2208	-3204	-2	102	-86	9400	47000	9400	71079386
-16228	-2004	-3151	1562	-2311	-3119	2	104	-87	9401	47005	9401	71079386
-16338	-1922	-3126	714	-2444	-3034	4	106	-88	9402	47010	9402	71079386
-16506	-1745	-3062	-103	-2602	-2920	4	102	-94	9403	47015	9403	71079386
-16643	-1592	-3008	-825	-2754	-2782	4	100	-98	9404	47020	9404	71079386
-16756	-1502	-2887	-1449	-2854	-2639	0	98	-98	9405	47025	9405	71079386
-16826	-1303	-2812	-1987	-2869	-2509	-2	96	-98	9406	47030	9406	71079386
-16822	-1025	-2808	-2450	-2835	-2395	-1	101	-95	9407	47035	9407	71079391
-16906	-706	-2872	-2918	-2786	-2263	-1	105	-93	9408	47040	9408	71079427
-16988	-404	-2833	-3231	-2726	-2142	1	108	-91	9409	47045	9409	71079437
-16990	-55	-2829	-3337	-2659	-2048	1	109	-91	9410	47050	9410	71079437
-17134	274	-2933	-3319	-2547	-1953	2	107	-92	9411	47055	9411	71079437
-17271	460	-2952	-3165	-2300	-1854	2	106	-92	9412	47060	9412	71079438
-17299	668	-2992	-2874	-1963	-1782	3	105	-91	9413	47065	9413	71079438
-17298	790	-3181	-2520	-1632	-1739	3	105	-91	9414	47070	9414	71079438
-17231	868	-3284	-2233	-1376	-1697	4	103	-92	9415	47075	9415	71079444
-17185	962	-3466	-1976	-1162	-1638	4	102	-92	9416	47080	9416	71079468
-17194	998	-3616	-1610	-894	-1601	4	110	-94	9417	47085	9417	71079474
-17050	890	-3696	-1202	-662	-1564	4	110	-94	9418	47090	9418	71079474
-16962	792	-3682	-868	-459	-1538	-1	105	-95	9419	47095	9419	71079474
-16818	680	-3614	-573	-350	-1543	-1	105	-95	9420	47100	9420	71079474
-16804	538	-3674	-314	-326	-1542	3	109	-91	9421	47105	9421	71079474
-16870	430	-3812	-120	-270	-1526	3	109	-91	9422	47110	9422	71079475
-16900	342	-3624	55	-125	-1513	-4	114	-92	9423	47115	9423	71079475
-16946	166	-3686	210	62	-1518	-4	114	-92	9424	47120	9424	71079475
-16997	41	-3638	243	315	-1506	3	103	-89	9425	47125	9425	71079497
-17090	25	-3720	187	493	-1494	4	103	-90	9426	47130	9426	71079511
-17121	-16	-3706	87	611	-1469	9	105	-93	9427	47135	9427	71079511
-17217	-5	-3576	-17	641	-1435	8	105	-93	9428	47140	9428	71079512
-17289	-12	-3498	-71	629	-1407	2	104	-94	9429	47145	9429	71079512
-17370	-5	-3374	-105	698	-1373	2	105	-94	9430	47150	9430	71079512
-17361	-67	-3395	-175	846	-1342	2	108	-94	9431	47155	9431	71079512
-17389	-136	-3403	-306	981	-1296	3	109	-93	9432	47160	9432	71079514
-17382	-161	-3395	-482	1046	-1257	5	111	-91	9433	47165	9433	71079536
-17473	-216	-3406	-617	1049	-1248	5	110	-90	9434	47170	9434	71079582
-17556	-200	-3366	-697	1069	-1251	6	108	-88	9435	47175	9435	71079582
-17623	-193	-3321	-770	1122	-1243	3	105	-93	9436	47180	9436	71079583
-17648	-224	-3360	-862	1189	-1223	-1	101	-101	9437	47185	9437	71079583
-17697	-253	-3339	-954	1256	-1190	1	103	-98	9438	47190	9438	71079583
-17724	-270	-3334	-1021	1322	-1146	3	107	-93	9439	47195	9439	71079585
-17749	-282	-3375	-1082	1375	-1101	4	106	-95	9440	47200	9440	71079586
-17817	-378	-3418	-1158	1416	-1037	5	105	-97	9441	47205	9441	71079615
-17834	-472	-3465	-1316	1480	-912	5	105	-97	9442	47210	9442	71079660
-17810	-366	-3458	-1464	1549	-940	4	104	-96	9443	47215	9443	71079662
-17904	-297	-3518	-1488	1623	-1044	0	103	-95	9444	47220	9444	71079664
-17882	-304	-3602	-1467	1727	-1037	-2	102	-94	9445	47225	9445	71079664
-17759	-390	-3619	-1457	1810	-985	1	101	-92	9446	47230	9446	71079664
-17682	-507	-3574	-1491	1854	-929	3	101	-91	9447	47235	9447	71079664
-17620	-529	-3535	-1564	1878	-882	2	104	-94	9448	47240	9448	71079664
-17620	-520	-3548	-1665	1885	-850	2	106	-96	9449	47245	9449	71079677
-17708	-504	-3590	-1777	1891	-796	4	105	-95	9450	47250	9450	71079686
-17712	-498	-3736	-1879	1918	-721	5	105	-95	9451	47255	9451	71079686
-17721	-498	-3733	-1997	1982	-641	4	104	-94	9452	47260	9452	71079686
-17750	-503	-3740	-2116	2070	-568	4	104	-94	9453	47265	9453	71079686
-17759	-562	-3808	-2205	2175	-488	6	104	-89	9454	47270	9454	71079686
-17774	-587	-3883	-2285	2258	-420	6	104	-88	9455	47275	9455	71079686
-17780	-502	-3917	-2370	2340	-352	8	102	-97	9456	47280	9456	71079686
-17804	-405	-3895	-2453	2435	-277	9	101	-99	9457	47285	9457	71079686
-17810	-311	-3907	-2512	2541	-213	2	102	-97	9458	47290	9458	71079686
-17798	-184	-4032	-2528	2725	-136	0	102	-96	9459	47295	9459	71079687
-17790	-76	-4046	-2507	2941	-64	4	106	-94	9460	47300	9460	71079687
-17730	-40	-4134	-2479	3155	75	4	106	-94	9461	47305	9461	71079687
-17522	24	-4092	-2453	3273	192	-3	103	-99	9462	47310	9462	71079695
-17600	116	-4244	-2387	3343	224	-3	103	-99	9463	47315	9463	71079696
-17620	172	-4336	-2303	3400	298	6	102	-100	9464	47320	9464	71079696
-17692	216	-4458	-2248	3493	372	6	102	-100	9465	47325	9465	71079696
-17802	312	-4420	-2228	3583	429	-2	96	-96	9466	47330	9466	71079696
-17839	430	-4445	-2217	3692	519	-2	96	-96	9467	47335	9467	71079702
-17841	526	-4436	-2243	3756	606	-2	98	-94	9468	47340	9468	71079723
-17774	590	-4531	-2302	3806	722	-2	98	-96	9469	47345	9469	71079723
-17660	704	-4588	-2368	3861	852	-4	100	-104	9470	47350	9470	71079723
-17548	787	-4632	-2426	3912	943	-3	100	-104	9471	47355	9471	71079723
-17347	754	-4713	-2431	3959	1010	0	98	-102	9472	47360	9472	71079723
-17182	844	-4771	-2472	4005	1076	-1	98	-101	9473	47365	9473	71079723
-17039	968	-4840	-2550	4092	1142	-5	97	-99	9474	47370	9474	71079725
-17005	1228	-4850	-2661	4183	1200	-3	97	-99	9475	47375	9475	71079742
-16930	1509	-4728	-2698	4234	1270	3	95	-97	9476	47380	9476	71079775
-16891	1682	-4648	-2638	4212	1347	2	93	-100	9477	47385	9477	71079779
-16942	1897	-4564	-2507	4140	1441	0	90	-104	9478	47390	9478	71079779
-16964	2058	-4548	-2366	4065	1576	-1	94	-102	9479	47395	9479	71079780
-16898	2192	-4613	-2226	4016	1740	-2	100	-98	9480	47400	9480	71079780
-16925	2322	-4616	-2056	4018	1898	-2	96	-99	9481	47405	9481	71079781
-17057	2401	-4599	-1811	4082	2052	-1	91	-101	9482	47410	9482	71079781
-17179	2438	-4584	-1436	4181	2204	-3	95	-100	9483	47415	9483	71079796
-17348	2420	-4527	-987	4260	2331	-4	98	-98	9484	47420	9484	71079810
-17541	2437	-4530	-608	4308	2462	-8	95	-102	9485	47425	9485	71079810
-17639	2387	-4528	-311	4333	2641	-11	93	-105	9486	47430	9486	71079810
-17646	2254	-4556	-113	4357	2899	-10	92	-110	9487	47435	9487	71079810
-17537	2125	-4578	17	4369	3207	-9	91	-113	9488	47440	9488	71079810
-17455	1964	-4504	65	4336	3509	-3	92	-109	9489	47445	9489	71079811
-17354	1720	-4379	3	4238	3797	1	93	-107	9490	47450	9490	71079817
-17156	1509	-4225	-137	4065	4066	-6	92	-108	9491	47455	9491	71079846
-17015	1385	-4042	-350	3796	4353	-10	92	-108	9492	47460	9492	71079862
-16908	1248	-3902	-536	3452	4605	-6	88	-102	9493	47465	9493	71079862
-16873	1183	-3922	-675	3076	4804	-5	87	-101	9494	47470	9494	71079862
-16870	1092	-3884	-750	2705	4978	-5	87	-106	9495	47475	9495	71079862
-16860	1003	-3850	-759	2352	5153	-5	87	-107	9496	47480	9496	71079862
-16842	951	-3846	-732	2023	5320	-10	82	-104	9497	47485	9497	71079862
-16940	939	-3948	-646	1739	5453	-11	81	-103	9498	47490	9498	71079862
-16905	922	-4080	-500	1578	5570	-13	88	-104	9499	47495	9499	71079862
-16992	980	-4216	-277	1559	5647	-14	90	-104	9500	47500	9500	71079862
-16978	1130	-4358	-28	1634	5686	-6	92	-108	9501	47505	9501	71079903
-16926	1180	-4464	267	1705	5731	-6	92	-108	9502	47510	9502	71079904
-16864	1190	-4730	596	1805	5784	-13	91	-113	9503	47515	9503	71079904
-16870	1176	-4834	959	1943	5806	-13	91	-113	9504	47520	9504	71079904
-16884	1168	-5134	1351	2131	5739	-11	91	-105	9505	47525	9505	71079904
-16874	1030	-5330	1727	2339	5649	-11	91	-105	9506	47530	9506	71079904
-16940	818	-5568	2091	2605	5493	-16	90	-108	9507	47535	9507	71079904
-16898	688	-5680	2422	2919	5260	-16	90	-108	9508	47540	9508	71079905
-16995	278	-5993	2740	3406	4927	-13	83	-111	9509	47545	9509	71079905
-16934	-108	-6108	2909	3849	4635	-12	84	-111	9510	47550	9510	71079915
-16836	-366	-6238	2932	4277	4354	-7	89	-113	9511	47555	9511	71079955
-16676	-673	-6292	2842	4626	4090	-7	89	-113	9512	47560	9512	71079956
-16520	-988	-6418	2673	4865	3857	-7	91	-113	9513	47565	9513	71079956
-16451	-1201	-6586	2425	5047	3609	-7	90	-113	9514	47570	9514	71079957
-16489	-1370	-6838	2145	5251	3339	-9	85	-113	9515	47575	9515	71079957
-16579	-1570	-6964	1871	5599	2987	-10	84	-113	9516	47580	9516	71079959
-16639	-1710	-6987	1590	6093	2616	-12	80	-114	9517	47585	9517	71079959
-16600	-1871	-7109	1331	6513	2340	-12	80	-114	9518	47590	9518	71079972
-16504	-1966	-7216	1013	6889	2098	-13	81	-113	9519	47595	9519	71079991
-16372	-1948	-7324	611	7217	1890	-12	81	-112	9520	47600	9520	71079991
-16248	-1889	-7312	171	7504	1687	-10	82	-110	9521	47605	9521	71079991
-16144	-1855	-7173	-253	7764	1486	-10	85	-110	9522	47610	9522	71079991
-16108	-1848	-7061	-622	7984	1291	-11	89	-111	9523	47615	9523	71079992
-16060	-1826	-7079	-963	8179	1100	-10	84	-111	9524	47620	9524	71079992
-16040	-1758	-7070	-1377	8387	887	-9	77	-111	9525	47625	9525	71079997
-16124	-1741	-7023	-1856	8616	692	-13	78	-114	9526	47630	9526	71080018
-16161	-1729	-7027	-2318	8836	545	-16	78	-116	9527	47635	9527	71080028
-16162	-1705	-7018	-2747	9035	408	-17	74	-111	9528	47640	9528	71080029
-16159	-1706	-6984	-3147	9207	273	-18	72	-108	9529	47645	9529	71080029
-16182	-1666	-6935	-3553	9354	119	-13	77	-112	9530	47650	9530	71080029
-16212	-1624	-6883	-3963	9466	-62	-10	80	-114	9531	47655	9531	71080029
-16322	-1537	-6960	-4347	9548	-305	-13	72	-110	9532	47660	9532	71080030
-16471	-1291	-7083	-4727	9633	-588	-15	67	-107	9533	47665	9533	71080030
-16562	-1085	-7094	-5020	9710	-807	-15	73	-110	9534	47670	9534	71080030
-16636	-940	-7167	-5244	9783	-997	-15	75	-111	9535	47675	9535	71080030
-16735	-840	-7128	-5464	9834	-1176	-17	77	-116	9536	47680	9536	71080040
-16716	-732	-7053	-5738	9853	-1281	-17	77	-117	9537	47685	9537	71080064
-16578	-670	-6948	-6073	9832	-1318	-17	67	-123	9538	47690	9538	71080070
-16584	-590	-6849	-6440	9799	-1297	-17	65	-125	9539	47695	9539	71080070
-16381	-588	-6734	-6872	9702	-1297	-18	63	-129	9540	47700	9540	71080070
-16194	-405	-6667	-7387	9551	-1297	-18	62	-130	9541	47705	9541	71080070
-16092	-210	-6618	-8009	9341	-1293	-16	66	-116	9542	47710	9542	71080070
-16146	-32	-6752	-8438	9142	-1258	-16	66	-116	9543	47715	9543	71080071
-16270	92	-6888	-8761	9057	-1220	-20	60	-128	9544	47720	9544	71080079
-16342	278	-7036	-9059	9050	-1144	-20	60	-128	9545	47725	9545	71080113
-16464	504	-7100	-9340	9093	-1072	-18	58	-126	9546	47730	9546	71080114
-16504	756	-7324	-9633	9140	-987	-18	58	-126	9547	47735	9547	71080114
-16612	1144	-7238	-9920	9166	-916	-22	64	-126	9548	47740	9548	71080114
-16556	1474	-7136	-10108	9180	-818	-22	64	-126	9549	47745	9549	71080114
-16507	1838	-7301	-10143	9189	-707	-33	53	-121	9550	47750	9550	71080114
-16507	2194	-7331	-10089	9178	-642	-31	53	-123	9551	47755	9551	71080114
-16400	2512	-7452	-10018	9209	-562	-25	55	-131	9552	47760	9552	71080122
-16300	2761	-7510	-9891	9297	-468	-25	56	-130	9553	47765	9553	71080144
-16212	2923	-7593	-9733	9484	-363	-26	58	-128	9554	47770	9554	71080145
-16026	3090	-7767	-9568	9714	-239	-27	57	-127	9555	47775	9555	71080145
-15914	3310	-7809	-9474	9898	-125	-30	52	-122	9556	47780	9556	71080145
-15811	3550	-7841	-9399	10002	-24	-31	51	-122	9557	47785	9557	71080145
-15588	3750	-7901	-9345	10089	89	-35	49	-121	9558	47790	9558	71080145
-15419	3926	-7996	-9241	10232	210	-36	50	-123	9559	47795	9559	71080146
-15294	4111	-8161	-9057	10399	326	-38	52	-126	9560	47800	9560	71080171
-15195	4300	-8387	-8814	10576	460	-35	49	-128	9561	47805	9561	71080208
-15020	4532	-8527	-8562	10786	607	-31	45	-131	9562	47810	9562	71080208
-14786	4746	-8532	-8316	11026	755	-36	42	-132	9563	47815	9563	71080208
-14510	4884	-8542	-8148	11240	942	-44	38	-134	9564	47820	9564	71080208
-14221	5036	-8529	-8085	11405	1159	-41	40	-131	9565	47825	9565	71080208
-13914	5298	-8397	-8040	11494	1387	-36	42	-126	9566	47830	9566	71080208
-13614	5538	-8403	-7880	11509	1657	-36	39	-127	9567	47835	9567	71080220
-13447	5681	-8511	-7597	11514	1937	-35	35	-127	9568	47840	9568	71080240
-13249	5733	-8592	-7270	11524	2184	-38	36	-130	9569	47845	9569	71080246
-13078	5837	-8632	-6996	11458	2403	-40	36	-132	9570	47850	9570	71080246
-12989	6080	-8681	-6785	11349	2595	-41	31	-128	9571	47855	9571	71080246
-12839	6322	-8790	-6585	11281	2779	-42	28	-126	9572	47860	9572	71080246
-12639	6486	-8904	-6364	11260	2969	-43	32	-134	9573	47865	9573	71080246
-12419	6612	-8937	-6134	11239	3154	-44	34	-140	9574	47870	9574	71080246
-12147	6653	-8997	-5945	11120	3343	-48	29	-133	9575	47875	9575	71080246
-11972	6762	-9018	-5909	10910	3444	-49	27	-131	9576	47880	9576	71080246
-11843	6985	-9015	-5970	10661	3489	-45	26	-135	9577	47885	9577	71080247
-11821	7242	-9233	-5964	10446	3497	-44	26	-136	9578	47890	9578	71080247
-11864	7569	-9344	-5873	10284	3509	-43	30	-134	9579	47895	9579	71080253
-11836	7838	-9564	-5706	10159	3549	-43	31	-133	9580	47900	9580	71080276
-11842	8154	-9634	-5457	10049	3626	-45	21	-131	9581	47905	9581	71080281
-11835	8383	-9856	-5127	9903	3713	-46	18	-130	9582	47910	9582	71080281
-11829	8706	-9974	-4787	9749	3793	-53	22	-129	9583	47915	9583	71080281
-11972	8978	-10142	-4332	9626	3857	-55	23	-129	9584	47920	9584	71080281
-12080	9188	-10214	-3977	9615	3925	-50	22	-134	9585	47925	9585	71080281
-12108	9380	-10164	-3656	9653	4016	-50	22	-134	9586	47930	9586	71080281
-12098	9530	-10258	-3294	9710	4095	-47	21	-133	9587	47935	9587	71080290
-12152	9714	-10498	-2874	9815	4186	-47	21	-133	9588	47940	9588	71080334
-12154	9948	-10540	-2399	9976	4311	-48	14	-134	9589	47945	9589	71080338
-12118	10034	-10740	-1844	10136	4424	-48	14	-134	9590	47950	9590	71080338
-12148	10042	-10942	-1309	10292	4527	-54	14	-132	9591	47955	9591	71080339
-11991	10170	-11082	-688	10565	4625	-54	14	-133	9592	47960	9592	71080339
-11758	10192	-11151	-157	10853	4728	-55	15	-139	9593	47965	9593	71080339
-11493	10158	-11248	406	11107	4871	-54	14	-138	9594	47970	9594	71080340
-11190	10089	-11349	966	11319	4982	-51	9	-135	9595	47975	9595	71080343
-10856	10026	-11426	1508	11489	5075	-51	9	-135	9596	47980	9596	71080356
-10596	9872	-11512	2007	11575	5153	-51	11	-133	9597	47985	9597	71080356
-10461	9812	-11563	2447	11619	5190	-52	9	-134	9598	47990	9598	71080356
-10229	9712	-11593	2876	11664	5217	-54	2	-140	9599	47995	9599	71080356
-10110	9605	-11720	3341	11692	5261	-53	3	-140	9600	48000	9600	71080356
-9940	9515	-11932	3837	11718	5299	-48	4	-138	9601	48005	9601	71080356
-9835	9467	-12055	4219	11730	5324	-48	1	-138	9602	48010	9602	71080374
-9756	9356	-12174	4563	11720	5345	-49	-3	-137	9603	48015	9603	71080405
-9610	9225	-12238	4854	11678	5361	-49	-3	-137	9604	48020	9604	71080410
-9523	9088	-12335	5092	11656	5351	-48	-4	-138	9605	48025	9605	71080410
-9482	8957	-12420	5306	11674	5338	-46	-4	-138	9606	48030	9606	71080410
-9386	8881	-12487	5507	11727	5330	-43	-3	-137	9607	48035	9607	71080410
-9187	8772	-12558	5759	11804	5348	-45	-6	-137	9608	48040	9608	71080410
-9028	8648	-12683	6034	11857	5377	-46	-8	-136	9609	48045	9609	71080417
-8896	8491	-12713	6257	11890	5400	-47	-7	-137	9610	48050	9610	71080437
-8764	8374	-12748	6438	11907	5406	-47	-7	-137	9611	48055	9611	71080448
-8601	8255	-12750	6616	11928	5412	-45	-13	-136	9612	48060	9612	71080448
-8413	8131	-12757	6816	11943	5423	-43	-17	-135	9613	48065	9613	71080448
-8221	8006	-12728	7021	11928	5443	-46	-18	-133	9614	48070	9614	71080448
-7997	7927	-12788	7210	11900	5458	-48	-18	-132	9615	48075	9615	71080448
-7912	7837	-12836	7421	11890	5439	-46	-19	-135	9616	48080	9616	71080448
-7707	7694	-12845	7749	11946	5402	-45	-19	-137	9617	48085	9617	71080448
-7450	7472	-12829	8067	12030	5362	-37	-21	-139	9618	48090	9618	71080448
-7246	7365	-12848	8388	12115	5314	-35	-21	-139	9619	48095	9619	71080449
-6969	7171	-12830	8734	12233	5275	-37	-18	-139	9620	48100	9620	71080449
-6769	6860	-12906	9166	12343	5186	-37	-17	-139	9621	48105	9621	71080456
-6406	6616	-13032	9542	12414	5103	-35	-27	-137	9622	48110	9622	71080503
-5985	6562	-13103	9847	12441	5062	-34	-30	-136	9623	48115	9623	71080515
-5786	6474	-13112	10216	12466	5010	-36	-26	-132	9624	48120	9624	71080515
-5456	6344	-13126	10728	12443	4998	-37	-25	-131	9625	48125	9625	71080515
-5330	6262	-13170	11243	12394	4953	-37	-33	-137	9626	48130	9626	71080515
-5096	5894	-13346	11826	12398	4896	-37	-33	-137	9627	48135	9627	71080515
-4808	5622	-13342	12362	12430	4939	-32	-32	-138	9628	48140	9628	71080515
-4556	5326	-13534	12772	12458	4986	-32	-32	-138	9629	48145	9629	71080536
-4420	4988	-13584	13132	12422	4961	-19	-37	-131	9630	48150	9630	71080555
-4144	4644	-13644	13482	12407	4924	-19	-37	-131	9631	48155	9631	71080555
-3862	4328	-13732	13813	12410	4823	-28	-46	-140	9632	48160	9632	71080555
-3652	3860	-13908	14093	12388	4721	-28	-46	-140	9633	48165	9633	71080556
-3394	3406	-13970	14298	12327	4589	-18	-44	-130	9634	48170	9634	71080556
-3259	3038	-14190	14391	12270	4458	-18	-45	-131	9635	48175	9635	71080556
-3084	2690	-14446	14470	12236	4353	-17	-47	-133	9636	48180	9636	71080556
-2954	2353	-14558	14501	12246	4246	-16	-46	-132	9637	48185	9637	71080556
-2806	2022	-14666	14502	12256	4140	-10	-40	-130	9638	48190	9638	71080556
-2615	1678	-14881	14470	12250	4040	-9	-42	-130	9639	48195	9639	71080556
-2386	1364	-15057	14394	12225	3921	-5	-49	-131	9640	48200	9640	71080556
-2217	1123	-15142	14247	12174	3770	-5	-49	-131	9641	48205	9641	71080558
-2031	896	-15146	14021	12045	3592	-6	-50	-130	9642	48210	9642	71080578
-1876	740	-15168	13782	11879	3430	-6	-50	-130	9643	48215	9643	71080602
-1736	643	-15204	13502	11676	3267	-6	-50	-130	9644	48220	9644	71080603
-1595	518	-15245	13221	11477	3090	-4	-52	-132	9645	48225	9645	71080603
-1413	388	-15271	12953	11314	2926	-2	-56	-134	9646	48230	9646	71080603
-1234	202	-15246	12646	11172	2805	-1	-56	-133	9647	48235	9647	71080603
-1135	48	-15208	12279	11025	2716	1	-57	-131	9648	48240	9648	71080604
-940	-65	-15222	11865	10875	2663	4	-61	-131	9649	48245	9649	71080604
-718	-185	-15192	11409	10748	2619	8	-66	-132	9650	48250	9650	71080629
-565	-228	-15194	10996	10642	2557	6	-62	-125	9651	48255	9651	71080653
-378	-234	-15250	10681	10541	2485	4	-60	-120	9652	48260	9652	71080653
-209	-252	-15333	10446	10455	2392	4	-62	-122	9653	48265	9653	71080653
-4	-226	-15350	10244	10376	2314	4	-64	-124	9654	48270	9654	71080653
218	-155	-15336	10047	10297	2246	6	-63	-129	9655	48275	9655	71080653
358	-99	-15368	9871	10212	2176	8	-62	-132	9656	48280	9656	71080653
457	-47	-15335	9744	10123	2109	13	-66	-126	9657	48285	9657	71080653
510	-49	-15210	9668	10014	2038	16	-68	-122	9658	48290	9658	71080654
623	-124	-15105	9627	9914	1992	14	-66	-123	9659	48295	9659	71080654
671	-249	-15049	9570	9800	1940	13	-65	-123	9660	48300	9660	71080680
634	-358	-14922	9496	9684	1876	14	-67	-124	9661	48305	9661	71080686
560	-458	-14748	9390	9528	1835	14	-68	-124	9662	48310	9662	71080686
576	-563	-14594	9269	9362	1793	16	-74	-121	9663	48315	9663	71080686
501	-717	-14590	9144	9217	1718	16	-76	-120	9664	48320	9664	71080686
398	-779	-14524	9013	9111	1616	18	-74	-119	9665	48325	9665	71080686
304	-874	-14514	8852	9040	1538	19	-73	-119	9666	48330	9666	71080686
280	-836	-14502	8696	8990	1431	16	-74	-124	9667	48335	9667	71080698
300	-930	-14520	8634	8996	1356	16	-74	-124	9668	48340	9668	71080726
390	-984	-14608	8613	9046	1289	24	-72	-118	9669	48345	9669	71080727
604	-952	-14656	8626	9077	1250	24	-72	-118	9670	48350	9670	71080727
662	-928	-14810	8708	9068	1205	28	-74	-114	9671	48355	9671	71080727
774	-954	-14944	8849	9056	1153	28	-74	-114	9672	48360	9672	71080727
794	-1028	-15122	9014	9075	1098	25	-83	-113	9673	48365	9673	71080728
914	-1088	-15376	9270	9152	1023	25	-83	-113	9674	48370	9674	71080728
1016	-1392	-15643	9602	9348	947	29	-85	-111	9675	48375	9675	71080728
1170	-1543	-15872	9826	9509	866	29	-83	-112	9676	48380	9676	71080733
1273	-1813	-16152	10004	9663	773	30	-76	-114	9677	48385	9677	71080757
1416	-2148	-16435	10136	9851	678	31	-77	-113	9678	48390	9678	71080764
1519	-2370	-16674	10220	10063	561	33	-81	-109	9679	48395	9679	71080764
1672	-2667	-16941	10263	10278	442	34	-82	-108	9680	48400	9680	71080764
1823	-3023	-17395	10264	10511	307	36	-86	-106	9681	48405	9681	71080765
2145	-3378	-17694	10217	10761	146	35	-87	-106	9682	48410	9682	71080765
2453	-3739	-18056	10072	11017	3	33	-89	-105	9683	48415	9683	71080766
2721	-4068	-18416	9856	11216	-132	33	-91	-106	9684	48420	9684	71080773
2996	-4306	-18656	9640	11282	-229	33	-93	-107	9685	48425	9685	71080792
3302	-4535	-18898	9405	11253	-317	32	-89	-108	9686	48430	9686	71080805
3494	-4689	-19139	9104	11120	-414	31	-83	-109	9687	48435	9687	71080805
3533	-4764	-19234	8743	10897	-496	35	-83	-107	9688	48440	9688	71080805
3653	-4755	-19292	8365	10601	-551	40	-84	-104	9689	48445	9689	71080805
3755	-4782	-19425	7999	10241	-579	39	-89	-102	9690	48450	9690	71080805
3710	-4801	-19609	7629	9856	-568	38	-96	-100	9691	48455	9691	71080805
3634	-4800	-19750	7205	9436	-530	39	-93	-100	9692	48460	9692	71080845
3579	-4721	-19871	6780	9022	-495	39	-89	-99	9693	48465	9693	71080898
3512	-4630	-19950	6412	8666	-440	40	-93	-96	9694	48470	9694	71080907
3419	-4579	-19996	6063	8308	-374	40	-96	-94	9695	48475	9695	71080907
3280	-4526	-20010	5722	7939	-317	43	-94	-96	9696	48480	9696	71080907
3039	-4457	-20010	5365	7556	-267	45	-93	-97	9697	48485	9697	71080908
2813	-4378	-20020	4976	7170	-226	43	-91	-98	9698	48490	9698	71080908
2566	-4320	-20036	4558	6798	-222	42	-90	-98	9699	48495	9699	71080912
2250	-4204	-20060	4072	6415	-251	44	-95	-97	9700	48500	9700	71080940
2000	-4079	-20084	3657	6131	-316	44	-96	-96	9701	48505	9701	71080948
1872	-3891	-20034	3323	5926	-403	41	-98	-93	9702	48510	9702	71080948
1862	-3674	-19966	3061	5773	-495	40	-98	-92	9703	48515	9703	71080948
1978	-3388	-19859	2888	5660	-548	44	-100	-88	9704	48520	9704	71080948
2153	-3051	-19809	2816	5558	-571	45	-101	-87	9705	48525	9705	71080948
2384	-2710	-19704	2848	5443	-567	40	-99	-95	9706	48530	9706	71080948
2686	-2370	-19651	2968	5322	-539	39	-99	-97	9707	48535	9707	71080948
2904	-2083	-19700	3147	5211	-502	43	-98	-95	9708	48540	9708	71080948
3250	-1788	-19602	3433	5098	-419	44	-98	-94	9709	48545	9709	71080948
3474	-1516	-19458	3761	5058	-347	44	-98	-92	9710	48550	9710	71080949
3662	-1298	-19482	4169	5020	-245	44	-98	-92	9711	48555	9711	71080949
3780	-1048	-19340	4605	4973	-146	43	-97	-87	9712	48560	9712	71080973
3894	-906	-19322	5073	4943	-53	43	-97	-87	9713	48565	9713	71080996
3962	-726	-19200	5589	4967	70	43	-99	-89	9714	48570	9714	71081001
3952	-682	-19122	6141	5034	203	43	-99	-89	9715	48575	9715	71081001
3982	-736	-18978	6690	5168	313	36	-100	-90	9716	48580	9716	71081001
4080	-798	-18756	7389	5374	453	37	-100	-91	9717	48585	9717	71081001
4229	-868	-18670	8012	5591	586	41	-99	-93	9718	48590	9718	71081001
4408	-1106	-18446	8633	5850	726	41	-100	-92	9719	48595	9719	71081001
4563	-1353	-18237	9237	6095	896	42	-102	-86	9720	48600	9720	71081002
4756	-1653	-18021	9829	6347	1069	42	-100	-86	9721	48605	9721	71081002
5006	-1881	-17783	10373	6579	1242	40	-94	-84	9722	48610	9722	71081002
5230	-2106	-17536	10871	6776	1413	40	-96	-85	9723	48615	9723	71081002
5435	-2448	-17402	11297	6955	1612	40	-104	-88	9724	48620	9724	71081002
5517	-2777	-17128	11632	7111	1803	41	-104	-86	9725	48625	9725	71081002
5641	-3068	-16849	11902	7228	1974	42	-104	-80	9726	48630	9726	71081002
5614	-3332	-16523	12069	7288	2077	44	-102	-81	9727	48635	9727	71081002
5489	-3553	-16208	12179	7338	2131	48	-98	-82	9728	48640	9728	71081008
5298	-3790	-15898	12220	7407	2171	48	-97	-79	9729	48645	9729	71081022
5061	-4009	-15620	12191	7477	2194	48	-96	-74	9730	48650	9730	71081029
4818	-4155	-15336	12112	7539	2189	47	-100	-73	9731	48655	9731	71081029
4560	-4259	-14992	11993	7611	2145	45	-105	-71	9732	48660	9732	71081029
4303	-4354	-14603	11870	7732	2074	47	-107	-72	9733	48665	9733	71081029
4122	-4389	-14297	11815	7940	1993	48	-108	-72	9734	48670	9734	71081029
4047	-4446	-13982	11849	8200	1929	50	-104	-74	9735	48675	9735	71081029
4120	-4498	-13740	11958	8492	1876	51	-101	-75	9736	48680	9736	71081029
4227	-4592	-13462	12153	8788	1832	56	-105	-71	9737	48685	9737	71081051
4362	-4709	-13222	12416	9076	1785	59	-107	-69	9738	48690	9738	71081066
4496	-4825	-12954	12729	9364	1723	55	-102	-72	9739	48695	9739	71081066
4553	-5020	-12651	13085	9664	1660	52	-98	-74	9740	48700	9740	71081066
4645	-5192	-12441	13480	9971	1603	50	-103	-69	9741	48705	9741	71081066
4875	-5407	-12144	13941	10343	1582	49	-107	-65	9742	48710	9742	71081066
5068	-5680	-11903	14340	10728	1555	56	-103	-66	9743	48715	9743	71081066
5345	-5926	-11668	14692	11095	1591	58	-102	-66	9744	48720	9744	71081066
5584	-6204	-11302	14976	11414	1672	52	-102	-60	9745	48725	9745	71081089
5780	-6505	-11006	15216	11700	1749	50	-102	-58	9746	48730	9746	71081121
5986	-6819	-10613	15440	11989	1838	60	-101	-64	9747	48735	9747	71081127
6162	-7058	-10360	15670	12297	1925	63	-101	-65	9748	48740	9748	71081127
6430	-7332	-10088	15886	12601	2052	59	-102	-59	9749	48745	9749	71081128
6816	-7638	-9710	16084	12886	2212	58	-102	-58	9750	48750	9750	71081128
6946	-7956	-9490	16137	13059	2354	62	-104	-52	9751	48755	9751	71081128
7026	-8232	-9218	16174	13276	2464	62	-104	-52	9752	48760	9752	71081138
7226	-8544	-8910	16189	13483	2562	58	-102	-50	9753	48765	9753	71081165
7378	-8758	-8602	16180	13630	2715	58	-102	-50	9754	48770	9754	71081165
7606	-9058	-8134	16152	13698	2837	63	-111	-45	9755	48775	9755	71081165
7768	-9204	-7726	16106	13708	2901	63	-111	-45	9756	48780	9756	71081166
8070	-9436	-7448	16076	13661	2945	63	-105	-47	9757	48785	9757	71081172
8420	-9786	-7112	16083	13609	3109	63	-105	-47	9758	48790	9758	71081172
8889	-10093	-6896	16003	13516	3309	63	-101	-49	9759	48795	9759	71081175
9219	-10344	-6749	15840	13377	3459	63	-102	-46	9760	48800	9760	71081186
9528	-10457	-6524	15610	13178	3619	64	-108	-34	9761	48805	9761	71081202
9838	-10590	-6238	15381	12930	3754	64	-107	-34	9762	48810	9762	71081202
10074	-10720	-6032	15218	12662	3890	62	-104	-34	9763	48815	9763	71081202
10324	-10840	-5896	15094	12388	3973	64	-104	-34	9764	48820	9764	71081202
10497	-10921	-5792	14977	12084	4006	70	-104	-34	9765	48825	9765	71081202
10671	-11086	-5573	14897	11745	4059	71	-104	-35	9766	48830	9766	71081202
10900	-11329	-5346	14818	11351	4118	75	-103	-39	9767	48835	9767	71081202
11119	-11555	-5228	14722	10983	4156	73	-103	-37	9768	48840	9768	71081202
11317	-11802	-5098	14567	10577	4193	71	-103	-35	9769	48845	9769	71081202
11442	-11974	-4996	14368	10131	4227	70	-101	-34	9770	48850	9770	71081202
11534	-12201	-4888	14113	9611	4258	69	-99	-33	9771	48855	9771	71081202
11590	-12399	-4703	13806	8994	4290	73	-99	-31	9772	48860	9772	71081220
11612	-12536	-4549	13476	8314	4325	78	-98	-28	9773	48865	9773	71081247
11542	-12691	-4497	13192	7633	4357	74	-98	-32	9774	48870	9774	71081247
11490	-12799	-4493	12942	6920	4398	69	-97	-37	9775	48875	9775	71081249
11504	-12957	-4458	12748	6229	4505	71	-98	-34	9776	48880	9776	71081251
11491	-13118	-4522	12582	5615	4638	72	-98	-32	9777	48885	9777	71081252
11475	-13247	-4575	12385	5001	4797	74	-101	-30	9778	48890	9778	71081253
11436	-13330	-4674	12179	4369	4972	75	-103	-29	9779	48895	9779	71081253
11367	-13504	-4786	12002	3745	5173	78	-102	-27	9780	48900	9780	71081269
11274	-13736	-4936	11862	3156	5405	80	-102	-26	9781	48905	9781	71081280
11240	-14017	-5130	11698	2601	5661	76	-97	-21	9782	48910	9782	71081280
11197	-14348	-5436	11442	1968	5953	74	-94	-18	9783	48915	9783	71081280
11097	-14666	-5546	11115	1347	6174	80	-91	-28	9784	48920	9784	71081280
10900	-14898	-5660	10732	708	6363	82	-90	-30	9785	48925	9785	71081280
10635	-14975	-5758	10332	40	6549	83	-94	-26	9786	48930	9786	71081280
10399	-15277	-5898	9962	-608	6748	83	-95	-25	9787	48935	9787	71081280
10031	-15486	-6043	9624	-1188	6905	80	-90	-27	9788	48940	9788	71081303
9758	-15710	-6181	9302	-1695	7106	79	-89	-27	9789	48945	9789	71081316
9553	-15912	-6266	9025	-2136	7315	81	-95	-25	9790	48950	9790	71081318
9372	-16064	-6426	8763	-2543	7554	81	-97	-25	9791	48955	9791	71081318
9086	-16256	-6718	8368	-2999	7877	82	-92	-26	9792	48960	9792	71081318
8942	-16338	-6902	8051	-3374	8142	82	-92	-26	9793	48965	9793	71081318
8678	-16304	-7026	7759	-3695	8392	87	-85	-29	9794	48970	9794	71081319
8440	-16412	-7220	7480	-3992	8604	87	-85	-29	9795	48975	9795	71081328
8074	-16282	-7416	7250	-4282	8788	93	-93	-27	9796	48980	9796	71081356
7748	-16332	-7528	7056	-4568	8967	93	-93	-27	9797	48985	9797	71081356
7344	-16366	-7562	6932	-4824	9125	91	-89	-19	9798	48990	9798	71081357
6850	-16464	-7654	6904	-5026	9273	91	-89	-19	9799	48995	9799	71081357
6222	-16610	-7757	7067	-5162	9459	93	-83	-29	9800	49000	9800	71081357
5786	-16806	-7814	7304	-5201	9634	93	-83	-28	9801	49005	9801	71081358
5333	-17024	-7840	7580	-5195	9799	95	-83	-25	9802	49010	9802	71081360
4924	-17348	-7999	7860	-5149	9938	95	-82	-27	9803	49015	9803	71081375
4545	-17581	-8102	8106	-5062	10056	93	-79	-33	9804	49020	9804	71081396
4217	-17764	-8120	8327	-4937	10143	94	-80	-32	9805	49025	9805	71081396
3916	-17990	-8176	8512	-4796	10174	97	-83	-27	9806	49030	9806	71081396
3630	-18220	-8278	8685	-4632	10136	97	-83	-27	9807	49035	9807	71081396
3312	-18452	-8291	8924	-4472	10079	99	-83	-29	9808	49040	9808	71081396
2934	-18819	-8336	9199	-4292	10023	99	-79	-27	9809	49045	9809	71081399
2743	-19249	-8403	9414	-4183	10008	99	-73	-25	9810	49050	9810	71081411
2675	-19770	-8578	9511	-4155	9978	98	-73	-30	9811	49055	9811	71081426
2625	-20305	-8822	9375	-4203	9892	97	-73	-37	9812	49060	9812	71081433
2440	-20721	-9030	8928	-4303	9746	95	-73	-35	9813	49065	9813	71081433
2224	-20978	-9068	8183	-4442	9666	93	-73	-33	9814	49070	9814	71081433
2108	-21053	-8973	7328	-4603	9638	99	-74	-31	9815	49075	9815	71081434
2125	-21118	-8928	6601	-4766	9563	107	-75	-29	9816	49080	9816	71081434
2143	-21193	-8893	5932	-4984	9390	108	-74	-27	9817	49085	9817	71081438
2154	-21164	-8818	5293	-5267	9140	109	-73	-25	9818	49090	9818	71081459
1984	-21212	-8885	4787	-5476	8887	102	-75	-32	9819	49095	9819	71081471
1638	-21246	-9197	4167	-5545	8648	98	-76	-36	9820	49100	9820	71081471
1393	-21142	-9460	3287	-5495	8487	101	-69	-31	9821	49105	9821	71081472
1256	-20906	-9596	2300	-5405	8352	103	-65	-27	9822	49110	9822	71081472
1104	-20538	-9666	1359	-5321	8210	107	-64	-29	9823	49115	9823	71081472
866	-20117	-9401	615	-5273	8124	109	-63	-31	9824	49120	9824	71081473
601	-19592	-8918	309	-5239	8108	105	-62	-31	9825	49125	9825	71081478
433	-19123	-8661	582	-5071	8110	103	-61	-31	9826	49130	9826	71081502
386	-18862	-8611	925	-4713	8035	105	-63	-33	9827	49135	9827	71081508
364	-18575	-8595	1049	-4263	7867	106	-64	-34	9828	49140	9828	71081508
362	-18210	-8522	1009	-3760	7652	105	-65	-33	9829	49145	9829	71081508
333	-17793	-8218	1048	-3246	7417	105	-65	-33	9830	49150	9830	71081508
286	-17361	-7917	1279	-2728	7178	102	-63	-33	9831	49155	9831	71081509
228	-17032	-7758	1660	-2265	6960	101	-63	-33	9832	49160	9832	71081509
117	-16818	-7532	2112	-1845	6694	106	-58	-35	9833	49165	9833	71081542
28	-16682	-7402	2650	-1412	6322	107	-57	-35	9834	49170	9834	71081558
-28	-16590	-7372	2893	-1141	5926	109	-53	-33	9835	49175	9835	71081558
-88	-16680	-7550	3001	-919	5543	109	-53	-33	9836	49180	9836	71081558
-138	-16904	-7800	3034	-702	5112	107	-51	-31	9837	49185	9837	71081559
-240	-17078	-7896	2920	-457	4660	107	-51	-31	9838	49190	9838	71081559
-426	-17432	-7882	2764	-250	4237	106	-56	-26	9839	49195	9839	71081559
-520	-17596	-7750	2638	-96	3844	106	-56	-26	9840	49200	9840	71081559
-630	-17796	-7600	2564	27	3497	106	-56	-30	9841	49205	9841	71081586
-713	-17862	-7376	2522	220	3098	106	-55	-30	9842	49210	9842	71081596
-739	-17812	-7420	2391	426	2758	104	-52	-28	9843	49215	9843	71081596
-614	-17666	-7337	2176	658	2406	105	-52	-28	9844	49220	9844	71081596
-554	-17491	-7334	1940	877	2036	109	-53	-29	9845	49225	9845	71081596
-565	-17318	-7384	1652	1055	1703	108	-53	-30	9846	49230	9846	71081596
-504	-17066	-7424	1417	1161	1370	102	-52	-32	9847	49235	9847	71081596
-454	-16824	-7472	1288	1227	1034	103	-51	-31	9848	49240	9848	71081597
-518	-16620	-7562	1249	1251	697	105	-47	-29	9849	49245	9849	71081597
-526	-16490	-7572	1335	1255	363	105	-49	-30	9850	49250	9850	71081599
-554	-16409	-7585	1560	1239	44	104	-54	-34	9851	49255	9851	71081621
-517	-16254	-7621	1801	1224	-226	103	-53	-33	9852	49260	9852	71081643
-429	-16070	-7576	2083	1228	-508	101	-51	-31	9853	49265	9853	71081643
-350	-15920	-7496	2428	1257	-772	103	-51	-30	9854	49270	9854	71081643
-207	-15786	-7505	2818	1293	-1009	106	-50	-28	9855	49275	9855	71081643
-77	-15610	-7507	3207	1303	-1238	103	-52	-29	9856	49280	9856	71081647
13	-15359	-7459	3569	1297	-1448	98	-54	-30	9857	49285	9857	71081651
43	-15077	-7390	3949	1277	-1622	102	-53	-30	9858	49290	9858	71081653
127	-14807	-7236	4369	1191	-1735	106	-52	-30	9859	49295	9859	71081671
251	-14509	-7124	4804	1090	-1827	108	-54	-28	9860	49300	9860	71081681
366	-14322	-6958	5286	1023	-1884	109	-55	-27	9861	49305	9861	71081681
542	-14384	-6732	5827	985	-1920	105	-55	-27	9862	49310	9862	71081681
615	-14569	-6489	6373	946	-1972	103	-55	-27	9863	49315	9863	71081681
707	-14810	-6183	6859	891	-2076	101	-51	-28	9864	49320	9864	71081681
774	-14963	-5934	7359	814	-2257	100	-48	-28	9865	49325	9865	71081681
788	-14849	-5711	7792	729	-2435	105	-50	-26	9866	49330	9866	71081704
885	-14783	-5545	8180	695	-2541	108	-52	-24	9867	49335	9867	71081719
970	-15038	-5306	8582	738	-2676	99	-51	-25	9868	49340	9868	71081719
1130	-15457	-5214	8820	758	-2784	97	-51	-25	9869	49345	9869	71081720
1273	-15856	-4895	8873	708	-2955	97	-53	-23	9870	49350	9870	71081720
1361	-15912	-4661	8893	575	-3065	97	-53	-23	9871	49355	9871	71081720
1358	-16085	-4475	8913	437	-3107	101	-52	-22	9872	49360	9872	71081720
1408	-16332	-4174	8927	367	-3095	102	-52	-22	9873	49365	9873	71081721
1550	-16715	-4046	9015	338	-3072	103	-51	-21	9874	49370	9874	71081721
1424	-16920	-4012	8961	388	-3061	103	-51	-21	9875	49375	9875	71081728
1464	-16848	-3540	8717	496	-2905	103	-55	-17	9876	49380	9876	71081756
1700	-17472	-3444	8582	602	-2806	103	-55	-17	9877	49385	9877	71081756
1576	-17406	-3484	8266	745	-2821	97	-63	-15	9878	49390	9878	71081756
1738	-17558	-2978	7708	854	-2733	97	-63	-15	9879	49395	9879	71081757
1802	-18142	-3016	7594	1006	-2770	102	-50	-18	9880	49400	9880	71081757
2258	-18178	-2972	7288	1225	-2822	102	-50	-18	9881	49405	9881	71081757
2622	-18234	-2902	6677	1386	-2862	99	-53	-15	9882	49410	9882	71081768
2876	-18182	-2660	6112	1507	-2834	99	-53	-15	9883	49415	9883	71081768
3358	-18142	-2539	5607	1525	-2898	96	-54	-10	9884	49420	9884	71081793
3724	-18054	-2558	5067	1375	-3071	96	-54	-11	9885	49425	9885	71081793
3847	-18023	-2552	4519	1204	-3365	97	-53	-15	9886	49430	9886	71081793
4007	-18014	-2607	4112	1179	-3445	97	-52	-13	9887	49435	9887	71081793
4138	-17912	-2389	3634	1061	-3570	97	-47	-7	9888	49440	9888	71081794
4455	-17928	-2336	3424	801	-3479	97	-49	-8	9889	49445	9889	71081794
4450	-18282	-2398	3268	610	-3517	97	-55	-13	9890	49450	9890	71081799
4583	-18433	-2482	2811	383	-3493	98	-54	-13	9891	49455	9891	71081823
4845	-18092	-2392	2247	219	-3480	99	-51	-11	9892	49460	9892	71081830
5042	-18069	-2493	1957	108	-3471	97	-52	-12	9893	49465	9893	71081830
5183	-18044	-2526	1591	-125	-3508	95	-53	-13	9894	49470	9894	71081830
5178	-18075	-2569	1196	-427	-3456	95	-54	-12	9895	49475	9895	71081830
5267	-18002	-2609	802	-719	-3432	94	-56	-10	9896	49480	9896	71081831
5232	-17843	-2558	438	-1001	-3439	95	-56	-12	9897	49485	9897	71081839
5134	-17846	-2688	177	-1252	-3351	96	-56	-16	9898	49490	9898	71081863
5188	-17816	-2825	-142	-1409	-3209	98	-55	-14	9899	49495	9899	71081881
5173	-17729	-2853	-565	-1634	-3095	100	-54	-10	9900	49500	9900	71081881
5116	-17521	-3021	-931	-1868	-2961	95	-55	-14	9901	49505	9901	71081881
5137	-17282	-3011	-1184	-1956	-2787	92	-56	-16	9902	49510	9902	71081881
5090	-17145	-3233	-1369	-2044	-2635	96	-54	-13	9903	49515	9903	71081881
5079	-16913	-3206	-1572	-2137	-2489	99	-53	-11	9904	49520	9904	71081881
5014	-16855	-3160	-1683	-2210	-2317	99	-53	-11	9905	49525	9905	71081886
4981	-16768	-3422	-1824	-2314	-2184	99	-53	-11	9906	49530	9906	71081907
5004	-16460	-3445	-2044	-2392	-2081	95	-54	-13	9907	49535	9907	71081919
4845	-16460	-3443	-2148	-2451	-1897	92	-54	-14	9908	49540	9908	71081919
4713	-16407	-3594	-2266	-2500	-1731	97	-54	-16	9909	49545	9909	71081919
4764	-15998	-3780	-2505	-2552	-1601	98	-54	-16	9910	49550	9910	71081919
4768	-15920	-3704	-2591	-2544	-1462	95	-52	-16	9911	49555	9911	71081919
4764	-15788	-3756	-2636	-2573	-1336	94	-52	-16	9912	49560	9912	71081919
4737	-15621	-3813	-2754	-2612	-1173	96	-59	-14	9913	49565	9913	71081919
4624	-15578	-3891	-2873	-2646	-1052	97	-61	-13	9914	49570	9914	71081919
4537	-15485	-3986	-3020	-2697	-931	100	-55	-19	9915	49575	9915	71081919
4522	-15374	-4048	-3197	-2742	-808	101	-53	-21	9916	49580	9916	71081942
4454	-15208	-4180	-3349	-2777	-670	94	-60	-16	9917	49585	9917	71081977
4468	-15182	-4270	-3419	-2787	-592	94	-60	-16	9918	49590	9918	71082006
4432	-15070	-4370	-3427	-2767	-546	96	-56	-16	9919	49595	9919	71082006
4382	-14986	-4414	-3532	-2746	-454	96	-56	-16	9920	49600	9920	71082007
4342	-15038	-4506	-3662	-2775	-344	98	-52	-14	9921	49605	9921	71082008
4164	-14930	-4484	-3770	-2821	-284	98	-52	-14	9922	49610	9922	71082008
4168	-14848	-4530	-3819	-2833	-214	92	-58	-16	9923	49615	9923	71082008
4088	-14802	-4634	-3859	-2771	-105	92	-58	-16	9924	49620	9924	71082008
4100	-14800	-4756	-3945	-2752	-18	94	-56	-16	9925	49625	9925	71082008
4015	-14757	-4868	-3986	-2718	36	96	-57	-16	9926	49630	9926	71082008
4030	-14769	-4978	-4027	-2678	140	103	-61	-17	9927	49635	9927	71082008
3996	-14764	-5022	-4103	-2654	249	101	-59	-17	9928	49640	9928	71082008
3922	-14758	-5045	-4182	-2642	356	95	-53	-17	9929	49645	9929	71082008
3905	-14768	-5019	-4221	-2620	455	96	-54	-18	9930	49650	9930	71082012
3825	-14773	-5211	-4238	-2593	530	100	-58	-22	9931	49655	9931	71082029
3666	-14776	-5300	-4234	-2545	592	99	-57	-22	9932	49660	9932	71082042
3640	-14811	-5347	-4192	-2484	688	93	-53	-23	9933	49665	9933	71082042
3657	-14863	-5459	-4188	-2411	791	91	-57	-21	9934	49670	9934	71082042
3606	-14911	-5508	-4171	-2346	835	88	-62	-18	9935	49675	9935	71082042
3551	-14942	-5576	-4143	-2283	893	91	-60	-19	9936	49680	9936	71082043
3549	-14977	-5644	-4114	-2221	940	95	-57	-21	9937	49685	9937	71082043
3548	-14995	-5718	-4093	-2168	982	94	-58	-24	9938	49690	9938	71082043
3473	-15005	-5725	-4058	-2124	1014	93	-59	-29	9939	49695	9939	71082043
3456	-15000	-5698	-3995	-2076	1025	95	-59	-30	9940	49700	9940	71082047
3441	-15058	-5756	-3919	-2031	1050	98	-58	-32	9941	49705	9941	71082081
3426	-15140	-5769	-3840	-1977	1147	98	-57	-24	9942	49710	9942	71082123
3416	-15083	-5792	-3762	-1897	1239	98	-56	-16	9943	49715	9943	71082123
3445	-15087	-5782	-3578	-1794	1239	101	-57	-24	9944	49720	9944	71082123
3408	-15233	-5861	-3334	-1656	1241	103	-57	-29	9945	49725	9945	71082123
3462	-15405	-5917	-3177	-1514	1383	100	-59	-31	9946	49730	9946	71082124
3496	-15450	-5992	-3120	-1383	1488	98	-60	-32	9947	49735	9947	71082124
