258	-2466	-15776	-498	-1009	213	15706	-5	-116	10481	52405	10481	71084796
218	-2445	-15781	-517	-994	201	15707	-2	-116	10482	52410	10482	71084798
174	-2494	-15788	-529	-995	189	15708	-1	-116	10483	52415	10483	71084798
154	-2503	-15726	-547	-994	183	15709	0	-116	10484	52420	10484	71084798
104	-2489	-15722	-556	-968	179	15710	2	-114	10485	52425	10485	71084798
46	-2515	-15723	-559	-953	179	15711	4	-112	10486	52430	10486	71084798
76	-2512	-15811	-562	-940	170	15712	-2	-106	10487	52435	10487	71084798
75	-2561	-15837	-557	-918	172	15713	-3	-105	10488	52440	10488	71084807
45	-2582	-15840	-561	-917	162	15714	-2	-109	10489	52445	10489	71084831
68	-2611	-15904	-567	-903	146	15715	-2	-110	10490	52450	10490	71084838
64	-2626	-15923	-583	-886	136	15716	-6	-110	10491	52455	10491	71084838
63	-2647	-15989	-613	-884	132	15717	-8	-110	10492	52460	10492	71084839
89	-2665	-15988	-647	-897	125	15718	-7	-112	10493	52465	10493	71084840
105	-2668	-15974	-683	-907	121	15719	-6	-114	10494	52470	10494	71084840
78	-2624	-15948	-724	-915	109	15720	-5	-114	10495	52475	10495	71084841
143	-2613	-15949	-764	-927	94	15721	-4	-114	10496	52480	10496	71084846
103	-2648	-15920	-800	-938	77	15722	-3	-116	10497	52485	10497	71084869
104	-2626	-15934	-823	-950	52	15723	-3	-117	10498	52490	10498	71084874
122	-2524	-15841	-851	-946	29	15724	-8	-111	10499	52495	10499	71084874
209	-2510	-15867	-884	-939	8	15725	-9	-109	10500	52500	10500	71084874
252	-2490	-15904	-904	-958	-18	15726	-3	-108	10501	52505	10501	71084874
309	-2460	-15977	-919	-972	-43	15727	-2	-108	10502	52510	10502	71084874
312	-2506	-16004	-956	-991	-72	15728	-5	-111	10503	52515	10503	71084874
362	-2478	-15966	-972	-1015	-91	15729	-5	-111	10504	52520	10504	71084883
428	-2472	-16090	-1011	-1020	-114	15730	-5	-103	10505	52525	10505	71084912
392	-2550	-16124	-1031	-1023	-149	15731	-5	-103	10506	52530	10506	71084914
410	-2446	-16128	-1069	-1049	-179	15732	-9	-107	10507	52535	10507	71084914
488	-2450	-16324	-1105	-1068	-198	15733	-9	-107	10508	52540	10508	71084915
496	-2503	-16239	-1126	-1087	-211	15734	-4	-114	10509	52545	10509	71084915
552	-2509	-16265	-1154	-1119	-238	15735	-3	-115	10510	52550	10510	71084915
596	-2442	-16204	-1198	-1194	-250	15736	-3	-109	10511	52555	10511	71084915
584	-2440	-16274	-1222	-1236	-255	15737	-3	-109	10512	52560	10512	71084939
618	-2462	-16334	-1262	-1328	-256	15738	2	-110	10513	52565	10513	71084949
540	-2478	-16212	-1295	-1380	-265	15739	2	-110	10514	52570	10514	71084949
570	-2500	-16252	-1333	-1434	-255	15740	-7	-113	10515	52575	10515	71084949
564	-2452	-16230	-1359	-1487	-243	15741	-7	-113	10516	52580	10516	71084949
584	-2476	-16216	-1394	-1528	-233	15742	-6	-112	10517	52585	10517	71084949
484	-2482	-16256	-1439	-1580	-217	15743	-6	-112	10518	52590	10518	71084949
556	-2452	-16200	-1486	-1654	-192	15744	-2	-110	10519	52595	10519	71084958
450	-2467	-16162	-1576	-1690	-151	15745	-2	-111	10520	52600	10520	71084987
487	-2450	-16234	-1658	-1718	-118	15746	-2	-116	10521	52605	10521	71084987
420	-2451	-16204	-1743	-1753	-79	15747	-2	-114	10522	52610	10522	71084988
429	-2401	-16229	-1803	-1794	-42	15748	-3	-107	10523	52615	10523	71084988
329	-2404	-16292	-1872	-1833	-4	15749	-3	-108	10524	52620	10524	71084988
259	-2366	-16267	-1936	-1884	40	15750	-2	-114	10525	52625	10525	71084988
247	-2366	-16241	-1983	-1931	85	15751	-2	-114	10526	52630	10526	71084995
252	-2358	-16296	-2030	-1953	121	15752	-1	-113	10527	52635	10527	71085026
168	-2314	-16417	-2113	-2002	156	15753	-1	-114	10528	52640	10528	71085026
96	-2290	-16292	-2170	-2037	205	15754	1	-117	10529	52645	10529	71085027
81	-2262	-16329	-2230	-2078	243	15755	1	-115	10530	52650	10530	71085027
10	-2266	-16312	-2298	-2114	280	15756	3	-109	10531	52655	10531	71085027
-73	-2290	-16240	-2367	-2153	329	15757	2	-109	10532	52660	10532	71085027
-140	-2247	-16377	-2433	-2212	361	15758	-4	-108	10533	52665	10533	71085027
-232	-2316	-16321	-2520	-2238	387	15759	-3	-108	10534	52670	10534	71085034
-356	-2297	-16336	-2591	-2262	407	15760	1	-107	10535	52675	10535	71085064
-401	-2362	-16351	-2673	-2271	431	15761	-1	-107	10536	52680	10536	71085064
-403	-2424	-16383	-2778	-2283	448	15762	-8	-108	10537	52685	10537	71085064
-394	-2426	-16384	-2903	-2286	453	15763	-3	-110	10538	52690	10538	71085064
-390	-2452	-16365	-3038	-2298	447	15764	4	-112	10539	52695	10539	71085064
-430	-2526	-16366	-3165	-2302	450	15765	3	-112	10540	52700	10540	71085064
-446	-2603	-16398	-3313	-2306	451	15766	1	-113	10541	52705	10541	71085064
-462	-2640	-16384	-3467	-2332	449	15767	2	-111	10542	52710	10542	71085081
-487	-2735	-16358	-3587	-2362	438	15768	3	-109	10543	52715	10543	71085107
-500	-2844	-16393	-3714	-2409	431	15770	4	-110	10544	52720	10544	71085109
-551	-3004	-16368	-3859	-2444	428	15771	4	-110	10545	52725	10545	71085109
-620	-3137	-16358	-4011	-2461	418	15771	4	-109	10546	52730	10546	71085109
-642	-3242	-16352	-4196	-2475	396	15772	4	-108	10547	52735	10547	71085109
-625	-3417	-16365	-4384	-2488	360	15773	3	-108	10548	52740	10548	71085110
-666	-3655	-16508	-4551	-2490	323	15774	2	-108	10549	52745	10549	71085110
-698	-3883	-16637	-4699	-2484	283	15775	1	-108	10550	52750	10550	71085122
-659	-4151	-16832	-4848	-2436	218	15776	0	-108	10551	52755	10551	71085139
-709	-4386	-17043	-5020	-2346	138	15777	0	-108	10552	52760	10552	71085139
-832	-4683	-17215	-5250	-2237	41	15779	1	-107	10553	52765	10553	71085139
-930	-4998	-17404	-5594	-2068	-71	15780	2	-105	10554	52770	10554	71085139
-951	-5234	-17478	-6030	-1863	-169	15781	3	-103	10555	52775	10555	71085139
-921	-5391	-17351	-6502	-1684	-231	15782	4	-105	10556	52780	10556	71085139
-824	-5445	-17070	-6950	-1655	-242	15783	4	-106	10557	52785	10557	71085144
-636	-5418	-16685	-7352	-1834	-191	15784	0	-104	10558	52790	10558	71085165
-420	-5312	-16223	-7661	-2202	-76	15785	-3	-103	10559	52795	10559	71085177
-249	-5153	-15868	-7910	-2702	68	15786	0	-110	10560	52800	10560	71085177
-138	-4952	-15564	-8157	-3291	238	15787	2	-114	10561	52805	10561	71085178
-98	-4775	-15226	-8353	-3723	379	15788	5	-106	10562	52810	10562	71085178
-77	-4734	-15147	-8486	-3987	469	15789	6	-104	10563	52815	10563	71085179
-178	-4708	-15095	-8637	-4180	536	15790	3	-102	10564	52820	10564	71085179
-263	-4706	-15065	-8817	-4296	572	15791	1	-101	10565	52825	10565	71085200
-358	-4527	-15001	-8998	-4321	565	15792	3	-102	10566	52830	10566	71085214
-496	-4286	-14904	-9108	-4301	513	15793	5	-103	10567	52835	10567	71085214
-645	-4059	-14785	-9077	-4273	427	15794	4	-103	10568	52840	10568	71085215
-721	-3781	-14550	-8947	-4261	329	15795	3	-103	10569	52845	10569	71085215
-751	-3478	-14336	-8791	-4275	193	15796	7	-101	10570	52850	10570	71085215
-865	-3238	-14306	-8749	-4294	33	15797	8	-100	10571	52855	10571	71085215
-964	-2997	-14202	-8874	-4367	-162	15798	6	-103	10572	52860	10572	71085221
-1057	-2862	-14181	-9096	-4425	-400	15799	6	-104	10573	52865	10573	71085245
-1138	-2741	-14216	-9367	-4409	-667	15800	5	-103	10574	52870	10574	71085251
-1253	-2737	-14509	-9697	-4304	-984	15801	5	-103	10575	52875	10575	71085251
-1377	-2689	-14873	-10065	-4125	-1337	15802	7	-102	10576	52880	10576	71085251
-1421	-2498	-15197	-10467	-3973	-1728	15803	8	-102	10577	52885	10577	71085251
-1482	-2272	-15398	-10922	-3954	-2196	15804	4	-98	10578	52890	10578	71085252
-1500	-2062	-15860	-11253	-4098	-2581	15805	4	-98	10579	52895	10579	71085252
-1678	-1720	-16066	-11575	-4256	-2977	15806	9	-97	10580	52900	10580	71085291
-1886	-1506	-16426	-11860	-4397	-3339	15807	9	-97	10581	52905	10581	71085300
-2049	-1293	-16773	-12067	-4461	-3564	15808	9	-97	10582	52910	10582	71085300
-2370	-1071	-17015	-12258	-4475	-3788	15809	9	-97	10583	52915	10583	71085300
-2586	-669	-17333	-12390	-4435	-3988	15810	13	-98	10584	52920	10584	71085300
-2739	-207	-17602	-12484	-4394	-4130	15811	14	-98	10585	52925	10585	71085300
-2862	238	-18048	-12677	-4458	-4244	15812	12	-94	10586	52930	10586	71085300
-3042	636	-18512	-13038	-4608	-4304	15813	12	-94	10587	52935	10587	71085316
-3122	954	-18858	-13667	-4810	-4393	15814	14	-90	10588	52940	10588	71085340
-3472	1292	-18966	-14627	-4884	-4503	15815	14	-90	10589	52945	10589	71085340
-3828	1666	-18912	-15501	-4730	-4630	15816	13	-87	10590	52950	10590	71085340
-4056	1976	-18624	-16342	-4358	-4719	15817	13	-87	10591	52955	10591	71085340
-4328	2190	-18244	-16937	-3824	-4770	15818	13	-83	10592	52960	10592	71085340
-4330	2074	-17984	-17296	-3293	-4776	15819	13	-83	10593	52965	10593	71085340
-4274	2000	-18138	-17424	-2861	-4780	15820	14	-90	10594	52970	10594	71085340
-4122	1916	-18280	-17266	-2587	-4813	15821	14	-88	10595	52975	10595	71085382
-4096	2258	-18290	-16989	-2580	-4872	15822	16	-78	10596	52980	10596	71085382
-4124	2614	-17904	-16937	-2696	-4949	15823	17	-79	10597	52985	10597	71085383
-4323	2882	-17255	-17467	-2740	-5076	15824	19	-85	10598	52990	10598	71085383
-4507	3205	-16177	-18561	-2550	-5200	15825	20	-84	10599	52995	10599	71085383
-4532	3488	-15320	-19662	-2158	-5266	15826	24	-76	10600	53000	10600	71085383
-4562	3798	-14662	-20586	-1462	-5268	15827	24	-76	10601	53005	10601	71085384
-4342	4034	-14492	-20912	-848	-5105	15828	24	-78	10602	53010	10602	71085384
-3982	4273	-14435	-20794	-534	-4877	15829	24	-76	10603	53015	10603	71085385
-3788	4674	-14340	-20593	-495	-4691	15830	24	-68	10604	53020	10604	71085386
-3577	5013	-14340	-20530	-453	-4486	15831	23	-69	10605	53025	10605	71085396
-3329	5332	-14264	-20604	-390	-4255	15832	20	-72	10606	53030	10606	71085418
-3176	5609	-14406	-20684	-391	-3994	15833	20	-71	10607	53035	10607	71085418
-3100	5933	-14559	-20903	-357	-3767	15834	21	-65	10608	53040	10608	71085418
-2992	6200	-13917	-21718	-194	-3667	15835	21	-65	10609	53045	10609	71085418
-2951	6633	-12697	-23179	90	-3586	15836	19	-65	10610	53050	10610	71085418
-2820	7376	-11460	-24612	453	-3450	15837	20	-62	10611	53055	10611	71085418
-2524	7993	-10991	-24823	689	-3235	15838	24	-54	10612	53060	10612	71085423
-2098	8248	-11165	-23838	626	-2955	15839	24	-56	10613	53065	10613	71085458
-1824	8394	-11611	-22410	277	-2663	15840	25	-59	10614	53070	10614	71085498
-1787	8585	-11979	-21129	-229	-2370	15841	23	-54	10615	53075	10615	71085498
-1850	8818	-12273	-20296	-744	-2102	15842	19	-47	10616	53080	10616	71085498
-1901	9226	-12371	-20003	-1129	-1922	15843	20	-45	10617	53085	10617	71085501
-1890	9630	-12093	-20042	-1346	-1798	15844	22	-42	10618	53090	10618	71085504
-1976	10170	-11373	-20399	-1252	-1751	15845	21	-42	10619	53095	10619	71085505
-1839	10836	-10199	-21100	-829	-1782	15846	19	-41	10620	53100	10620	71085520
-1517	11242	-9394	-21741	-463	-1819	15847	20	-39	10621	53105	10621	71085541
-1095	11751	-8834	-22102	-315	-1794	15848	21	-37	10622	53110	10622	71085541
-760	12255	-8620	-21990	-470	-1653	15849	23	-39	10623	53115	10623	71085541
-642	12620	-8720	-21510	-856	-1422	15850	27	-41	10624	53120	10624	71085541
-746	12922	-8885	-20992	-1308	-1163	15851	25	-39	10625	53125	10625	71085541
-1084	13177	-8976	-20630	-1657	-927	15852	23	-35	10626	53130	10626	71085541
-1619	13436	-9166	-20350	-1785	-733	15853	22	-30	10627	53135	10627	71085541
-2216	13675	-9308	-19776	-1702	-527	15855	21	-23	10628	53140	10628	71085541
-2734	13829	-9467	-18749	-1543	-300	15856	18	-24	10629	53145	10629	71085541
-3140	14174	-9726	-17699	-1418	-99	15857	16	-24	10630	53150	10630	71085542
-3496	14666	-10102	-16790	-1374	93	15858	17	-22	10631	53155	10631	71085542
-3694	15230	-10402	-16060	-1421	280	15859	17	-21	10632	53160	10632	71085542
-3790	15810	-10691	-15461	-1549	448	15860	19	-19	10633	53165	10633	71085547
-3890	16281	-10963	-15064	-1762	591	15861	21	-17	10634	53170	10634	71085555
-3957	16625	-11069	-14895	-1966	705	15862	22	-15	10635	53175	10635	71085568
-4068	16932	-11048	-14942	-2136	824	15863	23	-13	10636	53180	10636	71085577
-4142	17113	-10870	-15084	-2222	957	15864	22	-15	10637	53185	10637	71085577
-4142	17167	-10589	-14960	-2193	1113	15865	21	-17	10638	53190	10638	71085578
-4176	17126	-10052	-14763	-2123	1306	15866	23	-12	10639	53195	10639	71085578
-4274	17121	-9495	-14462	-2151	1541	15867	25	-9	10640	53200	10640	71085578
-4420	17184	-9044	-13856	-2287	1843	15868	22	-7	10641	53205	10641	71085578
-4640	17155	-8711	-13039	-2417	2208	15869	20	-6	10642	53210	10642	71085579
-4787	17093	-8554	-12179	-2479	2593	15870	24	-5	10643	53215	10643	71085579
-4852	17119	-8567	-11371	-2493	2992	15871	27	-5	10644	53220	10644	71085584
-4947	17106	-8621	-10522	-2467	3475	15872	21	-2	10645	53225	10645	71085608
-4944	17039	-8815	-9829	-2441	3947	15873	19	-1	10646	53230	10646	71085614
-4908	17068	-8804	-9306	-2416	4401	15874	25	-8	10647	53235	10647	71085614
-4831	16977	-8870	-8883	-2359	4891	15875	26	-10	10648	53240	10648	71085615
-4833	16885	-8828	-8556	-2318	5369	15876	22	-3	10649	53245	10649	71085615
-4779	16684	-8910	-8321	-2298	5807	15877	21	-1	10650	53250	10650	71085615
-4762	16480	-9022	-8183	-2291	6200	15878	15	-2	10651	53255	10651	71085615
-4709	16235	-8991	-8265	-2240	6511	15879	14	-2	10652	53260	10652	71085645
-4701	16061	-8820	-8586	-2189	6771	15880	15	4	10653	53265	10653	71085661
-4716	15844	-8702	-8983	-2112	7005	15881	15	5	10654	53270	10654	71085663
-4738	15505	-8596	-9258	-1982	7217	15882	19	7	10655	53275	10655	71085663
-4638	15219	-8481	-9365	-1850	7412	15883	20	8	10656	53280	10656	71085663
-4484	14964	-8405	-9402	-1769	7607	15884	15	6	10657	53285	10657	71085663
-4290	14789	-8523	-9381	-1785	7821	15885	14	6	10658	53290	10658	71085663
-4104	14660	-8586	-9302	-1883	8012	15886	10	13	10659	53295	10659	71085671
-3969	14578	-8600	-9204	-2019	8198	15887	9	15	10660	53300	10660	71085695
-3796	14590	-8770	-9156	-2169	8397	15888	5	11	10661	53305	10661	71085700
-3482	14444	-8764	-9214	-2241	8543	15889	5	11	10662	53310	10662	71085700
-3252	14402	-8664	-9402	-2235	8674	15890	8	8	10663	53315	10663	71085700
-2912	14384	-8638	-9598	-2214	8795	15891	8	8	10664	53320	10664	71085701
-2616	14154	-8442	-9772	-2241	8909	15892	3	17	10665	53325	10665	71085701
-2354	13928	-8336	-9928	-2335	9029	15893	3	17	10666	53330	10666	71085701
-2118	13736	-8284	-10105	-2502	9126	15894	3	19	10667	53335	10667	71085701
-1950	13536	-8154	-10231	-2639	9215	15895	3	19	10668	53340	10668	71085701
-1852	13426	-7982	-10296	-2750	9266	15896	-2	18	10669	53345	10669	71085720
-1824	13406	-7594	-10365	-2832	9278	15897	-2	19	10670	53350	10670	71085753
-1776	13518	-7164	-10432	-2813	9265	15898	1	21	10671	53355	10671	71085753
-1742	13554	-6602	-10467	-2744	9243	15899	1	21	10672	53360	10672	71085753
-1408	13530	-6166	-10450	-2672	9221	15900	0	20	10673	53365	10673	71085754
-1070	13432	-5906	-10417	-2670	9204	15901	0	20	10674	53370	10674	71085754
-744	13328	-5880	-10402	-2744	9187	15902	-3	25	10675	53375	10675	71085754
-540	13066	-6048	-10461	-2942	9174	15903	-3	25	10676	53380	10676	71085754
-328	12782	-6236	-10624	-3115	9140	15904	-7	25	10677	53385	10677	71085785
-171	12621	-6252	-10943	-3263	9054	15905	-6	25	10678	53390	10678	71085794
-136	12466	-6035	-11117	-3350	8994	15906	-3	27	10679	53395	10679	71085794
-30	12281	-6036	-11180	-3389	8931	15907	-2	28	10680	53400	10680	71085794
49	12066	-6190	-11190	-3476	8878	15908	1	33	10681	53405	10681	71085794
138	12108	-6378	-11199	-3680	8812	15909	0	33	10682	53410	10682	71085794
220	12236	-6576	-11198	-3975	8727	15910	-6	34	10683	53415	10683	71085794
194	12524	-6320	-11160	-4241	8629	15911	-7	35	10684	53420	10684	71085796
168	12862	-5870	-11125	-4332	8527	15912	-10	38	10685	53425	10685	71085808
225	13218	-5272	-11071	-4321	8477	15913	-10	38	10686	53430	10686	71085830
413	13523	-4746	-10878	-4311	8462	15914	-8	38	10687	53435	10687	71085830
561	13726	-4463	-10619	-4455	8455	15915	-10	38	10688	53440	10688	71085830
681	13765	-4434	-10335	-4739	8441	15916	-15	37	10689	53445	10689	71085831
740	13851	-4568	-10052	-5179	8431	15917	-16	36	10690	53450	10690	71085831
681	13960	-4724	-9822	-5546	8410	15918	-19	33	10691	53455	10691	71085831
563	14032	-4737	-9575	-5804	8374	15919	-18	35	10692	53460	10692	71085831
528	14194	-4726	-9314	-5982	8318	15920	-13	43	10693	53465	10693	71085831
529	14321	-4649	-9085	-6120	8238	15921	-13	42	10694	53470	10694	71085831
385	14449	-4495	-8978	-6234	8134	15922	-14	40	10695	53475	10695	71085849
264	14564	-4497	-8986	-6318	8058	15923	-15	40	10696	53480	10696	71085876
118	14513	-4654	-8995	-6450	8029	15924	-16	40	10697	53485	10697	71085876
65	14432	-5017	-9001	-6698	8043	15925	-18	41	10698	53490	10698	71085876
-1	14388	-5306	-9030	-7031	8061	15926	-20	42	10699	53495	10699	71085876
-102	14517	-5240	-8999	-7327	8079	15927	-20	40	10700	53500	10700	71085877
-171	14805	-4803	-8795	-7416	8134	15928	-20	38	10701	53505	10701	71085877
-178	15200	-4098	-8358	-7229	8228	15929	-21	40	10702	53510	10702	71085884
-52	15579	-3384	-7772	-6873	8347	15931	-22	42	10703	53515	10703	71085910
93	15809	-2911	-7296	-6577	8464	15932	-26	47	10704	53520	10704	71085926
181	16110	-2803	-7035	-6479	8563	15933	-28	50	10705	53525	10705	71085926
258	16329	-2930	-6909	-6477	8644	15934	-27	48	10706	53530	10706	71085926
330	16520	-3090	-6875	-6488	8691	15934	-26	46	10707	53535	10707	71085926
417	16832	-3201	-6985	-6478	8706	15935	-26	47	10708	53540	10708	71085927
517	17113	-3270	-7220	-6422	8729	15936	-26	48	10709	53545	10709	71085928
596	17358	-3325	-7451	-6330	8761	15937	-28	49	10710	53550	10710	71085928
742	17562	-3495	-7551	-6274	8807	15939	-30	50	10711	53555	10711	71085928
933	17728	-3854	-7474	-6353	8877	15940	-29	48	10712	53560	10712	71085983
1134	17854	-4164	-7498	-6526	8941	15941	-29	47	10713	53565	10713	71086019
1231	17998	-4140	-7822	-6750	8972	15942	-30	46	10714	53570	10714	71086019
1230	18138	-3837	-8364	-6928	8976	15943	-30	46	10715	53575	10715	71086019
1076	18291	-3479	-8824	-6958	8927	15944	-31	44	10716	53580	10716	71086019
915	18445	-3064	-8975	-6792	8828	15945	-32	42	10717	53585	10717	71086019
821	18576	-2686	-8747	-6542	8690	15946	-34	47	10718	53590	10718	71086019
732	18710	-2463	-8180	-6354	8519	15947	-36	50	10719	53595	10719	71086019
576	18879	-2488	-7277	-6304	8359	15948	-34	52	10720	53600	10720	71086019
613	19050	-2721	-6356	-6382	8280	15949	-33	53	10721	53605	10721	71086033
731	19236	-2801	-5492	-6475	8253	15950	-41	53	10722	53610	10722	71086054
890	19479	-2856	-4736	-6512	8264	15951	-43	53	10723	53615	10723	71086058
949	19737	-2811	-4135	-6513	8299	15952	-39	50	10724	53620	10724	71086058
999	19992	-2717	-3468	-6503	8389	15953	-37	49	10725	53625	10725	71086058
1013	20250	-2637	-2712	-6470	8524	15954	-39	48	10726	53630	10726	71086058
1125	20338	-2590	-1924	-6403	8630	15955	-40	48	10727	53635	10727	71086059
1504	20405	-2587	-1028	-6268	8746	15956	-42	54	10728	53640	10728	71086059
1852	20430	-2539	-353	-6214	8954	15957	-42	56	10729	53645	10729	71086059
2072	20288	-2388	69	-6341	9184	15958	-48	47	10730	53650	10730	71086059
2096	20250	-2440	259	-6495	9387	15959	-49	45	10731	53655	10731	71086059
2130	20592	-2273	346	-6495	9521	15960	-49	48	10732	53660	10732	71086059
2182	20582	-2277	756	-6360	9546	15961	-49	49	10733	53665	10733	71086059
2290	20444	-2071	1132	-6177	9512	15962	-47	47	10734	53670	10734	71086059
2287	20411	-1854	1278	-5981	9460	15963	-46	46	10735	53675	10735	71086065
2146	20592	-1416	1387	-5767	9364	15964	-47	39	10736	53680	10736	71086067
2010	20704	-1012	1543	-5530	9249	15965	-47	39	10737	53685	10737	71086067
2018	20744	-598	1802	-5225	9100	15966	-49	43	10738	53690	10738	71086068
2182	20684	-390	2308	-4931	8916	15967	-49	43	10739	53695	10739	71086068
2260	20468	-178	3079	-4722	8782	15968	-49	45	10740	53700	10740	71086068
2546	20072	-512	4044	-4685	8659	15969	-49	45	10741	53705	10741	71086097
2768	19755	-737	4937	-4798	8586	15970	-52	42	10742	53710	10742	71086104
2958	19377	-1060	5944	-4976	8533	15971	-53	41	10743	53715	10743	71086105
3104	18978	-1397	6869	-5153	8519	15972	-57	37	10744	53720	10744	71086106
3138	18424	-1610	7726	-5252	8559	15973	-58	36	10745	53725	10745	71086106
3182	17962	-1614	8233	-5197	8588	15974	-59	37	10746	53730	10746	71086106
3084	17584	-1740	8692	-5044	8687	15975	-59	37	10747	53735	10747	71086107
3302	17048	-1652	9122	-4974	8856	15976	-60	36	10748	53740	10748	71086124
3018	16314	-1808	9516	-5009	9036	15977	-60	36	10749	53745	10749	71086153
2926	15874	-2118	9809	-5168	9108	15978	-56	38	10750	53750	10750	71086153
3062	15536	-2280	9985	-5213	9304	15979	-56	38	10751	53755	10751	71086153
3128	15010	-2254	10091	-5277	9592	15980	-64	22	10752	53760	10752	71086154
2965	14234	-2242	10108	-5425	9887	15981	-64	24	10753	53765	10753	71086154
2821	13698	-2182	10088	-5427	10080	15982	-64	30	10754	53770	10754	71086154
2714	13238	-1930	10122	-5223	10215	15983	-65	30	10755	53775	10755	71086154
2747	12892	-1605	10057	-4869	10287	15984	-67	29	10756	53780	10756	71086154
2796	12729	-1040	9618	-4259	10254	15985	-67	28	10757	53785	10757	71086156
2982	12782	-406	8724	-3430	10128	15986	-66	26	10758	53790	10758	71086168
3189	13063	38	7502	-2580	9958	15987	-66	26	10759	53795	10759	71086196
3376	13348	448	6355	-1902	9754	15988	-65	27	10760	53800	10760	71086199
3604	13586	492	5271	-1188	9475	15989	-65	27	10761	53805	10761	71086199
4097	13522	-240	4783	-731	9167	15990	-64	26	10762	53810	10762	71086199
4610	13352	-1229	4918	-819	8962	15991	-64	26	10763	53815	10763	71086200
4957	13056	-2238	5340	-1180	8874	15992	-66	26	10764	53820	10764	71086200
4971	12878	-2924	5619	-1415	8843	15993	-66	27	10765	53825	10765	71086200
4984	12669	-3284	5376	-1406	8797	15994	-67	31	10766	53830	10766	71086200
5029	12733	-3328	4696	-1256	8703	15995	-67	29	10767	53835	10767	71086209
5055	12754	-3089	4073	-1072	8603	15996	-69	21	10768	53840	10768	71086243
5041	12647	-3002	3922	-892	8500	15997	-68	21	10769	53845	10769	71086243
5314	12572	-2898	4299	-843	8464	15998	-64	22	10770	53850	10770	71086244
5517	12505	-2905	4885	-939	8526	15999	-67	23	10771	53855	10771	71086244
5696	12495	-2798	5491	-1155	8660	16000	-72	24	10772	53860	10772	71086244
5861	12476	-2836	5954	-1390	8844	16001	-73	24	10773	53865	10773	71086245
6055	12356	-2970	6219	-1561	9032	16002	-75	25	10774	53870	10774	71086249
6242	12161	-3108	6245	-1703	9171	16003	-74	25	10775	53875	10775	71086267
6383	11885	-3224	6039	-1830	9253	16004	-72	26	10776	53880	10776	71086284
6552	11631	-3395	5660	-1923	9314	16005	-73	26	10777	53885	10777	71086284
6722	11404	-3473	5184	-2036	9355	16006	-74	26	10778	53890	10778	71086284
7005	11155	-3371	4464	-2193	9379	16007	-72	26	10779	53895	10779	71086284
7192	10990	-2924	3701	-2256	9368	16008	-69	27	10780	53900	10780	71086284
7297	10844	-2449	3006	-2302	9306	16009	-68	27	10781	53905	10781	71086284
7452	10677	-2317	2710	-2362	9195	16010	-67	27	10782	53910	10782	71086303
7673	10322	-2446	2933	-2467	9094	16011	-71	24	10783	53915	10783	71086331
7870	9942	-2796	3393	-2644	9003	16012	-77	19	10784	53920	10784	71086332
7981	9606	-3151	3694	-2895	8921	16013	-77	19	10785	53925	10785	71086332
8074	9285	-3443	3762	-3170	8860	16015	-77	19	10786	53930	10786	71086332
8167	8986	-3552	3699	-3431	8807	16016	-75	21	10787	53935	10787	71086332
8218	8782	-3508	3583	-3687	8771	16017	-74	22	10788	53940	10788	71086332
8212	8580	-3322	3329	-3977	8734	16018	-80	18	10789	53945	10789	71086332
8154	8626	-3331	2872	-4266	8662	16019	-84	16	10790	53950	10790	71086332
8151	8951	-3467	2290	-4495	8546	16020	-84	20	10791	53955	10791	71086339
8109	9143	-3553	1886	-4618	8440	16021	-84	22	10792	53960	10792	71086363
8110	9052	-3650	1786	-4676	8407	16022	-85	19	10793	53965	10793	71086376
8149	9005	-3674	1773	-4775	8432	16023	-85	17	10794	53970	10794	71086376
8113	9116	-3734	1684	-4947	8471	16024	-83	13	10795	53975	10795	71086376
8128	9330	-3865	1549	-5150	8468	16025	-81	11	10796	53980	10796	71086376
8242	9526	-3998	1452	-5344	8412	16026	-83	12	10797	53985	10797	71086377
8388	9761	-4081	1426	-5525	8316	16027	-84	12	10798	53990	10798	71086377
8465	9976	-4179	1449	-5689	8182	16028	-86	13	10799	53995	10799	71086377
8513	10203	-4325	1490	-5893	8022	16029	-87	13	10800	54000	10800	71086377
8598	10532	-4473	1437	-6149	7841	16030	-83	13	10801	54005	10801	71086399
8681	10920	-4478	1189	-6395	7647	16031	-81	13	10802	54010	10802	71086413
8685	11371	-4408	873	-6650	7428	16032	-83	12	10803	54015	10803	71086414
8729	11674	-4434	933	-6879	7251	16033	-84	12	10804	54020	10804	71086414
8768	11884	-4503	1340	-7065	7081	16034	-90	11	10805	54025	10805	71086414
8875	12063	-4662	1878	-7278	6930	16035	-91	11	10806	54030	10806	71086415
8892	12050	-4788	2407	-7532	6774	16036	-90	9	10807	54035	10807	71086415
8944	11985	-5050	2840	-7830	6624	16037	-90	8	10808	54040	10808	71086415
9038	11948	-5208	3234	-8157	6498	16038	-90	5	10809	54045	10809	71086416
9072	11804	-5494	3602	-8488	6396	16039	-90	4	10810	54050	10810	71086416
9112	11642	-5442	3967	-8866	6275	16040	-92	2	10811	54055	10811	71086450
9120	11486	-5354	4158	-9117	6167	16041	-92	2	10812	54060	10812	71086450
9025	11519	-5274	4274	-9307	6077	16042	-86	3	10813	54065	10813	71086450
8843	11464	-5231	4441	-9508	5977	16043	-85	3	10814	54070	10814	71086450
8732	11354	-5170	4741	-9734	5877	16044	-87	-1	10815	54075	10815	71086450
8709	11208	-5252	5068	-9979	5820	16045	-88	-2	10816	54080	10816	71086450
8815	11098	-5423	5364	-10281	5778	16046	-89	0	10817	54085	10817	71086450
8812	11032	-5606	5654	-10592	5770	16047	-89	1	10818	54090	10818	71086450
8738	11023	-5687	6064	-10847	5761	16048	-90	-5	10819	54095	10819	71086458
8504	11054	-5816	6897	-11007	5763	16049	-90	-6	10820	54100	10820	71086509
8412	11018	-6306	7908	-11052	5769	16050	-90	-8	10821	54105	10821	71086509
8252	10980	-6842	8947	-11134	5767	16051	-90	-8	10822	54110	10822	71086509
8234	10986	-7630	9682	-11196	5779	16052	-90	-8	10823	54115	10823	71086509
8266	10866	-8094	10094	-11272	5727	16053	-90	-8	10824	54120	10824	71086509
8136	10658	-8408	10146	-11389	5644	16054	-88	-12	10825	54125	10825	71086525
8018	10404	-8670	9988	-11526	5546	16055	-88	-12	10826	54130	10826	71086529
8008	10104	-8858	9874	-11676	5433	16056	-87	-15	10827	54135	10827	71086550
7880	9595	-9338	9862	-11809	5256	16057	-88	-15	10828	54140	10828	71086550
7832	9168	-9584	9882	-11869	5089	16058	-91	-17	10829	54145	10829	71086551
7782	8773	-9805	9940	-11886	4915	16059	-90	-18	10830	54150	10830	71086551
7722	8506	-9828	10058	-11879	4784	16060	-84	-20	10831	54155	10831	71086551
7582	8140	-10034	10320	-11852	4631	16061	-84	-20	10832	54160	10832	71086551
7468	7820	-10506	10645	-11807	4505	16062	-88	-24	10833	54165	10833	71086551
7390	7632	-10986	10831	-11832	4443	16063	-88	-24	10834	54170	10834	71086551
7124	7458	-11540	10793	-11842	4405	16064	-92	-28	10835	54175	10835	71086551
6838	7554	-12092	10470	-11662	4327	16065	-92	-28	10836	54180	10836	71086551
6553	7835	-12903	9945	-11235	4187	16066	-90	-32	10837	54185	10837	71086551
6357	8222	-13538	9660	-10868	4067	16067	-90	-31	10838	54190	10838	71086553
6014	8648	-14231	9614	-10531	3964	16068	-91	-27	10839	54195	10839	71086565
5752	8989	-14982	9794	-10140	3922	16069	-90	-29	10840	54200	10840	71086588
5461	9234	-15736	10010	-9717	3920	16070	-85	-39	10841	54205	10841	71086590
5264	9390	-16526	10024	-9337	3939	16071	-85	-39	10842	54210	10842	71086590
4982	9541	-17083	9771	-9016	3960	16072	-87	-37	10843	54215	10843	71086591
4658	9662	-17656	9400	-8659	3966	16073	-89	-38	10844	54220	10844	71086591
4354	9570	-18259	9118	-8143	4001	16074	-96	-42	10845	54225	10845	71086591
4216	9381	-18628	9008	-7660	4047	16075	-92	-42	10846	54230	10846	71086594
4039	9127	-18800	8982	-7234	4117	16076	-87	-41	10847	54235	10847	71086606
3781	8859	-18910	9038	-6843	4194	16077	-88	-42	10848	54240	10848	71086625
3479	8598	-18905	9265	-6368	4301	16078	-90	-44	10849	54245	10849	71086626
3220	8174	-19162	9695	-5919	4450	16079	-89	-44	10850	54250	10850	71086626
3025	7722	-19835	10252	-5521	4615	16080	-86	-46	10851	54255	10851	71086626
2656	7409	-20563	10807	-5060	4779	16081	-87	-47	10852	54260	10852	71086626
2369	7463	-20711	11212	-4366	4930	16082	-93	-49	10853	54265	10853	71086627
2294	7746	-20151	11416	-3565	5077	16083	-90	-49	10854	54270	10854	71086634
2209	7977	-19609	11572	-3065	5201	16084	-86	-48	10855	54275	10855	71086652
2102	8062	-19408	11836	-2709	5338	16085	-87	-49	10856	54280	10856	71086665
1981	7954	-19253	12056	-2372	5506	16086	-88	-50	10857	54285	10857	71086665
1828	7725	-18853	12073	-2034	5711	16087	-88	-49	10858	54290	10858	71086665
1745	7412	-18206	11951	-1721	5939	16088	-88	-48	10859	54295	10859	71086665
1756	6944	-17628	11793	-1482	6156	16089	-88	-48	10860	54300	10860	71086665
1774	6271	-17290	11563	-1336	6339	16091	-88	-48	10861	54305	10861	71086665
1717	5581	-17216	11263	-1152	6444	16092	-89	-50	10862	54310	10862	71086682
1766	5059	-17194	11068	-887	6500	16093	-90	-52	10863	54315	10863	71086698
1887	4726	-17053	10892	-623	6545	16094	-94	-48	10864	54320	10864	71086702
2084	4453	-16739	10559	-442	6598	16095	-96	-46	10865	54325	10865	71086703
2336	4197	-16141	10025	-318	6673	16095	-94	-49	10866	54330	10866	71086703
2661	3951	-15187	9391	-241	6790	16096	-91	-53	10867	54335	10867	71086703
3042	3583	-14066	8941	-240	6933	16097	-90	-52	10868	54340	10868	71086703
3540	3215	-12448	8627	-326	7076	16099	-89	-51	10869	54345	10869	71086703
4222	2826	-10876	8447	-490	7185	16100	-90	-52	10870	54350	10870	71086725
4817	2273	-9712	8473	-718	7253	16101	-91	-53	10871	54355	10871	71086740
5368	1698	-8923	8669	-973	7255	16102	-92	-54	10872	54360	10872	71086740
5943	1150	-8111	8983	-1276	7172	16103	-93	-55	10873	54365	10873	71086740
6536	611	-7318	9374	-1696	7025	16104	-93	-55	10874	54370	10874	71086740
7045	70	-6751	9678	-2270	6806	16105	-93	-55	10875	54375	10875	71086740
7553	-414	-6482	9712	-2992	6535	16106	-92	-56	10876	54380	10876	71086740
8071	-864	-6554	9394	-3800	6222	16107	-92	-56	10877	54385	10877	71086745
8575	-1204	-6968	8471	-4778	5887	16108	-96	-52	10878	54390	10878	71086772
8983	-1203	-7435	7083	-5712	5638	16109	-97	-51	10879	54395	10879	71086779
9183	-979	-7999	5670	-6596	5458	16110	-93	-57	10880	54400	10880	71086779
9212	-505	-8870	4630	-7382	5333	16111	-92	-58	10881	54405	10881	71086780
9169	62	-9786	4167	-7959	5202	16112	-91	-56	10882	54410	10882	71086780
9090	769	-10503	4054	-8262	5060	16113	-91	-55	10883	54415	10883	71086780
8926	1684	-11029	3993	-8474	4876	16114	-95	-57	10884	54420	10884	71086780
8625	2796	-11414	3936	-8588	4656	16115	-97	-59	10885	54425	10885	71086797
8104	3916	-11990	3854	-8581	4416	16116	-91	-62	10886	54430	10886	71086809
7517	4761	-12620	3667	-8366	4215	16117	-89	-63	10887	54435	10887	71086809
6933	5617	-12926	3423	-7913	4079	16118	-91	-65	10888	54440	10888	71086809
6477	6275	-13198	3047	-7374	4040	16119	-92	-66	10889	54445	10889	71086810
6005	6633	-13051	2528	-6947	4085	16120	-92	-64	10890	54450	10890	71086810
5428	6582	-12870	1932	-6619	4233	16121	-92	-64	10891	54455	10891	71086810
4876	6282	-12532	1380	-6403	4468	16122	-84	-67	10892	54460	10892	71086817
4160	5812	-12362	1070	-6362	4695	16123	-82	-68	10893	54465	10893	71086853
3392	5061	-12256	1120	-6390	4821	16124	-84	-70	10894	54470	10894	71086861
2890	3952	-12266	1425	-6214	4788	16125	-85	-71	10895	54475	10895	71086861
2758	2958	-12168	1591	-5870	4551	16126	-90	-66	10896	54480	10896	71086862
2726	2002	-12034	1612	-5592	4257	16127	-90	-66	10897	54485	10897	71086862
2848	1322	-12288	1784	-5444	3976	16128	-84	-66	10898	54490	10898	71086862
3100	572	-12840	2374	-5479	3792	16129	-84	-66	10899	54495	10899	71086888
3396	-136	-14262	3490	-5772	3704	16130	-82	-68	10900	54500	10900	71086898
3664	-458	-14819	5071	-5968	3644	16131	-82	-68	10901	54505	10901	71086898
3995	-645	-14410	7554	-5800	3583	16132	-87	-71	10902	54510	10902	71086898
4744	-1170	-12478	11010	-5331	3491	16133	-88	-72	10903	54515	10903	71086899
5450	-1370	-10490	13281	-5114	3385	16134	-87	-65	10904	54520	10904	71086899
6178	-1638	-9552	14212	-5490	3235	16135	-87	-65	10905	54525	10905	71086899
6654	-1340	-9868	13653	-6407	2996	16136	-83	-73	10906	54530	10906	71086899
7202	-568	-10978	12207	-7452	2760	16137	-83	-73	10907	54535	10907	71086900
7582	376	-11790	10289	-8217	2554	16138	-79	-79	10908	54540	10908	71086914
8142	1078	-12060	8032	-8640	2417	16139	-79	-79	10909	54545	10909	71086935
8686	1356	-11782	5805	-8942	2371	16140	-78	-80	10910	54550	10910	71086935
9114	1212	-12016	4237	-9313	2346	16141	-78	-80	10911	54555	10911	71086935
9124	658	-12643	3934	-9782	2330	16142	-81	-79	10912	54560	10912	71086935
8854	132	-13799	4464	-10029	2307	16143	-80	-79	10913	54565	10913	71086935
8531	-430	-15387	5046	-10061	2264	16144	-74	-80	10914	54570	10914	71086935
8165	-659	-16960	5235	-9933	2228	16145	-75	-81	10915	54575	10915	71086935
7699	-434	-18021	5034	-9810	2229	16146	-77	-85	10916	54580	10916	71086944
7144	209	-18636	4576	-9781	2331	16147	-77	-84	10917	54585	10917	71086979
6599	1093	-19023	4025	-9652	2541	16148	-78	-82	10918	54590	10918	71086979
6062	1970	-19328	3467	-9389	2743	16149	-78	-82	10919	54595	10919	71086980
5487	3248	-19416	2628	-8808	3092	16150	-80	-92	10920	54600	10920	71086980
4968	4201	-19329	2279	-8383	3405	16151	-80	-91	10921	54605	10921	71086980
4414	4883	-19347	2584	-8134	3749	16152	-79	-87	10922	54610	10922	71086980
3780	5124	-19530	3612	-7969	4103	16153	-79	-87	10923	54615	10923	71086981
3206	5007	-19729	5193	-7750	4454	16154	-77	-85	10924	54620	10924	71086989
2786	4632	-20016	7059	-7526	4788	16155	-77	-86	10925	54625	10925	71087011
2531	4063	-20191	9001	-7371	5137	16156	-78	-88	10926	54630	10926	71087011
2214	3366	-20145	10823	-7263	5471	16157	-77	-89	10927	54635	10927	71087011
1765	2547	-19871	12531	-7141	5756	16158	-72	-92	10928	54640	10928	71087011
1504	1629	-19342	14206	-6983	5893	16159	-72	-94	10929	54645	10929	71087011
1311	738	-18848	15603	-6818	5850	16160	-71	-97	10930	54650	10930	71087011
1118	-285	-18452	16843	-6624	5671	16161	-71	-97	10931	54655	10931	71087019
1022	-1368	-18221	17670	-6417	5406	16162	-72	-96	10932	54660	10932	71087038
1093	-2437	-18182	17907	-6217	5096	16163	-71	-95	10933	54665	10933	71087049
1354	-3432	-18388	17632	-6083	4767	16164	-70	-94	10934	54670	10934	71087049
1524	-4294	-18604	17054	-5968	4470	16165	-66	-94	10935	54675	10935	71087049
1677	-5318	-18641	16339	-5877	4204	16166	-61	-95	10936	54680	10936	71087049
1968	-6354	-18593	15526	-5839	3939	16167	-62	-94	10937	54685	10937	71087049
2247	-7329	-18377	14616	-5846	3692	16168	-63	-93	10938	54690	10938	71087049
2499	-8156	-17920	13641	-5884	3449	16169	-63	-95	10939	54695	10939	71087057
2733	-8801	-17570	12576	-5927	3219	16170	-63	-99	10940	54700	10940	71087074
3050	-9386	-17313	11404	-6003	3022	16171	-62	-100	10941	54705	10941	71087081
3343	-10044	-16980	10145	-6091	2846	16172	-61	-101	10942	54710	10942	71087082
3663	-10741	-16842	8772	-6118	2679	16173	-63	-100	10943	54715	10943	71087082
4053	-11502	-16849	7004	-5968	2475	16175	-67	-99	10944	54720	10944	71087082
4454	-12077	-16624	4854	-5686	2269	16176	-66	-98	10945	54725	10945	71087083
4820	-12263	-16376	2650	-5411	2092	16177	-66	-98	10946	54730	10946	71087087
4986	-12026	-15994	403	-5171	1923	16178	-67	-101	10947	54735	10947	71087108
4981	-11406	-15368	-1656	-4981	1754	16179	-67	-103	10948	54740	10948	71087121
4938	-10468	-14658	-3300	-4853	1591	16180	-65	-102	10949	54745	10949	71087121
4831	-9370	-14074	-4372	-4783	1414	16181	-64	-102	10950	54750	10950	71087122
4651	-8156	-13540	-4888	-4747	1218	16182	-61	-103	10951	54755	10951	71087122
4484	-6919	-12982	-4909	-4757	991	16183	-59	-103	10952	54760	10952	71087126
4263	-5663	-12492	-4452	-4834	701	16184	-58	-105	10953	54765	10953	71087159
3987	-4819	-12543	-3897	-4899	440	16185	-58	-106	10954	54770	10954	71087170
3806	-4131	-12697	-3329	-4886	148	16186	-56	-106	10955	54775	10955	71087170
3712	-3552	-12945	-2851	-4818	-194	16187	-54	-106	10956	54780	10956	71087170
3664	-3157	-13229	-2546	-4782	-554	16188	-55	-106	10957	54785	10957	71087171
3641	-3038	-13319	-2351	-4872	-923	16189	-56	-106	10958	54790	10958	71087171
3681	-3147	-13389	-2153	-5163	-1265	16190	-58	-107	10959	54795	10959	71087172
3730	-3418	-13461	-1934	-5662	-1588	16191	-60	-108	10960	54800	10960	71087172
3929	-3957	-13477	-1703	-6360	-1960	16192	-59	-107	10961	54805	10961	71087195
3925	-4622	-13284	-1576	-6993	-2321	16193	-59	-107	10962	54810	10962	71087203
3942	-4882	-13154	-1687	-7586	-2681	16194	-56	-110	10963	54815	10963	71087204
4108	-4965	-12953	-1828	-8184	-3127	16195	-55	-111	10964	54820	10964	71087204
4332	-5306	-12953	-1762	-8741	-3544	16196	-60	-109	10965	54825	10965	71087204
4613	-5908	-12983	-1651	-9300	-3880	16197	-61	-109	10966	54830	10966	71087204
5005	-6355	-12862	-1642	-9858	-4294	16198	-53	-106	10967	54835	10967	71087204
5261	-6767	-12662	-1657	-10381	-4724	16199	-51	-105	10968	54840	10968	71087232
5542	-6988	-12266	-1570	-10953	-5052	16200	-53	-113	10969	54845	10969	71087286
6130	-6898	-11944	-1374	-11777	-5362	16201	-53	-115	10970	54850	10970	71087298
4780	-6990	-11690	-960	-12680	-5882	16202	-54	-112	10971	54855	10971	71087298
4872	-7512	-11933	-568	-13404	-5600	16203	-54	-112	10972	54860	10972	71087299
6468	-7723	-11884	-325	-13998	-5651	16204	-48	-110	10973	54865	10973	71087299
5203	-7086	-11908	32	-14388	-6662	16205	-46	-110	10974	54870	10974	71087299
3628	-7098	-12162	275	-14930	-7003	16206	-43	-113	10975	54875	10975	71087299
2101	-7214	-12792	187	-15194	-6717	16207	-42	-114	10976	54880	10976	71087300
2306	-6650	-13104	-595	-14896	-6104	16208	-45	-120	10977	54885	10977	71087300
-260	-5152	-14040	-1798	-14180	-6430	16209	-46	-122	10978	54890	10978	71087326
-1160	-3638	-14808	-3047	-13065	-6012	16210	-41	-117	10979	54895	10979	71087336
-2810	-1650	-15976	-4547	-11678	-5150	16211	-41	-117	10980	54900	10980	71087337
-4868	-678	-16690	-6062	-10516	-2918	16212	-45	-127	10981	54905	10981	71087337
-7576	1510	-18136	-7329	-10390	-2725	16213	-45	-127	10982	54910	10982	71087337
-7426	3044	-19756	-8367	-9706	-2262	16214	-37	-127	10983	54915	10983	71087338
-6572	5076	-20592	-9305	-7444	-1009	16215	-37	-127	10984	54920	10984	71087338
-5880	6934	-21520	-9790	-5335	-297	16216	-33	-123	10985	54925	10985	71087339
-6738	9210	-22418	-9622	-3701	46	16217	-33	-123	10986	54930	10986	71087339
-6436	10653	-23592	-9245	-2095	1358	16218	-34	-128	10987	54935	10987	71087340
-6235	12044	-24660	-8775	-796	1631	16219	-34	-129	10988	54940	10988	71087341
-5502	12837	-25637	-8078	686	1630	16220	-33	-131	10989	54945	10989	71087341
-4942	13354	-26154	-7505	2117	1694	16221	-33	-131	10990	54950	10990	71087342
-4270	13522	-26642	-6636	3503	1647	16222	-32	-130	10991	54955	10991	71087345
-3540	13342	-26550	-5424	4478	1533	16223	-32	-130	10992	54960	10992	71087345
-3002	12522	-25864	-3819	5075	1431	16224	-29	-127	10993	54965	10993	71087345
-2462	11462	-24810	-2047	5457	1349	16225	-29	-127	10994	54970	10994	71087345
-1752	10039	-23297	-90	5955	1257	16226	-37	-127	10995	54975	10995	71087345
-1015	8565	-21704	1427	6321	1228	16227	-37	-126	10996	54980	10996	71087351
-260	6865	-19764	2830	6388	1229	16228	-36	-122	10997	54985	10997	71087375
364	4872	-17713	4176	5969	1220	16229	-37	-123	10998	54990	10998	71087375
737	2860	-15828	5431	5074	1200	16230	-41	-125	10999	54995	10999	71087375
882	743	-14456	6480	3968	1132	16231	-41	-124	11000	55000	11000	71087375
942	-1394	-13694	7104	2928	992	16232	-40	-118	11001	55005	11001	71087375
