-17218	-892	-2280	3933	-547	2039	-58	135	-20	2344	11720	2344	69238682
-17264	-816	-2337	4050	-621	2024	-58	136	-20	2345	11725	2345	69238682
-17378	-750	-2351	4179	-694	1998	-60	137	-21	2346	11730	2346	69238688
-17351	-607	-2451	4336	-772	1972	-61	137	-21	2347	11735	2347	69238720
-17413	-504	-2524	4508	-855	1955	-59	137	-18	2348	11740	2348	69238729
-17410	-428	-2592	4689	-924	1953	-59	137	-17	2349	11745	2349	69238729
-17414	-395	-2688	4884	-986	1963	-57	136	-16	2350	11750	2350	69238729
-17372	-284	-2810	5122	-1058	1989	-56	136	-16	2351	11755	2351	69238729
-17332	-248	-2818	5293	-1123	2008	-56	136	-14	2352	11760	2352	69238730
-17322	-156	-2966	5461	-1167	2047	-56	136	-14	2353	11765	2353	69238730
-17252	-72	-3154	5615	-1196	2096	-58	138	-24	2354	11770	2354	69238756
-17222	-40	-3274	5732	-1245	2131	-58	138	-24	2355	11775	2355	69238764
-17178	24	-3466	5812	-1289	2172	-59	129	-21	2356	11780	2356	69238764
-17116	128	-3536	5885	-1329	2215	-59	129	-21	2357	11785	2357	69238764
-17098	162	-3734	5940	-1369	2261	-56	140	-18	2358	11790	2358	69238765
-17020	214	-3766	5960	-1404	2291	-56	140	-18	2359	11795	2359	69238765
-16910	269	-4014	5935	-1451	2338	-57	139	-21	2360	11800	2360	69238765
-16880	344	-4006	5881	-1499	2362	-58	138	-19	2361	11805	2361	69238765
-16803	384	-4194	5795	-1523	2382	-62	132	-12	2362	11810	2362	69238765
-16763	460	-4300	5691	-1540	2395	-61	132	-13	2363	11815	2363	69238771
-16756	564	-4314	5576	-1546	2396	-58	134	-16	2364	11820	2364	69238797
-16684	670	-4313	5455	-1529	2388	-58	134	-18	2365	11825	2365	69238803
-16680	764	-4369	5352	-1503	2380	-60	136	-24	2366	11830	2366	69238803
-16672	899	-4394	5257	-1444	2372	-59	137	-24	2367	11835	2367	69238804
-16674	994	-4424	5174	-1347	2360	-57	139	-23	2368	11840	2368	69238804
-16634	1142	-4442	5100	-1227	2339	-57	138	-21	2369	11845	2369	69238804
-16570	1228	-4397	5074	-1081	2301	-58	136	-14	2370	11850	2370	69238807
-16591	1398	-4413	5092	-926	2264	-59	135	-15	2371	11855	2371	69238819
-16576	1523	-4399	5122	-758	2240	-61	129	-19	2372	11860	2372	69238841
-16519	1633	-4396	5190	-584	2206	-60	131	-19	2373	11865	2373	69238841
-16486	1785	-4295	5306	-409	2164	-58	138	-18	2374	11870	2374	69238841
-16483	1898	-4224	5478	-215	2138	-58	136	-19	2375	11875	2375	69238842
-16450	2068	-4112	5734	1	2101	-59	131	-23	2376	11880	2376	69238842
-16456	2039	-4012	6022	193	2068	-60	131	-22	2377	11885	2377	69238842
-16435	2093	-3942	6353	402	2038	-62	132	-20	2378	11890	2378	69238846
-16430	2143	-3910	6718	620	2011	-62	133	-18	2379	11895	2379	69238861
-16464	2068	-3761	7105	836	1986	-62	134	-16	2380	11900	2380	69238877
-16470	2006	-3624	7509	1049	1957	-61	136	-17	2381	11905	2381	69238877
-16415	1905	-3503	7914	1261	1922	-59	139	-19	2382	11910	2382	69238878
-16342	1775	-3450	8311	1450	1880	-63	134	-19	2383	11915	2383	69238878
-16287	1611	-3404	8735	1630	1825	-68	126	-18	2384	11920	2384	69238878
-16255	1507	-3286	9165	1793	1776	-64	133	-19	2385	11925	2385	69238879
-16174	1360	-3203	9540	1932	1733	-61	137	-19	2386	11930	2386	69238900
-16086	1217	-3202	9871	2048	1684	-60	136	-18	2387	11935	2387	69238914
-15973	1068	-3173	10178	2155	1640	-60	136	-18	2388	11940	2388	69238914
-15905	946	-3116	10444	2236	1594	-59	132	-25	2389	11945	2389	69238914
-15801	754	-3078	10665	2288	1551	-58	130	-30	2390	11950	2390	69238914
-15640	595	-3096	10850	2322	1509	-62	135	-25	2391	11955	2391	69238914
-15551	456	-3123	10998	2331	1453	-65	139	-21	2392	11960	2392	69238914
-15434	340	-3114	11121	2314	1386	-61	141	-23	2393	11965	2393	69238927
-15290	204	-3126	11198	2282	1330	-60	142	-24	2394	11970	2394	69238955
-15192	51	-3218	11238	2225	1263	-63	136	-26	2395	11975	2395	69238962
-15076	-38	-3189	11274	2170	1190	-64	134	-26	2396	11980	2396	69238962
-15038	-164	-3242	11282	2095	1101	-58	134	-26	2397	11985	2397	69238962
-14879	-189	-3215	11266	2020	1007	-56	134	-26	2398	11990	2398	69238962
-14802	-268	-3218	11259	1948	917	-57	135	-30	2399	11995	2399	69238962
-14765	-352	-3222	11254	1866	813	-57	135	-31	2400	12000	2400	69238962
-14658	-442	-3210	11226	1735	685	-60	136	-22	2401	12005	2401	69238993
-14606	-482	-3231	11221	1628	562	-57	138	-26	2402	12010	2402	69239003
-14554	-522	-3252	11215	1521	439	-53	139	-29	2403	12015	2403	69239013
-14596	-556	-3184	11222	1416	311	-53	139	-29	2404	12020	2404	69239013
-14686	-620	-3140	11242	1314	186	-53	131	-25	2405	12025	2405	69239013
-14674	-718	-3140	11252	1210	73	-53	131	-25	2406	12030	2406	69239014
-14723	-800	-3148	11283	1100	-56	-57	136	-24	2407	12035	2407	69239014
-14772	-882	-3156	11314	989	-185	-60	140	-22	2408	12040	2408	69239014
-14830	-988	-3148	11363	885	-305	-53	135	-35	2409	12045	2409	69239014
-14868	-1105	-3136	11394	753	-446	-54	135	-34	2410	12050	2410	69239039
-14918	-1166	-3186	11426	650	-585	-56	136	-32	2411	12055	2411	69239060
-15027	-1224	-3269	11429	542	-713	-55	136	-32	2412	12060	2412	69239060
-15073	-1345	-3312	11410	426	-850	-50	138	-30	2413	12065	2413	69239061
-15209	-1413	-3307	11383	307	-984	-49	138	-30	2414	12070	2414	69239062
-15370	-1424	-3326	11355	182	-1104	-46	136	-32	2415	12075	2415	69239062
-15490	-1501	-3342	11324	52	-1220	-47	137	-32	2416	12080	2416	69239063
-15676	-1585	-3402	11270	-78	-1335	-50	140	-30	2417	12085	2417	69239066
-15883	-1620	-3421	11205	-194	-1447	-49	140	-32	2418	12090	2418	69239070
-15986	-1686	-3393	11163	-270	-1533	-47	139	-35	2419	12095	2419	69239070
-16152	-1682	-3391	11132	-339	-1626	-47	137	-34	2420	12100	2420	69239080
-16292	-1710	-3449	11094	-397	-1723	-47	135	-33	2421	12105	2421	69239095
-16428	-1727	-3455	11055	-446	-1810	-47	135	-32	2422	12110	2422	69239095
-16472	-1758	-3474	11022	-501	-1895	-46	136	-30	2423	12115	2423	69239095
-16493	-1740	-3495	10976	-559	-1971	-48	139	-31	2424	12120	2424	69239095
-16553	-1754	-3501	10932	-612	-2033	-50	144	-32	2425	12125	2425	69239096
-16554	-1760	-3439	10868	-674	-2085	-49	140	-35	2426	12130	2426	69239096
-16530	-1724	-3436	10793	-754	-2129	-47	135	-37	2427	12135	2427	69239096
-16563	-1739	-3415	10725	-829	-2162	-42	137	-35	2428	12140	2428	69239101
-16620	-1728	-3372	10655	-889	-2194	-39	139	-33	2429	12145	2429	69239125
-16621	-1621	-3356	10578	-939	-2206	-43	141	-34	2430	12150	2430	69239139
-16571	-1565	-3351	10498	-975	-2201	-45	143	-35	2431	12155	2431	69239139
-16565	-1548	-3381	10428	-1000	-2194	-43	138	-36	2432	12160	2432	69239139
-16572	-1479	-3398	10362	-1013	-2183	-41	135	-37	2433	12165	2433	69239139
-16498	-1409	-3395	10270	-1036	-2153	-39	139	-35	2434	12170	2434	69239139
-16468	-1352	-3448	10185	-1041	-2126	-38	140	-34	2435	12175	2435	69239140
-16533	-1238	-3476	10135	-1036	-2105	-38	140	-36	2436	12180	2436	69239140
-16531	-1135	-3486	10080	-1026	-2077	-38	140	-36	2437	12185	2437	69239146
-16536	-1071	-3434	10057	-993	-2061	-36	139	-32	2438	12190	2438	69239169
-16530	-913	-3409	10028	-943	-2043	-35	139	-31	2439	12195	2439	69239176
-16523	-842	-3473	10026	-882	-2019	-41	143	-32	2440	12200	2440	69239176
-16608	-783	-3434	10032	-813	-1988	-42	144	-32	2441	12205	2441	69239176
-16534	-693	-3398	10034	-752	-1964	-35	137	-31	2442	12210	2442	69239177
-16504	-576	-3414	10039	-685	-1948	-33	135	-31	2443	12215	2443	69239177
-16516	-378	-3348	10066	-648	-1915	-32	140	-36	2444	12220	2444	69239177
-16610	-292	-3394	10100	-610	-1874	-32	140	-36	2445	12225	2445	69239189
-16572	-282	-3262	10146	-568	-1848	-39	133	-37	2446	12230	2446	69239213
-16562	-106	-3252	10219	-540	-1812	-39	133	-37	2447	12235	2447	69239213
-16528	-126	-3142	10301	-503	-1795	-30	144	-40	2448	12240	2448	69239213
-16586	0	-3072	10403	-471	-1780	-30	144	-40	2449	12245	2449	69239213
-16650	96	-3146	10542	-430	-1754	-34	144	-32	2450	12250	2450	69239213
-16732	72	-3062	10767	-369	-1726	-32	144	-32	2451	12255	2451	69239213
-16757	154	-3034	10987	-287	-1681	-25	143	-31	2452	12260	2452	69239215
-16786	173	-3037	11227	-212	-1639	-26	143	-32	2453	12265	2453	69239233
-16798	187	-2980	11508	-128	-1597	-29	143	-37	2454	12270	2454	69239273
-16864	155	-2944	11809	-54	-1530	-30	143	-35	2455	12275	2455	69239277
-16931	100	-2866	12112	24	-1462	-33	141	-29	2456	12280	2456	69239278
-16940	38	-2838	12434	98	-1372	-32	140	-28	2457	12285	2457	69239278
-16952	-62	-2778	12734	173	-1276	-26	138	-26	2458	12290	2458	69239278
-16957	-156	-2719	13044	237	-1168	-25	139	-28	2459	12295	2459	69239278
-16999	-307	-2703	13351	293	-1042	-23	141	-35	2460	12300	2460	69239291
-16984	-472	-2714	13593	335	-920	-25	142	-33	2461	12305	2461	69239308
-16988	-596	-2724	13806	382	-793	-29	143	-29	2462	12310	2462	69239308
-16987	-761	-2720	14005	426	-657	-27	143	-31	2463	12315	2463	69239309
-16990	-964	-2650	14175	459	-522	-23	143	-33	2464	12320	2464	69239309
-16986	-1174	-2689	14312	483	-392	-23	143	-31	2465	12325	2465	69239309
-16995	-1374	-2762	14429	508	-259	-22	142	-28	2466	12330	2466	69239309
-17037	-1538	-2851	14519	531	-126	-22	143	-28	2467	12335	2467	69239309
-17010	-1714	-2914	14592	545	-1	-22	144	-28	2468	12340	2468	69239309
-17042	-1918	-2931	14642	565	109	-19	142	-33	2469	12345	2469	69239309
-17034	-2092	-2930	14661	603	214	-17	141	-37	2470	12350	2470	69239309
-17100	-2291	-2859	14665	646	308	-17	142	-37	2471	12355	2471	69239309
-17203	-2516	-2815	14667	687	385	-17	143	-37	2472	12360	2472	69239319
-17337	-2727	-2770	14660	729	467	-19	146	-36	2473	12365	2473	69239337
-17514	-2933	-2640	14651	786	564	-20	148	-36	2474	12370	2474	69239345
-17650	-3138	-2502	14638	858	658	-19	147	-35	2475	12375	2475	69239345
-17787	-3355	-2328	14593	965	769	-18	146	-34	2476	12380	2476	69239346
-17927	-3643	-2163	14503	1076	892	-17	144	-33	2477	12385	2477	69239346
-18018	-3851	-2006	14365	1184	1030	-17	143	-33	2478	12390	2478	69239346
-17959	-4000	-1888	14197	1288	1163	-15	144	-32	2479	12395	2479	69239353
-17750	-4193	-1775	14005	1393	1300	-14	144	-32	2480	12400	2480	69239377
-17654	-4260	-1702	13778	1491	1437	-14	146	-35	2481	12405	2481	69239383
-17428	-4234	-1757	13555	1571	1570	-14	146	-36	2482	12410	2482	69239384
-17148	-4159	-1728	13312	1618	1706	-13	142	-37	2483	12415	2483	69239384
-16834	-4018	-1822	13011	1659	1877	-13	141	-37	2484	12420	2484	69239384
-16572	-3916	-1812	12789	1672	2031	-16	146	-36	2485	12425	2485	69239385
-16332	-3846	-1786	12557	1683	2161	-16	146	-36	2486	12430	2486	69239385
-16046	-3780	-1906	12347	1690	2299	-14	142	-32	2487	12435	2487	69239394
-15822	-3716	-1856	12156	1688	2415	-14	142	-32	2488	12440	2488	69239420
-15610	-3564	-1908	11991	1687	2525	-17	145	-35	2489	12445	2489	69239420
-15468	-3522	-1992	11838	1698	2605	-17	145	-35	2490	12450	2490	69239420
-15322	-3496	-2062	11686	1695	2680	-9	145	-35	2491	12455	2491	69239420
-15162	-3472	-2016	11574	1710	2724	-9	145	-35	2492	12460	2492	69239421
-15087	-3472	-1987	11473	1721	2753	-14	150	-38	2493	12465	2493	69239421
-14989	-3454	-1938	11401	1729	2753	-13	149	-38	2494	12470	2494	69239431
-14954	-3454	-1854	11346	1735	2734	-9	147	-37	2495	12475	2495	69239470
-15010	-3461	-1848	11283	1730	2698	-10	147	-37	2496	12480	2496	69239470
-15006	-3488	-1727	11240	1744	2656	-13	147	-39	2497	12485	2497	69239471
-15127	-3500	-1689	11205	1765	2611	-13	147	-40	2498	12490	2498	69239471
-15160	-3474	-1573	11185	1786	2576	-12	146	-42	2499	12495	2499	69239471
-15280	-3564	-1471	11158	1819	2534	-11	146	-39	2500	12500	2500	69239471
-15470	-3571	-1328	11145	1858	2491	-8	144	-30	2501	12505	2501	69239474
-15610	-3628	-1276	11137	1914	2453	-6	146	-31	2502	12510	2502	69239490
-15755	-3717	-1213	11133	1980	2425	-4	150	-32	2503	12515	2503	69239508
-15956	-3768	-1132	11141	2050	2392	-9	148	-32	2504	12520	2504	69239509
-16123	-3815	-1041	11159	2125	2357	-16	146	-32	2505	12525	2505	69239509
-16270	-3905	-938	11184	2207	2328	-13	144	-33	2506	12530	2506	69239509
-16420	-4033	-914	11200	2274	2301	-8	142	-34	2507	12535	2507	69239509
-16607	-4131	-956	11208	2328	2277	-7	143	-33	2508	12540	2508	69239510
-16731	-4238	-916	11202	2373	2247	-6	144	-32	2509	12545	2509	69239510
-16872	-4309	-952	11180	2383	2214	-9	147	-37	2510	12550	2510	69239511
-17001	-4384	-946	11137	2364	2207	-11	149	-41	2511	12555	2511	69239515
-17064	-4442	-964	11070	2327	2204	-8	150	-37	2512	12560	2512	69239534
-17119	-4506	-1042	10976	2271	2191	-6	150	-34	2513	12565	2513	69239545
-17134	-4581	-1116	10855	2193	2183	-8	151	-38	2514	12570	2514	69239545
-17192	-4601	-1174	10706	2103	2188	-10	152	-40	2515	12575	2515	69239545
-17149	-4620	-1234	10529	2002	2196	-10	148	-39	2516	12580	2516	69239546
-17096	-4618	-1304	10311	1887	2206	-10	146	-38	2517	12585	2517	69239546
-17070	-4565	-1337	10033	1748	2237	-12	148	-37	2518	12590	2518	69239546
-16953	-4498	-1349	9753	1624	2260	-12	148	-36	2519	12595	2519	69239559
-16836	-4425	-1405	9463	1503	2274	-10	146	-35	2520	12600	2520	69239579
-16704	-4348	-1464	9153	1388	2302	-9	145	-35	2521	12605	2521	69239583
-16630	-4258	-1521	8815	1255	2325	-11	143	-37	2522	12610	2522	69239584
-16512	-4157	-1585	8440	1125	2348	-12	142	-38	2523	12615	2523	69239584
-16403	-4040	-1518	8062	1002	2372	-8	149	-32	2524	12620	2524	69239584
-16273	-3965	-1559	7665	886	2393	-7	151	-31	2525	12625	2525	69239585
-16112	-3860	-1552	7172	765	2386	-1	153	-35	2526	12630	2526	69239585
-16096	-3682	-1612	6777	681	2375	-1	153	-35	2527	12635	2527	69239619
-16100	-3614	-1596	6372	632	2363	-11	149	-33	2528	12640	2528	69239619
-15988	-3384	-1552	5964	606	2327	-11	149	-33	2529	12645	2529	69239619
-16042	-3228	-1522	5556	594	2296	-12	158	-36	2530	12650	2530	69239619
-16130	-3108	-1404	5173	598	2236	-12	158	-36	2531	12655	2531	69239619
-16192	-2946	-1330	4812	638	2155	-14	150	-42	2532	12660	2532	69239619
-16374	-2820	-1246	4487	679	2058	-14	150	-42	2533	12665	2533	69239619
-16454	-2678	-1144	4176	731	1945	-11	155	-33	2534	12670	2534	69239637
-16730	-2569	-1126	3859	790	1810	-9	154	-35	2535	12675	2535	69239668
-16914	-2420	-976	3626	855	1699	-3	149	-41	2536	12680	2536	69239668
-17167	-2274	-833	3402	914	1578	-4	148	-41	2537	12685	2537	69239668
-17346	-2223	-742	3197	981	1461	-10	144	-42	2538	12690	2538	69239668
-17481	-2123	-608	3025	1065	1339	-10	144	-41	2539	12695	2539	69239668
-17688	-2023	-526	2893	1136	1198	-11	143	-35	2540	12700	2540	69239670
-17800	-1862	-416	2797	1193	1058	-11	145	-37	2541	12705	2541	69239683
-17946	-1699	-391	2754	1244	898	-9	153	-43	2542	12710	2542	69239706
-18070	-1571	-301	2751	1278	716	-7	151	-41	2543	12715	2543	69239706
-18177	-1397	-302	2782	1294	572	-3	149	-37	2544	12720	2544	69239707
-18214	-1224	-228	2845	1303	443	-3	150	-40	2545	12725	2545	69239707
-18270	-1055	-223	2957	1304	326	-2	152	-44	2546	12730	2546	69239708
-18283	-886	-252	3121	1302	211	-5	152	-42	2547	12735	2547	69239708
-18283	-725	-227	3322	1293	96	-9	153	-39	2548	12740	2548	69239711
-18241	-513	-205	3559	1279	-1	-9	153	-39	2549	12745	2549	69239748
-18166	-284	-276	3842	1260	-93	-10	152	-40	2550	12750	2550	69239798
-18077	-165	-289	4202	1228	-184	-10	149	-39	2551	12755	2551	69239798
-18012	-62	-332	4575	1191	-268	-9	145	-37	2552	12760	2552	69239798
-17960	78	-337	4926	1145	-341	-8	147	-35	2553	12765	2553	69239798
-17895	174	-353	5293	1105	-410	-8	148	-34	2554	12770	2554	69239798
-17797	256	-459	5678	1077	-473	-4	150	-42	2555	12775	2555	69239798
-17699	278	-509	6076	1060	-528	-1	151	-47	2556	12780	2556	69239799
-17574	280	-554	6464	1052	-573	-1	151	-47	2557	12785	2557	69239799
-17431	217	-618	6832	1046	-609	-1	151	-47	2558	12790	2558	69239799
-17313	157	-666	7225	1040	-652	-6	147	-42	2559	12795	2559	69239826
-17175	75	-728	7542	1028	-685	-8	146	-40	2560	12800	2560	69239835
-17111	-101	-721	7820	1018	-713	-7	155	-44	2561	12805	2561	69239835
-16932	-246	-762	8045	1010	-741	-7	157	-45	2562	12810	2562	69239835
-16808	-440	-838	8225	1019	-749	-2	157	-43	2563	12815	2563	69239835
-16716	-570	-854	8350	1024	-766	-1	157	-43	2564	12820	2564	69239836
-16492	-734	-934	8427	1028	-788	-6	151	-37	2565	12825	2565	69239836
-16381	-911	-895	8462	1019	-825	-7	149	-35	2566	12830	2566	69239854
-16268	-1064	-874	8461	987	-839	0	148	-41	2567	12835	2567	69239892
-16306	-1212	-906	8408	949	-840	2	148	-42	2568	12840	2568	69239902
-16120	-1198	-956	8345	920	-828	1	149	-41	2569	12845	2569	69239902
-16088	-1376	-1008	8261	900	-801	1	149	-41	2570	12850	2570	69239902
-16108	-1518	-860	8152	881	-783	7	147	-39	2571	12855	2571	69239903
-16094	-1596	-930	8062	851	-763	7	147	-39	2572	12860	2572	69239903
-16090	-1762	-1020	7959	825	-759	-3	149	-41	2573	12865	2573	69239903
-16072	-1772	-1032	7862	779	-768	-3	149	-41	2574	12870	2574	69239904
-16090	-1890	-952	7760	742	-759	3	151	-39	2575	12875	2575	69239904
-16132	-2019	-1068	7646	711	-758	2	151	-40	2576	12880	2576	69239905
-16186	-2153	-1086	7523	671	-748	0	152	-44	2577	12885	2577	69239905
-16267	-2184	-1102	7397	619	-732	2	152	-43	2578	12890	2578	69239909
-16278	-2260	-1098	7269	560	-695	10	150	-38	2579	12895	2579	69239921
-16277	-2320	-1052	7160	504	-656	7	149	-40	2580	12900	2580	69239922
-16303	-2481	-1073	7057	436	-616	-3	145	-49	2581	12905	2581	69239922
-16275	-2547	-1098	6934	366	-582	-3	145	-48	2582	12910	2582	69239923
-16231	-2670	-1032	6810	289	-535	-1	145	-43	2583	12915	2583	69239923
-16285	-2729	-1111	6683	223	-485	-1	146	-43	2584	12920	2584	69239924
-16245	-2848	-1164	6549	147	-437	0	148	-44	2585	12925	2585	69239927
-16196	-2868	-1108	6401	76	-399	1	149	-44	2586	12930	2586	69239940
-16208	-2930	-1154	6236	-7	-360	3	151	-43	2587	12935	2587	69239940
-16170	-3012	-1165	6081	-72	-323	4	150	-42	2588	12940	2588	69239940
-16101	-3021	-1167	5909	-133	-290	8	148	-38	2589	12945	2589	69239941
-16149	-3050	-1246	5725	-208	-258	8	149	-37	2590	12950	2590	69239941
-16124	-3053	-1301	5563	-287	-237	8	154	-34	2591	12955	2591	69239941
-16102	-3055	-1245	5400	-375	-218	7	153	-37	2592	12960	2592	69239941
-16084	-3059	-1266	5248	-461	-198	2	148	-44	2593	12965	2593	69239941
-16069	-3122	-1282	5113	-542	-185	3	150	-42	2594	12970	2594	69239941
-16075	-3176	-1301	4972	-613	-188	4	152	-40	2595	12975	2595	69239941
-16052	-3162	-1327	4853	-667	-192	4	151	-38	2596	12980	2596	69239941
-16047	-3154	-1338	4740	-723	-191	4	150	-36	2597	12985	2597	69239945
-16073	-3188	-1356	4640	-781	-200	4	150	-36	2598	12990	2598	69239971
-16106	-3236	-1313	4561	-843	-213	5	151	-37	2599	12995	2599	69240000
-16118	-3255	-1258	4480	-908	-231	6	151	-37	2600	13000	2600	69240001
-16096	-3314	-1281	4373	-974	-252	7	151	-37	2601	13005	2601	69240002
-16099	-3386	-1287	4270	-1036	-263	9	152	-39	2602	13010	2602	69240002
-16030	-3382	-1305	4172	-1081	-279	11	153	-41	2603	13015	2603	69240002
-15966	-3389	-1300	4072	-1128	-294	9	151	-39	2604	13020	2604	69240003
-15900	-3391	-1270	3974	-1180	-314	8	150	-38	2605	13025	2605	69240008
-15877	-3378	-1272	3874	-1237	-329	10	153	-41	2606	13030	2606	69240027
-15951	-3420	-1267	3769	-1295	-340	11	155	-43	2607	13035	2607	69240039
-15960	-3433	-1312	3675	-1342	-350	8	157	-39	2608	13040	2608	69240039
-15920	-3394	-1408	3562	-1390	-362	6	158	-36	2609	13045	2609	69240039
-15908	-3358	-1399	3471	-1436	-374	10	151	-37	2610	13050	2610	69240039
-15866	-3352	-1338	3405	-1474	-382	11	149	-37	2611	13055	2611	69240040
-15874	-3334	-1343	3331	-1495	-381	9	151	-35	2612	13060	2612	69240040
-15817	-3308	-1361	3266	-1523	-393	9	151	-35	2613	13065	2613	69240040
-15874	-3292	-1399	3223	-1540	-409	4	146	-35	2614	13070	2614	69240040
-15842	-3220	-1474	3181	-1547	-422	3	145	-35	2615	13075	2615	69240041
-15835	-3250	-1392	3155	-1547	-431	9	149	-36	2616	13080	2616	69240041
-15831	-3208	-1390	3133	-1540	-440	10	150	-36	2617	13085	2617	69240041
-15802	-3302	-1396	3094	-1538	-457	16	148	-30	2618	13090	2618	69240048
-15762	-3294	-1442	3079	-1542	-461	16	148	-30	2619	13095	2619	69240074
-15850	-3232	-1458	3051	-1526	-453	9	149	-35	2620	13100	2620	69240074
-15808	-3338	-1544	3029	-1500	-448	9	149	-35	2621	13105	2621	69240075
-15836	-3222	-1424	3017	-1489	-439	9	151	-33	2622	13110	2622	69240075
-15868	-3248	-1516	3005	-1478	-424	9	151	-33	2623	13115	2623	69240075
-15960	-3302	-1462	3011	-1460	-401	12	156	-36	2624	13120	2624	69240076
-16076	-3224	-1538	3003	-1439	-381	12	156	-36	2625	13125	2625	69240076
-16217	-3355	-1436	2996	-1379	-331	10	152	-36	2626	13130	2626	69240105
-16290	-3391	-1439	2974	-1329	-292	11	152	-35	2627	13135	2627	69240111
-16355	-3539	-1486	2945	-1273	-260	14	154	-32	2628	13140	2628	69240112
-16434	-3649	-1523	2915	-1227	-222	14	154	-31	2629	13145	2629	69240112
-16622	-3698	-1494	2888	-1196	-188	14	156	-28	2630	13150	2630	69240112
-16706	-3784	-1531	2834	-1160	-168	14	155	-28	2631	13155	2631	69240112
-16785	-3913	-1548	2769	-1151	-154	13	149	-29	2632	13160	2632	69240114
-16909	-3995	-1561	2692	-1148	-125	13	150	-30	2633	13165	2633	69240127
-17116	-4053	-1570	2606	-1170	-103	14	156	-32	2634	13170	2634	69240151
-17288	-4158	-1650	2481	-1201	-84	13	150	-30	2635	13175	2635	69240152
-17404	-4251	-1674	2357	-1247	-64	12	142	-26	2636	13180	2636	69240152
-17494	-4368	-1660	2206	-1309	-48	11	146	-28	2637	13185	2637	69240152
-17588	-4400	-1732	2030	-1385	-39	10	152	-32	2638	13190	2638	69240152
-17761	-4402	-1818	1840	-1478	-33	12	152	-31	2639	13195	2639	69240152
-17822	-4431	-1874	1632	-1590	-27	16	152	-30	2640	13200	2640	69240159
-17842	-4459	-1889	1410	-1714	-21	16	153	-29	2641	13205	2641	69240185
-17872	-4396	-2056	1171	-1857	-16	16	154	-28	2642	13210	2642	69240207
-17829	-4285	-2182	933	-2004	-4	15	154	-29	2643	13215	2643	69240208
-17798	-4197	-2280	712	-2155	18	14	154	-30	2644	13220	2644	69240208
-17712	-4055	-2392	482	-2306	42	12	155	-29	2645	13225	2645	69240208
-17596	-3881	-2480	269	-2464	71	11	155	-29	2646	13230	2646	69240209
-17470	-3781	-2577	63	-2641	108	11	151	-31	2647	13235	2647	69240214
-17337	-3628	-2736	-132	-2836	153	11	149	-33	2648	13240	2648	69240234
-17274	-3445	-2838	-312	-3015	204	9	150	-32	2649	13245	2649	69240245
-17141	-3274	-2940	-470	-3181	248	7	151	-31	2650	13250	2650	69240245
-16946	-3072	-3034	-641	-3369	309	12	158	-30	2651	13255	2651	69240246
-16892	-2930	-3172	-793	-3527	379	14	160	-30	2652	13260	2652	69240246
-16768	-2840	-3190	-920	-3668	447	15	153	-28	2653	13265	2653	69240246
-16688	-2773	-3216	-1039	-3774	511	15	151	-27	2654	13270	2654	69240246
-16610	-2658	-3245	-1139	-3859	578	14	150	-29	2655	13275	2655	69240247
-16528	-2490	-3338	-1244	-3927	646	14	150	-30	2656	13280	2656	69240247
-16450	-2449	-3339	-1366	-3962	717	12	150	-33	2657	13285	2657	69240248
-16364	-2406	-3328	-1488	-3963	778	12	150	-34	2658	13290	2658	69240248
-16346	-2326	-3340	-1626	-3925	857	11	153	-19	2659	13295	2659	69240288
-16244	-2304	-3306	-1765	-3859	909	11	153	-19	2660	13300	2660	69240289
-16206	-2214	-3190	-1898	-3754	988	15	159	-27	2661	13305	2661	69240289
-16156	-2184	-3088	-2040	-3633	1052	15	159	-27	2662	13310	2662	69240289
-16152	-2154	-2998	-2178	-3479	1117	19	151	-25	2663	13315	2663	69240291
-16180	-2110	-2924	-2319	-3316	1163	19	151	-25	2664	13320	2664	69240292
-16170	-2128	-2790	-2436	-3135	1199	8	150	-22	2665	13325	2665	69240292
-16216	-2148	-2754	-2531	-2950	1252	8	150	-22	2666	13330	2666	69240292
-16248	-2126	-2620	-2637	-2746	1296	13	157	-25	2667	13335	2667	69240293
-16276	-2087	-2459	-2748	-2500	1321	13	155	-25	2668	13340	2668	69240319
-16270	-2098	-2362	-2839	-2300	1343	11	149	-23	2669	13345	2669	69240319
-16346	-2075	-2276	-2909	-2117	1361	12	149	-23	2670	13350	2670	69240319
-16382	-2015	-2261	-2959	-1937	1358	15	151	-21	2671	13355	2671	69240319
-16436	-2062	-2174	-2998	-1771	1344	13	152	-22	2672	13360	2672	69240319
-16503	-2087	-2016	-3004	-1615	1322	6	158	-24	2673	13365	2673	69240319
-16602	-2003	-1943	-2995	-1465	1296	8	158	-24	2674	13370	2674	69240326
-16654	-2044	-1874	-2955	-1317	1236	15	157	-25	2675	13375	2675	69240356
-16675	-2016	-1859	-2902	-1161	1164	11	157	-24	2676	13380	2676	69240356
-16706	-1982	-1744	-2834	-1033	1107	6	158	-22	2677	13385	2677	69240356
-16712	-2025	-1638	-2756	-925	1034	6	155	-24	2678	13390	2678	69240357
-16720	-2001	-1620	-2706	-840	953	7	151	-27	2679	13395	2679	69240357
-16673	-1943	-1606	-2641	-787	883	8	151	-27	2680	13400	2680	69240357
-16660	-1904	-1623	-2547	-746	791	10	152	-28	2681	13405	2681	69240361
-16638	-1816	-1574	-2462	-709	678	9	154	-26	2682	13410	2682	69240381
-16627	-1728	-1486	-2313	-667	540	8	158	-24	2683	13415	2683	69240402
-16659	-1700	-1563	-2097	-623	399	8	155	-21	2684	13420	2684	69240403
-16482	-1731	-1647	-1929	-598	315	8	152	-18	2685	13425	2685	69240404
-16402	-1701	-1679	-1785	-600	197	9	153	-24	2686	13430	2686	69240404
-16394	-1643	-1658	-1599	-601	46	10	154	-28	2687	13435	2687	69240408
-16402	-1589	-1698	-1384	-599	-84	9	153	-28	2688	13440	2688	69240411
-16354	-1574	-1718	-1192	-588	-190	8	152	-28	2689	13445	2689	69240411
-16296	-1560	-1716	-1008	-582	-308	2	151	-23	2690	13450	2690	69240423
-16263	-1598	-1758	-820	-578	-433	-2	150	-20	2691	13455	2691	69240431
-16262	-1627	-1784	-651	-571	-551	3	155	-21	2692	13460	2692	69240432
-16263	-1681	-1828	-466	-551	-671	6	158	-22	2693	13465	2693	69240432
-16254	-1700	-1839	-311	-524	-763	4	152	-19	2694	13470	2694	69240432
-16230	-1815	-1859	-176	-474	-826	4	150	-18	2695	13475	2695	69240432
-16222	-1815	-1816	-31	-414	-912	9	155	-23	2696	13480	2696	69240432
-16222	-1883	-1906	85	-351	-984	10	156	-24	2697	13485	2697	69240462
-16232	-1932	-1972	169	-292	-1038	2	156	-24	2698	13490	2698	69240470
-16180	-1953	-2030	229	-234	-1078	0	156	-24	2699	13495	2699	69240470
-16203	-2060	-2072	259	-180	-1122	4	152	-31	2700	13500	2700	69240470
-16264	-2114	-2128	246	-114	-1169	5	151	-33	2701	13505	2701	69240471
-16196	-2176	-2096	217	-63	-1195	8	156	-22	2702	13510	2702	69240471
-16256	-2218	-2192	164	-14	-1208	8	156	-22	2703	13515	2703	69240471
-16324	-2312	-2118	100	17	-1234	12	156	-26	2704	13520	2704	69240480
-16278	-2322	-2182	28	36	-1245	12	156	-26	2705	13525	2705	69240508
-16448	-2314	-2194	-44	77	-1251	10	158	-30	2706	13530	2706	69240508
-16418	-2348	-2246	-112	105	-1246	10	158	-30	2707	13535	2707	69240508
-16504	-2402	-2264	-144	138	-1242	11	155	-25	2708	13540	2708	69240508
-16522	-2320	-2346	-202	185	-1220	11	155	-25	2709	13545	2709	69240508
-16613	-2393	-2352	-292	231	-1194	11	151	-29	2710	13550	2710	69240508
-16600	-2454	-2324	-382	265	-1185	12	151	-28	2711	13555	2711	69240512
-16663	-2422	-2366	-478	302	-1186	14	150	-26	2712	13560	2712	69240531
-16657	-2436	-2343	-568	331	-1180	14	151	-26	2713	13565	2713	69240545
-16701	-2472	-2384	-663	359	-1176	16	154	-24	2714	13570	2714	69240545
-16749	-2389	-2389	-771	386	-1185	16	153	-23	2715	13575	2715	69240545
-16698	-2393	-2312	-859	417	-1189	15	149	-19	2716	13580	2716	69240545
-16690	-2375	-2323	-964	449	-1184	15	151	-21	2717	13585	2717	69240545
-16661	-2375	-2363	-1057	475	-1189	15	157	-25	2718	13590	2718	69240546
-16680	-2304	-2404	-1135	499	-1192	11	155	-23	2719	13595	2719	69240561
-16642	-2239	-2433	-1192	529	-1192	5	151	-19	2720	13600	2720	69240583
-16568	-2197	-2382	-1224	548	-1197	7	151	-21	2721	13605	2721	69240583
-16606	-2150	-2323	-1234	556	-1200	10	152	-24	2722	13610	2722	69240583
-16598	-2097	-2262	-1228	555	-1210	13	153	-25	2723	13615	2723	69240583
-16553	-2050	-2279	-1218	553	-1222	17	155	-27	2724	13620	2724	69240583
-16507	-1989	-2321	-1183	554	-1235	14	155	-30	2725	13625	2725	69240583
-16514	-1984	-2286	-1122	554	-1245	10	156	-34	2726	13630	2726	69240588
-16552	-1956	-2311	-1059	562	-1255	12	153	-30	2727	13635	2727	69240617
-16556	-1930	-2321	-989	566	-1256	13	151	-27	2728	13640	2728	69240633
-16582	-1905	-2340	-910	579	-1256	12	150	-28	2729	13645	2729	69240634
-16583	-1878	-2271	-828	594	-1254	12	150	-28	2730	13650	2730	69240634
-16577	-1914	-2322	-737	620	-1239	13	151	-28	2731	13655	2731	69240634
-16558	-1920	-2365	-637	664	-1218	14	152	-28	2732	13660	2732	69240635
-16568	-1927	-2279	-538	706	-1203	12	148	-26	2733	13665	2733	69240636
-16533	-1980	-2310	-425	741	-1165	10	146	-24	2734	13670	2734	69240650
-16505	-1981	-2240	-308	763	-1127	12	152	-28	2735	13675	2735	69240668
-16512	-1997	-2242	-211	797	-1097	13	153	-29	2736	13680	2736	69240671
-16453	-2016	-2256	-122	818	-1069	11	151	-25	2737	13685	2737	69240671
-16420	-2036	-2295	-19	833	-1033	10	150	-24	2738	13690	2738	69240671
-16387	-2107	-2301	77	846	-983	11	151	-30	2739	13695	2739	69240671
-16402	-2186	-2295	156	850	-934	11	151	-31	2740	13700	2740	69240671
