-15258	-5306	-4794	2519	486	2555	-90	192	-96	8800	44000	8800	69270921
-15230	-5372	-4846	2619	524	2551	-90	192	-96	8801	44005	8801	69270938
-15248	-5324	-4784	2727	562	2539	-96	192	-100	8802	44010	8802	69270960
-15178	-5336	-4736	2836	593	2560	-96	192	-100	8803	44015	8803	69270961
-15224	-5262	-4756	2927	622	2556	-89	193	-101	8804	44020	8804	69270961
-15224	-5316	-4870	3016	660	2571	-89	193	-101	8805	44025	8805	69270961
-15186	-5314	-4780	3130	708	2573	-100	192	-92	8806	44030	8806	69270961
-15195	-5244	-4757	3219	735	2580	-97	193	-92	8807	44035	8807	69270964
-15183	-5182	-4759	3313	762	2590	-86	198	-94	8808	44040	8808	69270981
-15221	-5150	-4736	3405	790	2602	-87	197	-95	8809	44045	8809	69270997
-15263	-5105	-4655	3506	811	2624	-93	195	-99	8810	44050	8810	69270997
-15260	-5004	-4634	3611	831	2661	-92	195	-98	8811	44055	8811	69270998
-15270	-4968	-4664	3714	853	2694	-89	195	-93	8812	44060	8812	69270998
-15296	-4952	-4664	3803	888	2733	-88	194	-94	8813	44065	8813	69270998
-15323	-4965	-4733	3914	908	2785	-86	192	-100	8814	44070	8814	69270998
-15354	-4934	-4794	4011	915	2851	-88	190	-100	8815	44075	8815	69271002
-15430	-4989	-4845	4089	930	2911	-91	187	-99	8816	44080	8816	69271020
-15449	-5006	-4893	4162	948	2982	-92	191	-97	8817	44085	8817	69271040
-15498	-4951	-4917	4233	962	3069	-94	198	-94	8818	44090	8818	69271040
-15540	-4965	-4893	4298	972	3148	-94	198	-95	8819	44095	8819	69271040
-15504	-4937	-4894	4361	991	3219	-94	198	-98	8820	44100	8820	69271041
-15456	-4897	-4964	4433	1004	3306	-95	197	-99	8821	44105	8821	69271042
-15459	-4822	-5035	4507	1034	3397	-97	193	-101	8822	44110	8822	69271050
-15429	-4748	-4974	4599	1055	3499	-94	193	-99	8823	44115	8823	69271066
-15421	-4712	-4948	4693	1075	3583	-90	192	-96	8824	44120	8824	69271066
-15405	-4634	-4960	4791	1110	3655	-91	194	-98	8825	44125	8825	69271066
-15324	-4586	-4970	4897	1129	3732	-92	196	-100	8826	44130	8826	69271066
-15324	-4563	-5014	5018	1144	3818	-91	192	-103	8827	44135	8827	69271067
-15332	-4542	-5042	5138	1172	3897	-89	187	-107	8828	44140	8828	69271067
-15277	-4515	-5030	5272	1201	3970	-90	191	-104	8829	44145	8829	69271070
-15236	-4501	-5012	5405	1222	4044	-92	196	-100	8830	44150	8830	69271088
-15231	-4543	-5063	5543	1253	4123	-90	197	-101	8831	44155	8831	69271107
-15156	-4569	-5114	5682	1278	4206	-87	197	-101	8832	44160	8832	69271108
-15148	-4589	-5186	5797	1296	4277	-89	195	-100	8833	44165	8833	69271108
-15182	-4566	-5261	5899	1323	4348	-91	193	-99	8834	44170	8834	69271108
-15228	-4578	-5353	5999	1340	4411	-90	192	-101	8835	44175	8835	69271109
-15243	-4628	-5408	6084	1354	4466	-90	192	-102	8836	44180	8836	69271111
-15266	-4654	-5496	6155	1369	4525	-89	196	-103	8837	44185	8837	69271130
-15254	-4670	-5595	6211	1384	4577	-89	199	-103	8838	44190	8838	69271142
-15298	-4728	-5646	6243	1400	4629	-88	195	-108	8839	44195	8839	69271142
-15334	-4728	-5673	6249	1393	4678	-87	193	-109	8840	44200	8840	69271142
-15281	-4719	-5797	6250	1402	4712	-91	192	-105	8841	44205	8841	69271143
-15282	-4734	-5827	6245	1419	4745	-93	191	-103	8842	44210	8842	69271148
-15349	-4733	-5836	6265	1427	4781	-90	193	-101	8843	44215	8843	69271168
-15372	-4802	-6026	6259	1453	4817	-88	194	-100	8844	44220	8844	69271180
-15365	-4906	-6145	6068	1486	4824	-84	190	-99	8845	44225	8845	69271181
-15339	-4994	-6104	5836	1481	4788	-81	187	-99	8846	44230	8846	69271181
-15318	-4981	-6151	5761	1492	4765	-83	189	-104	8847	44235	8847	69271181
-15307	-4882	-6282	5678	1547	4792	-85	191	-107	8848	44240	8848	69271181
-15342	-4774	-6346	5517	1576	4781	-87	192	-105	8849	44245	8849	69271181
-15296	-4747	-6422	5404	1602	4752	-88	192	-104	8850	44250	8850	69271187
-15271	-4682	-6446	5320	1641	4720	-90	189	-102	8851	44255	8851	69271210
-15217	-4663	-6515	5238	1695	4669	-90	188	-102	8852	44260	8852	69271216
-15183	-4704	-6473	5147	1741	4591	-90	194	-107	8853	44265	8853	69271216
-15184	-4600	-6517	5072	1780	4524	-90	196	-108	8854	44270	8854	69271216
-15106	-4535	-6540	5038	1833	4470	-89	195	-112	8855	44275	8855	69271216
-15014	-4472	-6594	5022	1890	4404	-89	195	-113	8856	44280	8856	69271217
-15018	-4372	-6688	5036	1943	4345	-91	191	-107	8857	44285	8857	69271217
-14944	-4268	-6724	5085	1996	4273	-91	191	-107	8858	44290	8858	69271254
-14872	-4244	-6736	5164	2057	4183	-91	195	-105	8859	44295	8859	69271255
-14844	-4144	-6744	5265	2125	4101	-91	195	-105	8860	44300	8860	69271256
-14850	-4092	-6760	5350	2191	4038	-84	188	-104	8861	44305	8861	69271257
-14882	-4142	-6790	5471	2250	3980	-84	188	-104	8862	44310	8862	69271258
-14902	-4044	-6852	5594	2302	3911	-85	189	-107	8863	44315	8863	69271259
-14914	-4009	-6889	5705	2377	3869	-85	189	-107	8864	44320	8864	69271262
-14908	-3906	-6948	5886	2482	3813	-87	189	-107	8865	44325	8865	69271263
-14862	-3876	-7002	6088	2572	3778	-87	189	-107	8866	44330	8866	69271284
-14878	-3868	-6992	6246	2652	3747	-93	187	-111	8867	44335	8867	69271284
-14820	-3772	-7116	6436	2749	3720	-93	187	-111	8868	44340	8868	69271284
-14744	-3684	-7016	6639	2866	3709	-89	191	-111	8869	44345	8869	69271284
-14676	-3670	-7048	6843	2979	3723	-89	191	-111	8870	44350	8870	69271284
-14598	-3564	-6960	7033	3096	3690	-89	191	-111	8871	44355	8871	69271284
-14532	-3580	-6984	7257	3199	3685	-89	191	-111	8872	44360	8872	69271284
-14440	-3526	-6932	7568	3350	3703	-80	188	-112	8873	44365	8873	69271308
-14327	-3467	-6892	7817	3475	3732	-82	187	-112	8874	44370	8874	69271321
-14265	-3445	-6827	8052	3591	3750	-88	184	-110	8875	44375	8875	69271321
-14123	-3404	-6703	8303	3714	3774	-88	184	-112	8876	44380	8876	69271321
-14044	-3410	-6583	8567	3832	3816	-88	186	-120	8877	44385	8877	69271321
-13904	-3402	-6598	8801	3943	3870	-88	186	-119	8878	44390	8878	69271321
-13865	-3442	-6444	9036	4060	3929	-86	184	-114	8879	44395	8879	69271325
-13721	-3472	-6386	9274	4174	4011	-86	185	-114	8880	44400	8880	69271345
-13620	-3516	-6356	9498	4298	4083	-85	189	-113	8881	44405	8881	69271359
-13488	-3608	-6328	9726	4416	4182	-86	185	-116	8882	44410	8882	69271359
-13464	-3650	-6264	9917	4504	4261	-88	180	-120	8883	44415	8883	69271359
-13388	-3647	-6242	10094	4587	4346	-85	180	-118	8884	44420	8884	69271360
-13328	-3677	-6216	10248	4671	4439	-80	180	-116	8885	44425	8885	69271360
-13236	-3736	-6139	10380	4742	4528	-80	181	-116	8886	44430	8886	69271362
-13186	-3771	-6067	10517	4814	4631	-79	183	-115	8887	44435	8887	69271372
-13112	-3733	-6008	10642	4872	4742	-79	183	-116	8888	44440	8888	69271390
-13108	-3843	-5846	10750	4925	4856	-77	183	-121	8889	44445	8889	69271390
-13091	-3940	-5774	10868	4964	4986	-79	183	-120	8890	44450	8890	69271390
-13069	-4002	-5695	10967	4992	5109	-81	183	-119	8891	44455	8891	69271390
-13072	-4057	-5692	11058	5004	5225	-80	183	-119	8892	44460	8892	69271390
-13080	-4119	-5610	11136	5020	5347	-79	183	-119	8893	44465	8893	69271390
-13114	-4218	-5496	11205	5030	5465	-79	182	-118	8894	44470	8894	69271401
-13132	-4288	-5418	11278	5018	5577	-79	181	-117	8895	44475	8895	69271421
-13146	-4312	-5445	11382	5007	5692	-79	184	-119	8896	44480	8896	69271427
-13149	-4327	-5438	11472	4992	5815	-79	189	-121	8897	44485	8897	69271428
-13211	-4452	-5411	11492	4958	5933	-79	183	-121	8898	44490	8898	69271429
-13232	-4547	-5338	11550	4921	6020	-79	177	-121	8899	44495	8899	69271429
-13275	-4538	-5282	11617	4886	6127	-77	179	-122	8900	44500	8900	69271451
-13282	-4603	-5205	11617	4846	6220	-75	181	-123	8901	44505	8901	69271465
-13364	-4687	-5121	11651	4793	6280	-75	180	-123	8902	44510	8902	69271466
-13381	-4697	-5055	11733	4751	6365	-75	179	-123	8903	44515	8903	69271466
-13368	-4702	-5028	11767	4696	6462	-73	180	-123	8904	44520	8904	69271466
-13430	-4781	-5070	11789	4640	6520	-71	181	-123	8905	44525	8905	69271466
-13414	-4915	-4962	11837	4562	6587	-75	177	-122	8906	44530	8906	69271466
-13470	-4974	-5054	11879	4492	6658	-76	176	-122	8907	44535	8907	69271467
-13495	-5021	-5007	11878	4436	6706	-75	177	-125	8908	44540	8908	69271496
-13534	-5029	-4930	11875	4354	6747	-75	177	-127	8909	44545	8909	69271517
-13605	-5077	-4935	11886	4278	6790	-70	179	-130	8910	44550	8910	69271522
-13601	-5137	-4959	11893	4210	6837	-66	180	-132	8911	44555	8911	69271522
-13573	-5181	-4951	11865	4135	6872	-68	178	-130	8912	44560	8912	69271522
-13619	-5276	-4975	11823	4056	6898	-70	176	-128	8913	44565	8913	69271523
-13660	-5364	-4911	11789	3962	6917	-69	172	-130	8914	44570	8914	69271523
-13731	-5418	-4890	11695	3875	6929	-69	171	-131	8915	44575	8915	69271529
-13761	-5489	-4910	11634	3804	6912	-71	172	-129	8916	44580	8916	69271553
-13710	-5536	-5032	11559	3731	6906	-72	172	-128	8917	44585	8917	69271559
-13803	-5614	-4990	11463	3634	6890	-74	171	-129	8918	44590	8918	69271559
-13873	-5656	-4974	11364	3540	6866	-75	171	-129	8919	44595	8919	69271559
-13900	-5683	-4931	11241	3448	6822	-69	173	-128	8920	44600	8920	69271560
-13925	-5715	-4970	11104	3351	6780	-68	174	-128	8921	44605	8921	69271560
-13954	-5837	-4916	10985	3256	6725	-67	175	-129	8922	44610	8922	69271560
-13932	-5856	-4918	10844	3151	6645	-67	175	-129	8923	44615	8923	69271560
-13980	-5882	-5038	10728	3056	6576	-56	172	-122	8924	44620	8924	69271560
-13998	-5928	-5022	10608	2955	6492	-56	172	-122	8925	44625	8925	69271560
-14034	-5988	-5014	10494	2859	6424	-66	176	-126	8926	44630	8926	69271560
-14086	-5974	-5058	10387	2754	6326	-66	176	-126	8927	44635	8927	69271584
-14090	-6022	-5148	10280	2659	6236	-60	166	-134	8928	44640	8928	69271589
-14072	-6066	-5180	10187	2564	6121	-60	166	-134	8929	44645	8929	69271589
-14095	-6066	-5153	10119	2495	6019	-67	171	-132	8930	44650	8930	69271589
-14042	-6012	-5206	10033	2396	5869	-68	172	-132	8931	44655	8931	69271589
-14084	-5982	-5232	9963	2302	5740	-60	168	-128	8932	44660	8932	69271589
-14140	-6008	-5266	9880	2218	5596	-60	168	-128	8933	44665	8933	69271589
-14130	-6110	-5170	9811	2111	5448	-60	172	-134	8934	44670	8934	69271600
-14184	-6088	-5236	9741	2029	5285	-60	172	-134	8935	44675	8935	69271619
-14208	-6088	-5292	9678	1949	5128	-62	164	-132	8936	44680	8936	69271619
-14236	-6050	-5386	9614	1855	4957	-62	164	-132	8937	44685	8937	69271620
-14270	-6124	-5266	9558	1783	4775	-61	169	-133	8938	44690	8938	69271620
-14290	-6088	-5410	9494	1699	4603	-61	169	-133	8939	44695	8939	69271620
-14205	-6084	-5380	9399	1589	4392	-56	170	-134	8940	44700	8940	69271620
-14191	-6081	-5464	9349	1501	4219	-56	169	-133	8941	44705	8941	69271627
-14258	-6070	-5522	9292	1427	4033	-57	167	-129	8942	44710	8942	69271650
-14315	-6044	-5527	9236	1349	3849	-56	167	-130	8943	44715	8943	69271656
-14342	-6045	-5564	9177	1269	3669	-54	166	-132	8944	44720	8944	69271656
-14400	-6036	-5604	9124	1203	3501	-54	167	-131	8945	44725	8945	69271657
-14428	-6007	-5661	9078	1125	3338	-55	169	-129	8946	44730	8946	69271657
-14499	-5983	-5744	9026	1060	3160	-55	169	-130	8947	44735	8947	69271666
-14461	-5982	-5753	8969	997	2974	-55	169	-131	8948	44740	8948	69271694
-14482	-5955	-5808	8929	945	2822	-55	168	-133	8949	44745	8949	69271694
-14538	-5905	-5856	8902	892	2681	-54	166	-136	8950	44750	8950	69271694
-14560	-5846	-5910	8865	838	2535	-53	168	-136	8951	44755	8951	69271694
-14665	-5837	-5893	8827	796	2412	-51	171	-135	8952	44760	8952	69271694
-14770	-5781	-5932	8806	760	2315	-50	171	-134	8953	44765	8953	69271696
-14796	-5704	-6053	8782	725	2216	-46	170	-132	8954	44770	8954	69271709
-14899	-5739	-6134	8751	699	2139	-47	170	-131	8955	44775	8955	69271731
-15046	-5771	-6124	8712	674	2063	-51	171	-129	8956	44780	8956	69271732
-15141	-5727	-6219	8664	638	2001	-51	172	-127	8957	44785	8957	69271732
-15202	-5673	-6235	8619	628	1973	-52	174	-124	8958	44790	8958	69271732
-15233	-5649	-6302	8569	631	1958	-48	175	-126	8959	44795	8959	69271732
-15281	-5729	-6364	8516	638	1946	-42	176	-130	8960	44800	8960	69271733
-15332	-5710	-6451	8458	653	1951	-44	171	-129	8961	44805	8961	69271759
-15280	-5628	-6438	8402	674	1970	-48	164	-128	8962	44810	8962	69271805
-15194	-5554	-6409	8351	694	1995	-45	164	-129	8963	44815	8963	69271815
-15148	-5519	-6367	8309	730	2016	-41	165	-131	8964	44820	8964	69271815
-15102	-5474	-6337	8272	781	2054	-42	164	-128	8965	44825	8965	69271815
-15031	-5430	-6256	8252	827	2097	-42	164	-126	8966	44830	8966	69271815
-14974	-5376	-6225	8238	861	2141	-41	166	-126	8967	44835	8967	69271815
-14927	-5334	-6176	8242	890	2193	-40	168	-126	8968	44840	8968	69271815
-14872	-5344	-6136	8245	940	2247	-39	169	-124	8969	44845	8969	69271843
-14808	-5423	-6067	8246	1000	2294	-39	169	-123	8970	44850	8970	69271861
-14707	-5449	-6014	8256	1063	2344	-40	170	-126	8971	44855	8971	69271861
-14608	-5473	-6015	8258	1115	2412	-40	170	-128	8972	44860	8972	69271862
-14519	-5544	-5956	8251	1184	2470	-36	169	-126	8973	44865	8973	69271862
-14391	-5508	-5885	8230	1234	2506	-35	169	-125	8974	44870	8974	69271862
-14298	-5520	-5846	8210	1285	2545	-31	170	-125	8975	44875	8975	69271862
-14204	-5568	-5790	8187	1332	2579	-29	171	-125	8976	44880	8976	69271862
-13996	-5575	-5684	8164	1368	2602	-30	170	-124	8977	44885	8977	69271862
-13833	-5582	-5579	8147	1409	2623	-31	169	-123	8978	44890	8978	69271862
-13734	-5576	-5585	8209	1428	2657	-32	169	-124	8979	44895	8979	69271863
-13648	-5526	-5562	8280	1464	2707	-33	169	-125	8980	44900	8980	69271863
-13566	-5635	-5369	8242	1501	2755	-33	168	-127	8981	44905	8981	69271863
-13588	-5699	-5106	8366	1502	2782	-33	167	-127	8982	44910	8982	69271877
-13660	-5514	-5288	8742	1561	2865	-28	172	-124	8983	44915	8983	69271881
-13553	-5527	-5293	8805	1596	2987	-27	173	-123	8984	44920	8984	69271881
-13642	-5704	-5178	8805	1595	3022	-29	168	-126	8985	44925	8985	69271881
-13786	-5875	-5043	8896	1607	3067	-29	167	-127	8986	44930	8986	69271907
-13940	-6020	-5037	9023	1620	3181	-31	170	-125	8987	44935	8987	69271913
-14044	-6094	-5064	9103	1630	3274	-31	171	-125	8988	44940	8988	69271914
-14208	-6264	-5097	9139	1632	3359	-28	171	-128	8989	44945	8989	69271914
-14446	-6458	-5166	9151	1648	3490	-27	171	-129	8990	44950	8990	69271914
-14642	-6582	-5078	9110	1670	3612	-24	168	-124	8991	44955	8991	69271915
-14794	-6770	-5148	9041	1693	3735	-24	168	-124	8992	44960	8992	69271915
-15074	-6942	-5102	8903	1705	3845	-26	168	-126	8993	44965	8993	69271932
-15306	-7056	-5192	8730	1717	3962	-26	168	-126	8994	44970	8994	69271950
-15492	-7330	-5148	8470	1768	4076	-28	166	-122	8995	44975	8995	69271950
-15616	-7532	-5272	8184	1810	4214	-28	166	-122	8996	44980	8996	69271951
-15763	-7597	-5244	7917	1843	4306	-26	174	-123	8997	44985	8997	69271951
-15886	-7814	-5312	7499	1909	4430	-25	175	-123	8998	44990	8998	69271951
-16052	-7892	-5378	7108	1967	4523	-22	168	-124	8999	44995	8999	69271951
-16078	-7934	-5346	6700	2034	4592	-22	168	-124	9000	45000	9000	69271951
-16124	-8054	-5360	6294	2112	4645	-23	169	-117	9001	45005	9001	69271951
-16204	-8116	-5296	5880	2188	4684	-23	169	-117	9002	45010	9002	69271951
-16122	-8152	-5314	5478	2264	4693	-21	173	-121	9003	45015	9003	69271951
-16180	-8124	-5174	5110	2369	4709	-21	173	-121	9004	45020	9004	69271951
-16192	-8118	-5098	4764	2458	4698	-18	172	-118	9005	45025	9005	69271996
-16219	-8118	-4977	4414	2581	4656	-18	172	-119	9006	45030	9006	69271996
-16159	-8054	-4840	4177	2670	4603	-18	174	-122	9007	45035	9007	69271996
-16146	-7975	-4723	4024	2757	4563	-18	174	-122	9008	45040	9008	69271996
-16129	-7903	-4678	3946	2861	4506	-17	173	-123	9009	45045	9009	69271997
-16200	-7807	-4535	3949	2950	4447	-17	174	-123	9010	45050	9010	69271997
-16217	-7727	-4495	3997	3038	4380	-19	177	-123	9011	45055	9011	69271997
-16251	-7694	-4452	4100	3126	4312	-19	176	-123	9012	45060	9012	69272001
-16263	-7648	-4336	4244	3218	4233	-21	171	-121	9013	45065	9013	69272019
-16355	-7630	-4260	4424	3299	4144	-21	171	-121	9014	45070	9014	69272027
-16347	-7556	-4259	4695	3405	4050	-22	170	-122	9015	45075	9015	69272027
-16349	-7518	-4152	4871	3478	3971	-21	170	-121	9016	45080	9016	69272027
-16362	-7528	-4062	5082	3535	3873	-19	171	-119	9017	45085	9017	69272027
-16355	-7560	-4047	5361	3605	3771	-19	171	-120	9018	45090	9018	69272028
-16361	-7560	-3993	5622	3661	3684	-18	172	-122	9019	45095	9019	69272028
-16320	-7648	-3956	5846	3717	3576	-18	172	-122	9020	45100	9020	69272028
-16336	-7750	-3846	6059	3774	3448	-16	174	-122	9021	45105	9021	69272030
-16335	-7803	-3796	6278	3831	3327	-16	175	-120	9022	45110	9022	69272043
-16253	-7835	-3676	6488	3879	3181	-15	179	-113	9023	45115	9023	69272064
-16193	-7863	-3573	6641	3914	3047	-15	177	-113	9024	45120	9024	69272065
-16107	-7871	-3472	6774	3946	2914	-16	174	-114	9025	45125	9025	69272066
-16053	-7902	-3419	6896	3971	2759	-16	173	-115	9026	45130	9026	69272067
-15953	-7902	-3427	6989	4002	2605	-16	172	-116	9027	45135	9027	69272069
-15800	-7914	-3301	7051	4030	2450	-15	171	-117	9028	45140	9028	69272084
-15602	-7934	-3219	7081	4032	2289	-13	169	-119	9029	45145	9029	69272101
-15380	-7913	-3238	7089	4018	2124	-13	169	-117	9030	45150	9030	69272101
-15212	-7885	-3173	7067	4008	1932	-14	168	-114	9031	45155	9031	69272101
-15057	-7862	-3119	7014	3994	1746	-12	166	-117	9032	45160	9032	69272101
-14905	-7827	-3114	6937	3968	1578	-11	165	-119	9033	45165	9033	69272102
-14756	-7835	-3068	6849	3940	1406	-12	170	-115	9034	45170	9034	69272102
-14597	-7862	-3005	6745	3892	1233	-13	173	-113	9035	45175	9035	69272113
-14493	-7846	-2970	6613	3849	1063	-13	171	-118	9036	45180	9036	69272131
-14432	-7802	-2927	6467	3810	908	-13	169	-121	9037	45185	9037	69272139
-14377	-7789	-2892	6306	3771	767	-12	170	-120	9038	45190	9038	69272139
-14342	-7749	-2948	6097	3729	614	-12	170	-120	9039	45195	9039	69272139
-14353	-7682	-2863	5927	3689	487	-11	170	-117	9040	45200	9040	69272139
-14416	-7674	-2828	5729	3647	358	-10	170	-116	9041	45205	9041	69272139
-14415	-7735	-2815	5514	3607	228	-9	167	-121	9042	45210	9042	69272139
-14402	-7730	-2828	5270	3556	112	-9	165	-125	9043	45215	9043	69272156
-14458	-7648	-2900	5002	3514	8	-9	165	-121	9044	45220	9044	69272176
-14470	-7544	-2942	4779	3478	-69	-9	165	-119	9045	45225	9045	69272183
-14553	-7481	-3006	4617	3446	-137	-9	164	-123	9046	45230	9046	69272183
-14594	-7408	-3010	4421	3439	-224	-9	163	-125	9047	45235	9047	69272184
-14577	-7403	-2954	4177	3416	-331	-8	164	-124	9048	45240	9048	69272184
-14638	-7339	-2915	4015	3371	-412	-8	164	-124	9049	45245	9049	69272184
-14713	-7192	-2881	3884	3350	-470	-9	168	-122	9050	45250	9050	69272190
-14802	-7043	-2901	3793	3337	-508	-9	169	-121	9051	45255	9051	69272210
-14812	-6915	-2863	3747	3331	-535	-9	171	-119	9052	45260	9052	69272214
-14791	-6772	-2894	3738	3335	-568	-9	171	-119	9053	45265	9053	69272214
-14837	-6683	-2862	3764	3340	-590	-3	169	-116	9054	45270	9054	69272214
-14848	-6570	-2930	3839	3341	-608	-1	169	-115	9055	45275	9055	69272214
-14902	-6440	-2896	3968	3358	-633	-4	162	-120	9056	45280	9056	69272214
-14896	-6398	-2754	4101	3380	-649	-4	162	-120	9057	45285	9057	69272214
-14934	-6350	-2802	4247	3387	-654	-4	166	-116	9058	45290	9058	69272252
-14932	-6286	-2778	4413	3387	-650	-4	166	-116	9059	45295	9059	69272252
-14922	-6206	-2638	4586	3405	-638	-5	167	-125	9060	45300	9060	69272252
-14946	-6260	-2662	4747	3419	-648	-5	167	-125	9061	45305	9061	69272252
-14898	-6257	-2577	4888	3426	-628	-2	169	-125	9062	45310	9062	69272252
-14821	-6218	-2645	5052	3436	-606	-1	169	-125	9063	45315	9063	69272253
-14793	-6179	-2661	5209	3428	-584	0	168	-121	9064	45320	9064	69272253
-14794	-6170	-2488	5386	3425	-550	0	168	-120	9065	45325	9065	69272253
-14758	-6116	-2504	5501	3417	-498	3	167	-123	9066	45330	9066	69272270
-14710	-6188	-2498	5596	3399	-464	3	167	-123	9067	45335	9067	69272289
-14636	-6296	-2362	5679	3365	-418	-4	160	-116	9068	45340	9068	69272289
-14598	-6278	-2302	5746	3300	-375	-4	160	-116	9069	45345	9069	69272289
-14546	-6250	-2442	5782	3287	-312	3	167	-121	9070	45350	9070	69272290
-14580	-6198	-2434	5809	3237	-242	3	167	-121	9071	45355	9071	69272290
-14438	-6262	-2450	5816	3195	-154	0	164	-118	9072	45360	9072	69272290
-14383	-6139	-2361	5846	3121	-71	0	164	-118	9073	45365	9073	69272303
-14364	-6170	-2352	5913	3048	13	-1	163	-119	9074	45370	9074	69272320
-14318	-6249	-2348	5798	2978	94	-1	163	-118	9075	45375	9075	69272320
-14232	-6253	-2407	5675	2880	141	0	164	-112	9076	45380	9076	69272320
-14217	-6285	-2482	5635	2824	229	2	163	-113	9077	45385	9077	69272320
-14272	-6295	-2446	5565	2724	352	8	160	-116	9078	45390	9078	69272320
-14195	-6292	-2328	5487	2616	438	8	161	-116	9079	45395	9079	69272320
-14204	-6345	-2365	5380	2549	500	8	164	-116	9080	45400	9080	69272328
-14165	-6420	-2442	5300	2438	587	8	164	-117	9081	45405	9081	69272358
-14097	-6402	-2442	5119	2321	705	6	162	-118	9082	45410	9082	69272358
-14075	-6338	-2499	4940	2209	822	5	160	-117	9083	45415	9083	69272358
-14050	-6273	-2549	4800	2099	929	4	158	-116	9084	45420	9084	69272358
-14042	-6255	-2555	4682	2005	1035	4	158	-117	9085	45425	9085	69272359
-14024	-6264	-2431	4549	1900	1131	5	157	-121	9086	45430	9086	69272359
-14021	-6341	-2542	4422	1780	1203	6	158	-120	9087	45435	9087	69272362
-14023	-6338	-2593	4287	1657	1288	8	164	-118	9088	45440	9088	69272379
-14026	-6340	-2572	4146	1548	1384	8	164	-119	9089	45445	9089	69272395
-14004	-6336	-2576	3994	1411	1486	8	162	-120	9090	45450	9090	69272395
-14077	-6361	-2706	3874	1295	1566	8	164	-118	9091	45455	9091	69272395
-14102	-6341	-2723	3769	1190	1650	8	166	-116	9092	45460	9092	69272395
-14078	-6315	-2720	3659	1081	1735	9	167	-118	9093	45465	9093	69272399
-14046	-6315	-2777	3543	983	1807	10	168	-122	9094	45470	9094	69272416
-14078	-6314	-2821	3444	887	1875	8	164	-120	9095	45475	9095	69272433
-14118	-6300	-2824	3355	788	1942	6	158	-118	9096	45480	9096	69272433
-14072	-6188	-2928	3283	691	2020	7	158	-118	9097	45485	9097	69272433
-14111	-6155	-3039	3230	596	2103	9	159	-117	9098	45490	9098	69272434
-14146	-6190	-3063	3202	531	2180	7	158	-118	9099	45495	9099	69272434
-14170	-6170	-3082	3201	467	2248	6	158	-118	9100	45500	9100	69272434
-14221	-6155	-3109	3207	391	2324	8	163	-117	9101	45505	9101	69272449
-14266	-6102	-3142	3240	323	2417	9	167	-117	9102	45510	9102	69272466
-14285	-6038	-3139	3299	262	2519	14	165	-115	9103	45515	9103	69272470
-14384	-6035	-3196	3377	215	2616	18	164	-114	9104	45520	9104	69272470
-14474	-6109	-3231	3461	166	2709	14	167	-116	9105	45525	9105	69272470
-14554	-6178	-3246	3512	115	2815	11	169	-117	9106	45530	9106	69272470
-14644	-6136	-3216	3581	66	2926	10	166	-114	9107	45535	9107	69272470
-14657	-6042	-3294	3691	22	3058	10	164	-112	9108	45540	9108	69272470
-14662	-6045	-3367	3800	-21	3208	11	163	-110	9109	45545	9109	69272486
-14735	-6082	-3445	3908	-67	3341	11	163	-109	9110	45550	9110	69272507
-14784	-6077	-3407	4002	-121	3483	12	165	-114	9111	45555	9111	69272513
-14836	-6144	-3428	4070	-182	3636	12	166	-118	9112	45560	9112	69272513
-14954	-6243	-3429	4157	-253	3781	14	164	-116	9113	45565	9113	69272514
-14970	-6251	-3486	4301	-329	3970	15	163	-115	9114	45570	9114	69272514
-14954	-6282	-3558	4408	-389	4150	7	166	-118	9115	45575	9115	69272515
-14989	-6350	-3605	4477	-458	4329	5	167	-119	9116	45580	9116	69272517
-15024	-6430	-3595	4523	-544	4486	8	169	-113	9117	45585	9117	69272535
-15006	-6480	-3656	4554	-637	4640	9	169	-111	9118	45590	9118	69272539
-14971	-6526	-3730	4568	-730	4792	9	169	-116	9119	45595	9119	69272539
-14911	-6610	-3734	4590	-823	4931	9	169	-117	9120	45600	9120	69272539
-14864	-6679	-3770	4569	-920	5065	16	170	-111	9121	45605	9121	69272539
-14760	-6722	-3857	4544	-1021	5186	18	170	-110	9122	45610	9122	69272539
-14670	-6848	-3866	4451	-1159	5323	12	170	-110	9123	45615	9123	69272539
-14516	-6928	-3982	4352	-1264	5398	12	170	-110	9124	45620	9124	69272577
-14430	-7042	-3904	4182	-1380	5458	11	169	-109	9125	45625	9125	69272577
-14322	-7118	-4026	4093	-1489	5500	11	169	-109	9126	45630	9126	69272578
-14264	-7102	-4206	3946	-1590	5534	13	175	-109	9127	45635	9127	69272578
-14102	-7237	-4221	3699	-1694	5560	13	175	-109	9128	45640	9128	69272578
-13964	-7282	-4261	3442	-1831	5547	9	174	-105	9129	45645	9129	69272578
-13874	-7328	-4363	3237	-1947	5518	8	174	-104	9130	45650	9130	69272579
-13780	-7392	-4362	2901	-2079	5499	8	174	-112	9131	45655	9131	69272579
-13586	-7474	-4478	2612	-2202	5440	8	174	-112	9132	45660	9132	69272614
-13580	-7458	-4592	2294	-2324	5371	5	175	-109	9133	45665	9133	69272614
-13456	-7490	-4628	1988	-2432	5311	5	175	-109	9134	45670	9134	69272614
-13416	-7512	-4700	1655	-2556	5250	12	178	-106	9135	45675	9135	69272615
-13466	-7582	-4818	1306	-2671	5155	12	178	-106	9136	45680	9136	69272615
-13390	-7650	-5000	910	-2794	5081	6	178	-106	9137	45685	9137	69272615
-13468	-7658	-5090	525	-2901	5006	6	178	-106	9138	45690	9138	69272632
-13454	-7654	-5090	117	-2999	4922	5	177	-109	9139	45695	9139	69272651
-13558	-7717	-5296	-366	-3125	4824	5	178	-109	9140	45700	9140	69272651
-13583	-7697	-5381	-773	-3214	4743	4	180	-108	9141	45705	9141	69272652
-13658	-7782	-5545	-1186	-3290	4668	5	180	-107	9142	45710	9142	69272652
-13738	-7759	-5601	-1609	-3374	4597	9	179	-105	9143	45715	9143	69272652
-13822	-7783	-5718	-2025	-3446	4534	8	181	-105	9144	45720	9144	69272652
-13926	-7751	-5846	-2446	-3509	4458	5	187	-107	9145	45725	9145	69272656
-14031	-7830	-5870	-2862	-3538	4382	5	184	-107	9146	45730	9146	69272675
-14125	-7817	-6011	-3286	-3582	4315	7	173	-105	9147	45735	9147	69272682
-14251	-7798	-6143	-3716	-3609	4264	5	175	-107	9148	45740	9148	69272682
-14389	-7735	-6193	-4055	-3619	4206	3	179	-109	9149	45745	9149	69272683
-14463	-7706	-6258	-4358	-3618	4147	2	180	-109	9150	45750	9150	69272683
-14552	-7696	-6420	-4674	-3610	4086	-2	184	-110	9151	45755	9151	69272683
-14568	-7620	-6509	-4954	-3591	4027	-1	184	-109	9152	45760	9152	69272687
-14680	-7588	-6590	-5191	-3550	3967	3	183	-103	9153	45765	9153	69272709
-14733	-7552	-6638	-5417	-3494	3889	4	182	-105	9154	45770	9154	69272737
-14835	-7524	-6737	-5590	-3432	3802	6	180	-114	9155	45775	9155	69272737
-14916	-7496	-6792	-5724	-3344	3714	4	182	-112	9156	45780	9156	69272737
-14938	-7452	-6913	-5823	-3237	3609	-3	189	-107	9157	45785	9157	69272737
-15006	-7405	-7017	-5866	-3132	3505	-5	189	-109	9158	45790	9158	69272738
-15106	-7307	-7028	-5858	-3003	3386	-7	189	-111	9159	45795	9159	69272750
-15118	-7248	-7087	-5804	-2861	3257	-4	188	-109	9160	45800	9160	69272766
-15112	-7206	-7108	-5686	-2715	3102	0	186	-106	9161	45805	9161	69272766
-15137	-7076	-7142	-5509	-2565	2926	-3	186	-107	9162	45810	9162	69272767
-15144	-6973	-7140	-5295	-2401	2747	-7	185	-109	9163	45815	9163	69272767
-15177	-6908	-7223	-5019	-2212	2540	-5	185	-108	9164	45820	9164	69272767
-15172	-6890	-7190	-4704	-2022	2302	-3	185	-107	9165	45825	9165	69272767
-15197	-6860	-7140	-4386	-1838	2064	-4	184	-109	9166	45830	9166	69272767
-15214	-6851	-7102	-4036	-1669	1824	-4	184	-110	9167	45835	9167	69272767
-15210	-6840	-7237	-3613	-1466	1574	-5	186	-111	9168	45840	9168	69272789
-15211	-6734	-7260	-3124	-1236	1326	-6	188	-112	9169	45845	9169	69272810
-15196	-6584	-7128	-2617	-1062	1095	-8	186	-110	9170	45850	9170	69272814
-15187	-6506	-7164	-2139	-909	865	-9	185	-109	9171	45855	9171	69272814
-15182	-6518	-7183	-1717	-714	608	-9	186	-111	9172	45860	9172	69272814
-15182	-6590	-7008	-1303	-496	272	-9	187	-113	9173	45865	9173	69272814
-15237	-6481	-6819	-860	-313	-62	-11	188	-112	9174	45870	9174	69272814
-15206	-6249	-6772	-425	-135	-320	-12	188	-112	9175	45875	9175	69272814
-15148	-6071	-6746	33	18	-577	-7	188	-107	9176	45880	9176	69272831
-15148	-6083	-6786	463	189	-866	-4	188	-104	9177	45885	9177	69272848
-15192	-6282	-6844	830	373	-1160	-6	189	-110	9178	45890	9178	69272853
-15238	-6559	-6904	1121	530	-1469	-8	190	-114	9179	45895	9179	69272853
-15277	-6729	-6854	1341	667	-1772	-7	189	-113	9180	45900	9180	69272854
-15228	-6773	-6858	1518	831	-2066	-7	189	-113	9181	45905	9181	69272854
-15211	-6786	-6851	1642	959	-2303	-9	189	-108	9182	45910	9182	69272854
-15217	-6770	-6902	1711	1094	-2522	-9	189	-107	9183	45915	9183	69272862
-15207	-6708	-6857	1760	1220	-2745	-6	184	-107	9184	45920	9184	69272914
-15214	-6673	-6824	1792	1330	-2966	-5	183	-107	9185	45925	9185	69272926
-15178	-6630	-6737	1815	1427	-3180	-5	185	-110	9186	45930	9186	69272927
-15174	-6534	-6599	1833	1525	-3381	-5	185	-111	9187	45935	9187	69272927
-15136	-6432	-6541	1851	1616	-3578	-3	179	-107	9188	45940	9188	69272927
-15137	-6490	-6512	1832	1698	-3766	-2	178	-106	9189	45945	9189	69272927
-15072	-6356	-6388	1735	1774	-3959	-2	188	-112	9190	45950	9190	69272927
-15124	-6318	-6316	1725	1815	-4114	-2	188	-112	9191	45955	9191	69272927
-15142	-6262	-6180	1691	1862	-4252	0	184	-106	9192	45960	9192	69272927
-15075	-6252	-6120	1620	1909	-4342	0	184	-106	9193	45965	9193	69272966
-15070	-6205	-6148	1585	1943	-4460	-1	183	-107	9194	45970	9194	69272974
-15003	-6173	-6094	1555	1979	-4556	-1	183	-107	9195	45975	9195	69272974
-14954	-6101	-5956	1486	2017	-4620	1	185	-105	9196	45980	9196	69272974
-14932	-6023	-5952	1447	2027	-4690	1	185	-105	9197	45985	9197	69272974
