-2584	-15406	-7028	-60	-379	85	124	4	-56	3000	15000	3000	71377001
-2548	-15379	-7060	-65	-381	83	124	4	-60	3001	15005	3001	71377001
-2600	-15379	-7013	-63	-379	79	119	5	-63	3002	15010	3002	71377001
-2621	-15420	-7006	-60	-374	78	115	5	-65	3003	15015	3003	71377001
-2578	-15411	-7005	-61	-369	68	116	5	-61	3004	15020	3004	71377024
-2603	-15437	-7055	-62	-367	64	117	5	-59	3005	15025	3005	71377040
-2634	-15404	-7030	-83	-372	65	115	5	-59	3006	15030	3006	71377041
-2608	-15403	-7047	-78	-377	76	115	5	-59	3007	15035	3007	71377041
-2570	-15420	-6992	-74	-376	67	116	11	-61	3008	15040	3008	71377041
-2608	-15450	-7032	-79	-363	65	116	12	-62	3009	15045	3009	71377041
-2630	-15498	-7033	-79	-368	74	114	7	-60	3010	15050	3010	71377041
-2645	-15494	-7062	-90	-356	76	114	6	-60	3011	15055	3011	71377041
-2606	-15509	-7062	-103	-349	74	116	6	-65	3012	15060	3012	71377047
-2610	-15518	-7002	-116	-346	67	116	6	-66	3013	15065	3013	71377076
-2550	-15500	-7026	-115	-350	66	118	10	-62	3014	15070	3014	71377076
-2590	-15494	-7014	-131	-348	64	118	10	-62	3015	15075	3015	71377076
-2556	-15432	-6992	-120	-342	62	117	5	-65	3016	15080	3016	71377076
-2586	-15434	-7094	-114	-345	52	117	5	-65	3017	15085	3017	71377076
-2644	-15360	-7046	-111	-336	56	115	1	-61	3018	15090	3018	71377076
-2606	-15420	-7100	-107	-335	54	115	1	-61	3019	15095	3019	71377076
-2632	-15340	-7036	-90	-342	54	121	3	-55	3020	15100	3020	71377097
-2610	-15360	-7092	-92	-341	68	121	3	-55	3021	15105	3021	71377137
-2599	-15395	-7037	-92	-358	72	118	6	-62	3022	15110	3022	71377137
-2576	-15431	-7064	-92	-364	80	118	6	-61	3023	15115	3023	71377137
-2564	-15430	-7051	-89	-377	93	119	5	-59	3024	15120	3024	71377137
-2588	-15447	-7124	-85	-370	94	118	5	-60	3025	15125	3025	71377137
-2639	-15454	-7094	-95	-367	105	114	6	-66	3026	15130	3026	71377138
-2587	-15442	-7025	-99	-375	109	115	7	-65	3027	15135	3027	71377145
-2612	-15475	-6992	-102	-380	106	117	9	-63	3028	15140	3028	71377175
-2607	-15423	-7024	-113	-373	100	117	10	-63	3029	15145	3029	71377175
-2630	-15449	-6992	-108	-368	101	115	11	-61	3030	15150	3030	71377175
-2627	-15485	-6983	-107	-370	101	114	9	-61	3031	15155	3031	71377175
-2571	-15472	-7032	-109	-368	102	113	7	-61	3032	15160	3032	71377176
-2551	-15460	-7075	-114	-368	104	113	7	-63	3033	15165	3033	71377176
-2598	-15455	-7054	-122	-366	100	112	8	-66	3034	15170	3034	71377176
-2665	-15474	-7081	-122	-369	101	118	6	-64	3035	15175	3035	71377176
-2673	-15470	-7051	-113	-372	95	126	4	-62	3036	15180	3036	71377176
-2613	-15453	-7043	-105	-372	94	122	5	-62	3037	15185	3037	71377176
-2621	-15384	-7065	-101	-370	89	117	7	-61	3038	15190	3038	71377176
-2662	-15366	-7068	-97	-370	81	115	9	-60	3039	15195	3039	71377187
-2657	-15440	-7006	-90	-370	82	114	10	-60	3040	15200	3040	71377205
-2615	-15436	-6996	-89	-362	83	114	9	-60	3041	15205	3041	71377212
-2585	-15410	-7017	-92	-351	83	114	8	-60	3042	15210	3042	71377212
-2590	-15415	-7022	-93	-347	88	115	5	-58	3043	15215	3043	71377212
-2624	-15427	-7034	-97	-348	94	115	3	-57	3044	15220	3044	71377212
-2613	-15449	-7058	-103	-353	98	117	6	-56	3045	15225	3045	71377212
-2625	-15460	-7021	-108	-352	104	118	8	-56	3046	15230	3046	71377212
-2567	-15468	-6976	-99	-346	99	114	7	-61	3047	15235	3047	71377260
-2586	-15457	-6988	-105	-345	95	113	7	-63	3048	15240	3048	71377319
-2644	-15460	-7030	-115	-341	89	118	10	-63	3049	15245	3049	71377330
-2659	-15416	-7090	-107	-346	77	119	11	-63	3050	15250	3050	71377331
-2628	-15422	-7078	-109	-357	80	119	9	-58	3051	15255	3051	71377331
-2607	-15423	-7115	-103	-361	66	119	9	-57	3052	15260	3052	71377331
-2631	-15417	-6992	-102	-363	60	115	7	-56	3053	15265	3053	71377331
-2608	-15381	-6985	-96	-369	61	114	6	-56	3054	15270	3054	71377331
-2656	-15358	-7044	-79	-364	64	116	6	-64	3055	15275	3055	71377378
-2674	-15438	-7138	-81	-358	66	116	6	-64	3056	15280	3056	71377378
-2642	-15348	-6942	-79	-363	77	120	8	-62	3057	15285	3057	71377378
-2612	-15392	-6958	-87	-355	82	120	8	-62	3058	15290	3058	71377378
-2644	-15368	-7114	-86	-350	82	122	6	-64	3059	15295	3059	71377378
-2638	-15368	-7044	-91	-356	72	122	6	-64	3060	15300	3060	71377378
-2640	-15376	-6946	-95	-351	76	119	3	-59	3061	15305	3061	71377378
-2630	-15316	-7100	-101	-349	70	119	3	-59	3062	15310	3062	71377378
-2594	-15366	-6996	-117	-356	69	110	10	-68	3063	15315	3063	71377378
-2636	-15334	-7026	-108	-363	70	111	9	-67	3064	15320	3064	71377379
-2611	-15389	-7043	-111	-377	69	116	6	-62	3065	15325	3065	71377379
-2613	-15377	-7065	-115	-385	71	116	6	-62	3066	15330	3066	71377381
-2613	-15378	-7053	-121	-390	68	118	8	-64	3067	15335	3067	71377388
-2633	-15410	-7120	-126	-391	59	118	9	-64	3068	15340	3068	71377388
-2646	-15443	-7105	-126	-385	63	120	12	-64	3069	15345	3069	71377394
-2670	-15452	-7052	-124	-379	59	120	11	-64	3070	15350	3070	71377418
-2636	-15486	-7051	-126	-366	61	118	6	-62	3071	15355	3071	71377426
-2618	-15489	-7083	-122	-361	59	117	6	-61	3072	15360	3072	71377426
-2614	-15462	-7099	-114	-355	55	116	6	-60	3073	15365	3073	71377426
-2622	-15445	-7077	-116	-351	51	115	4	-62	3074	15370	3074	71377426
-2621	-15436	-7026	-117	-348	50	113	1	-65	3075	15375	3075	71377427
-2640	-15494	-7031	-105	-342	48	115	2	-64	3076	15380	3076	71377427
-2639	-15503	-7027	-107	-338	46	117	3	-63	3077	15385	3077	71377427
-2576	-15451	-7033	-109	-332	41	118	5	-63	3078	15390	3078	71377427
-2557	-15464	-7086	-101	-332	41	120	8	-62	3079	15395	3079	71377428
-2587	-15435	-7109	-96	-333	51	119	9	-64	3080	15400	3080	71377429
-2586	-15444	-7065	-98	-347	51	118	10	-66	3081	15405	3081	71377430
-2576	-15452	-7083	-99	-355	57	119	9	-64	3082	15410	3082	71377432
-2540	-15420	-7108	-107	-352	65	119	9	-63	3083	15415	3083	71377444
-2523	-15427	-7076	-114	-360	66	117	8	-65	3084	15420	3084	71377452
-2528	-15446	-7039	-108	-369	68	116	8	-66	3085	15425	3085	71377453
-2553	-15409	-7049	-106	-372	75	113	5	-64	3086	15430	3086	71377455
-2549	-15421	-7073	-97	-372	80	111	3	-63	3087	15435	3087	71377455
-2545	-15451	-7062	-100	-373	86	116	7	-61	3088	15440	3088	71377456
-2601	-15383	-7042	-97	-380	90	118	8	-60	3089	15445	3089	71377456
-2587	-15384	-7006	-97	-386	85	116	6	-62	3090	15450	3090	71377457
-2583	-15393	-6974	-107	-381	88	116	6	-62	3091	15455	3091	71377457
-2578	-15381	-7051	-111	-384	90	118	8	-60	3092	15460	3092	71377457
-2606	-15405	-7086	-107	-392	86	118	8	-60	3093	15465	3093	71377457
-2608	-15449	-7076	-105	-387	86	114	7	-58	3094	15470	3094	71377457
-2625	-15455	-7123	-106	-386	88	113	7	-57	3095	15475	3095	71377457
-2635	-15460	-7067	-97	-380	94	115	3	-58	3096	15480	3096	71377462
-2686	-15462	-7088	-106	-377	79	116	2	-58	3097	15485	3097	71377490
-2600	-15444	-6960	-102	-380	81	115	9	-61	3098	15490	3098	71377490
-2596	-15410	-7100	-101	-374	89	115	9	-61	3099	15495	3099	71377491
-2646	-15436	-7002	-96	-358	92	111	3	-53	3100	15500	3100	71377491
-2556	-15408	-7014	-95	-361	87	111	3	-53	3101	15505	3101	71377502
-2556	-15392	-6994	-99	-359	88	120	10	-58	3102	15510	3102	71377515
-2554	-15294	-7076	-88	-359	92	120	10	-58	3103	15515	3103	71377515
-2600	-15436	-7050	-97	-367	95	116	0	-64	3104	15520	3104	71377515
-2594	-15358	-6962	-95	-372	98	115	0	-62	3105	15525	3105	71377515
-2577	-15400	-7048	-92	-366	94	113	1	-55	3106	15530	3106	71377515
-2636	-15374	-7014	-90	-375	88	114	2	-56	3107	15535	3107	71377519
-2616	-15386	-7015	-79	-370	87	116	4	-60	3108	15540	3108	71377540
-2669	-15420	-7023	-87	-375	82	116	5	-61	3109	15545	3109	71377564
-2607	-15401	-7042	-77	-372	84	116	8	-66	3110	15550	3110	71377564
-2626	-15423	-7068	-77	-373	83	116	8	-64	3111	15555	3111	71377564
-2606	-15426	-7078	-80	-368	83	114	8	-58	3112	15560	3112	71377565
-2623	-15394	-7049	-69	-369	77	115	8	-58	3113	15565	3113	71377565
-2573	-15415	-7013	-77	-376	71	117	7	-57	3114	15570	3114	71377566
-2588	-15447	-7078	-81	-373	79	117	7	-57	3115	15575	3115	71377569
-2568	-15445	-7066	-75	-376	82	118	8	-56	3116	15580	3116	71377589
-2574	-15438	-7010	-70	-377	75	118	7	-60	3117	15585	3117	71377613
-2585	-15401	-7000	-78	-376	76	117	5	-65	3118	15590	3118	71377614
-2599	-15398	-7040	-84	-374	73	118	5	-63	3119	15595	3119	71377614
-2602	-15408	-7019	-80	-371	74	120	6	-60	3120	15600	3120	71377614
-2602	-15412	-7088	-87	-366	71	116	9	-63	3121	15605	3121	71377614
-2567	-15385	-7067	-100	-367	63	112	12	-66	3122	15610	3122	71377614
-2576	-15419	-7036	-93	-367	64	119	8	-62	3123	15615	3123	71377614
-2582	-15436	-7036	-88	-364	64	124	6	-60	3124	15620	3124	71377620
-2616	-15458	-7038	-98	-367	57	122	8	-61	3125	15625	3125	71377645
-2630	-15455	-7013	-101	-371	51	121	9	-61	3126	15630	3126	71377659
-2628	-15422	-7021	-96	-366	50	117	10	-64	3127	15635	3127	71377659
-2572	-15388	-7052	-91	-360	51	114	10	-66	3128	15640	3128	71377659
-2541	-15405	-7034	-95	-364	47	116	11	-62	3129	15645	3129	71377660
-2553	-15419	-6983	-94	-367	57	118	12	-60	3130	15650	3130	71377660
-2551	-15442	-7054	-86	-365	54	118	10	-63	3131	15655	3131	71377661
-2587	-15414	-7031	-87	-355	50	118	10	-64	3132	15660	3132	71377662
-2625	-15465	-7020	-92	-363	47	121	8	-59	3133	15665	3133	71377696
-2582	-15378	-7090	-88	-372	47	122	8	-58	3134	15670	3134	71377704
-2589	-15414	-7026	-81	-365	53	116	7	-60	3135	15675	3135	71377705
-2594	-15411	-6988	-78	-365	56	115	7	-61	3136	15680	3136	71377705
-2584	-15443	-6987	-83	-358	50	117	5	-59	3137	15685	3137	71377706
-2568	-15400	-7036	-76	-370	46	117	5	-59	3138	15690	3138	71377706
-2562	-15436	-7012	-81	-370	55	115	7	-59	3139	15695	3139	71377706
-2620	-15476	-7106	-94	-361	60	115	7	-59	3140	15700	3140	71377706
-2546	-15466	-7050	-97	-367	65	111	5	-63	3141	15705	3141	71377707
-2560	-15372	-7022	-99	-364	64	111	5	-63	3142	15710	3142	71377721
-2614	-15446	-7074	-80	-363	55	118	8	-56	3143	15715	3143	71377740
-2518	-15440	-7032	-81	-368	65	118	8	-56	3144	15720	3144	71377740
-2588	-15372	-6988	-98	-364	60	113	1	-53	3145	15725	3145	71377741
-2588	-15420	-7054	-98	-359	56	113	1	-53	3146	15730	3146	71377741
-2600	-15427	-6982	-99	-361	68	118	6	-56	3147	15735	3147	71377741
-2576	-15424	-7080	-88	-365	74	117	7	-57	3148	15740	3148	71377741
-2545	-15459	-7098	-94	-370	73	115	11	-61	3149	15745	3149	71377744
-2551	-15475	-7118	-95	-374	73	115	10	-61	3150	15750	3150	71377769
-2555	-15466	-7068	-95	-375	81	115	5	-59	3151	15755	3151	71377822
-2560	-15394	-7065	-96	-366	86	115	6	-59	3152	15760	3152	71377822
-2588	-15428	-7018	-100	-372	92	115	9	-61	3153	15765	3153	71377822
-2550	-15399	-7072	-100	-376	87	117	9	-61	3154	15770	3154	71377822
-2579	-15396	-7028	-97	-366	80	122	8	-60	3155	15775	3155	71377823
-2590	-15412	-7020	-103	-362	83	116	4	-57	3156	15780	3156	71377823
-2582	-15444	-6974	-112	-361	85	108	-2	-52	3157	15785	3157	71377823
-2577	-15417	-7035	-112	-363	86	111	3	-55	3158	15790	3158	71377823
-2620	-15390	-7036	-104	-364	86	116	10	-60	3159	15795	3159	71377826
-2642	-15415	-7029	-98	-362	84	117	10	-59	3160	15800	3160	71377842
-2619	-15426	-7046	-108	-363	79	119	9	-57	3161	15805	3161	71377861
-2576	-15432	-7048	-111	-367	84	117	9	-60	3162	15810	3162	71377862
-2588	-15452	-7072	-105	-368	86	115	9	-65	3163	15815	3163	71377862
-2576	-15455	-7103	-111	-370	78	119	9	-61	3164	15820	3164	71377863
-2560	-15475	-7083	-116	-375	77	121	9	-59	3165	15825	3165	71377863
-2601	-15443	-7070	-102	-377	78	117	4	-58	3166	15830	3166	71377863
-2563	-15395	-7062	-90	-379	71	114	0	-58	3167	15835	3167	71377863
-2577	-15391	-7086	-91	-385	70	119	2	-59	3168	15840	3168	71377864
-2600	-15389	-7086	-87	-394	62	122	4	-60	3169	15845	3169	71377864
-2582	-15399	-7101	-76	-387	55	118	7	-61	3170	15850	3170	71377864
-2611	-15434	-7059	-78	-381	56	115	9	-61	3171	15855	3171	71377864
-2591	-15441	-7035	-82	-379	62	117	8	-63	3172	15860	3172	71377865
-2590	-15387	-7059	-77	-376	67	118	8	-64	3173	15865	3173	71377866
-2602	-15395	-7074	-79	-365	72	119	7	-65	3174	15870	3174	71377903
-2649	-15461	-7078	-86	-368	83	119	7	-65	3175	15875	3175	71377912
-2631	-15436	-7044	-82	-372	79	112	8	-64	3176	15880	3176	71377913
-2622	-15484	-7106	-95	-374	83	110	8	-64	3177	15885	3177	71377913
-2579	-15472	-7082	-103	-377	90	116	2	-62	3178	15890	3178	71377913
-2622	-15472	-7096	-84	-376	88	118	0	-62	3179	15895	3179	71377914
-2590	-15524	-7018	-88	-366	78	114	0	-66	3180	15900	3180	71377914
-2690	-15456	-7122	-66	-350	91	114	0	-66	3181	15905	3181	71377915
-2600	-15486	-7064	-60	-348	103	118	8	-56	3182	15910	3182	71377915
-2598	-15456	-7102	-60	-333	87	118	8	-56	3183	15915	3183	71377918
-2570	-15420	-7126	-76	-313	79	119	7	-61	3184	15920	3184	71377946
-2578	-15462	-7044	-115	-314	78	119	7	-61	3185	15925	3185	71377946
-2592	-15438	-7050	-115	-321	65	118	10	-62	3186	15930	3186	71377946
-2570	-15402	-7024	-113	-330	61	118	10	-62	3187	15935	3187	71377946
-2568	-15372	-7052	-97	-353	61	117	7	-61	3188	15940	3188	71377946
-2570	-15405	-7006	-97	-369	78	117	6	-60	3189	15945	3189	71377946
-2583	-15414	-7066	-88	-377	90	118	2	-56	3190	15950	3190	71377948
-2573	-15374	-7068	-90	-383	101	118	2	-56	3191	15955	3191	71377961
-2579	-15360	-7033	-92	-383	106	118	4	-58	3192	15960	3192	71377983
-2564	-15321	-7014	-96	-381	101	118	5	-58	3193	15965	3193	71377984
-2586	-15382	-7101	-87	-380	92	120	8	-60	3194	15970	3194	71377984
-2624	-15429	-7062	-88	-381	83	120	7	-60	3195	15975	3195	71377984
-2666	-15384	-7038	-91	-378	88	121	5	-61	3196	15980	3196	71377985
-2664	-15442	-7035	-85	-370	79	120	6	-59	3197	15985	3197	71377985
-2664	-15449	-7101	-84	-354	70	119	7	-55	3198	15990	3198	71377985
-2643	-15414	-7141	-66	-346	67	118	8	-57	3199	15995	3199	71377986
